#        weight    minuslogpost        omegabh2        omegach2              H0            logA              ns             tau      mnu_sample        A_planck      TT_tSZ_Amp      TT_kSZ_Amp              As             mnu       chi2__CMB   minuslogprior minuslogprior__0            chi2 chi2__sbt_spt_audit.likelihoods.candl_cobaya.CandlCobayaLikelihood chi2__sbt_spt_audit.likelihoods.desi_dr2_bao.DESIDR2BAOGaussian chi2__planck_2018_lowl.TT chi2__planck_2018_lowl.EE_sroll2 chi2__planck_2018_highl_plik.TT_lite_native chi2__planckpr4lensing.PlanckPR4Lensing
              2       1532.0788     0.022786579      0.11441095       69.020218       3.0236738      0.97851028     0.057501861     0.053010324      0.99304295       2.2836707       9.8674989   2.0566712e-09     0.053010324       504.51019       5.7934714        5.7934714       3052.5706                                                          2536.8402                                                       11.220238                 21.112496                        390.23647                                   79.249719                               13.911505
              1        1528.059     0.022823592      0.11464561       69.031609       3.0305979      0.97983541      0.05883743      0.04750032      0.99474597       2.2871204       9.3654695   2.0709612e-09      0.04750032       502.08213       5.7934714        5.7934714       3044.5311                                                          2531.3337                                                       11.115246                 21.003505                        390.28194                                   78.859849                               11.936833
              5       1528.2222     0.022823592      0.11464561       69.031609       3.0305979      0.97983541      0.05883743      0.04750032      0.99528456       2.2871204       9.3654695   2.0709612e-09      0.04750032       502.40857       5.7934714        5.7934714       3044.8575                                                          2531.3337                                                       11.115246                 20.955094                        390.30469                                   78.788949                               12.359832
              4       1528.1918     0.023003148      0.11496476       69.444144       3.0397488      0.98888735      0.06703775     0.044901844      0.99014604       2.3008204       9.1342134   2.0899992e-09     0.044901844       499.45342       5.7934714        5.7934714       3044.7966                                                          2532.9037                                                       12.439477                 20.314393                        391.97776                                   76.822735                                10.33853
              2       1528.8024      0.02284001      0.11500216        68.53681       3.0728417      0.97963163     0.072488859      0.18325283       1.0020597       2.2799255       9.0880104   2.1603206e-09      0.18325283        499.2207       5.7934714        5.7934714       3046.0178                                                          2536.2252                                                       10.571882                 21.228998                        395.04483                                   69.720187                                13.22669
              1       1528.9304     0.022775641      0.11535671       68.360957       3.0800611      0.97883584     0.075830169      0.17159596       1.0022118       2.2791813       9.0408325   2.1759733e-09      0.17159596       499.30078       5.7934714        5.7934714       3046.2738                                                          2535.6418                                                        11.33127                 21.400791                        397.28285                                   69.815757                                10.80138
              5       1528.7368     0.022775641      0.11535671       68.360957       3.0800611      0.97883584     0.075830169      0.17159596       1.0022118       2.5001418       9.1049002   2.1759733e-09      0.17159596       499.30078       5.7934714        5.7934714       3045.8866                                                          2535.2546                                                        11.33127                 21.400791                        397.28285                                   69.815757                                10.80138
              2       1525.9041     0.022754174      0.11488797       68.620994        3.072355      0.98415549     0.073655094      0.14836418       1.0008794       2.5065319       8.8413453   2.1592693e-09      0.14836418       498.68165       5.7934714        5.7934714       3040.2213                                                          2531.1268                                                       10.412788                  20.69343                        395.55991                                   71.363653                               11.064662
              2       1527.1569     0.022754174      0.11488797       68.620994        3.072355      0.98415549     0.073655094      0.14836418       1.0022016       2.5065319       8.8413453   2.1592693e-09      0.14836418        501.1873       5.7934714        5.7934714       3042.7269                                                          2531.1268                                                       10.412788                 20.590094                        395.52773                                   73.056562                               12.012907
              1        1521.646     0.022704823      0.11642027       68.883033       3.0535501      0.97317814     0.063578297     0.015914357       1.0018284       2.4981318       9.2953182   2.1190439e-09     0.015914357       497.35552       5.7934714        5.7934714       3031.7051                                                          2523.7412                                                       10.608307                 21.918517                        391.21788                                   75.620136                               8.5989841
             10       1523.4442     0.022646787      0.11541431       68.814214       3.0641401      0.97646313     0.069787378      0.06512421       1.0022274       2.4969016       9.3323831   2.1416038e-09      0.06512421       498.95116       5.7934714        5.7934714       3035.3014                                                          2525.8186                                                        10.53163                 21.487336                        393.69645                                   74.245817                               9.5215549
              1       1522.1076     0.022687756      0.11624843       68.984172       3.0586079      0.97587079     0.067336456     0.017817141       1.0007314       2.4997107       9.3143125   2.1297888e-09     0.017817141       497.31394       5.7934714        5.7934714       3032.6283                                                          2524.7043                                                       10.609968                 21.600076                        392.56462                                    74.68332                               8.4659222
              2       1523.1342     0.022662224      0.11624165       69.046655       3.0624736      0.97377061     0.068924982     0.027805676       1.0012406       2.4939711       9.6494851   2.1380378e-09     0.027805676       497.02709       5.7934714        5.7934714       3034.6815                                                           2526.925                                                       10.729462                 21.990064                        393.41989                                   73.014299                               8.6028361
              1       1523.9625     0.022598909      0.11637891        69.01764       3.0648133      0.97145414     0.069550065     0.015195939       1.0019823       2.4897637       9.7881192    2.143046e-09     0.015195939       497.63039       5.7934714        5.7934714       3036.3381                                                          2528.0126                                                       10.695085                 22.384058                        393.86754                                     73.0118                               8.3669961
              1       1525.8727     0.022598909      0.11637891        69.01764       3.0648133      0.97145414     0.069550065     0.015195939       1.0019823       1.9316304       9.5460026    2.143046e-09     0.015195939       497.63039       5.7934714        5.7934714       3040.1584                                                           2531.833                                                       10.695085                 22.384058                        393.86754                                     73.0118                               8.3669961
              5       1525.7628     0.022577469      0.11635576       69.036455       3.0643803      0.97190473      0.06955287     0.012173702       1.0018192       1.9316071       9.5681074   2.1421182e-09     0.012173702       497.30205       5.7934714        5.7934714       3039.9386                                                          2531.8511                                                       10.785361                 22.293968                        393.87233                                   72.761146                               8.3746042
              5       1524.6356     0.022577469      0.11635576       69.036455       3.0643803      0.97190473      0.06955287     0.012173702      0.99897852       1.9316071       9.5681074   2.1421182e-09     0.012173702       495.04777       5.7934714        5.7934714       3037.6843                                                          2531.8511                                                       10.785361                 22.672236                         393.8933                                   70.298596                               8.1836381
              3       1524.2278     0.022725372      0.11634845       69.182194       3.0611148       0.9745551     0.068149063     0.026858021       0.9980742        1.937725        9.353001   2.1351346e-09     0.026858021       494.04526       5.7934714        5.7934714       3036.8686                                                          2531.7884                                                       11.034936                 22.245991                        392.99886                                   70.587181                               8.2132303
              8       1521.4804     0.022725372      0.11634845       69.182194       3.0611148       0.9745551     0.068149063     0.026858021       0.9980742        2.424344       9.7852289   2.1351346e-09     0.026858021       494.04526       5.7934714        5.7934714       3031.3738                                                          2526.2936                                                       11.034936                 22.245991                        392.99886                                   70.587181                               8.2132303
