#                 weight             minuslogpost                 omegabh2                 omegach2                       H0                     logA                       ns                      tau               mnu_sample                 A_planck               TT_tSZ_Amp               TT_kSZ_Amp                       As                      mnu                chi2__CMB            minuslogprior         minuslogprior__0                     chi2 chi2__sbt_spt_audit.likelihoods.candl_cobaya.CandlCobayaLikelihood chi2__sbt_spt_audit.likelihoods.desi_dr2_bao.DESIDR2BAOGaussian chi2__planck_2018_lowl.TT chi2__planck_2018_lowl.EE_sroll2 chi2__planck_2018_highl_plik.TT_lite_native chi2__planckpr4lensing.PlanckPR4Lensing
                       4       947.19992847570916     0.022249039473052186      0.11767627584009138       68.242665600266989       3.0435201043721301      0.96973400887146644     0.055604805108733786     0.052576629111297297       1.0008031676385594       1.1510232480577152       2.2684636259106701    2.097896154515672e-09     0.052576629111297297       490.87419465857624       5.7934714303969193       5.7934714303969193       1882.8129140906244                                                 1380.2533810389552                                              11.685338393092952        22.504463697207086               390.12323123491387                           69.74608148728511                       8.500418239170175
                       1        947.0051826826865     0.022220260753463374      0.11763930284734095       68.266662861434639       3.0389204349026775      0.96969979555732477     0.053557487578101165     0.047111424645987318       1.0006360847003413       1.1503422381171284       2.3453917800922923   2.0882686841883242e-09     0.047111424645987318       491.44244463177017       5.7934714303969193       5.7934714303969193       1882.4234225045791                                                 1379.5480255717644                                              11.432952301044573        22.441433517933604               390.34624448754658                          70.013882591433898                      8.6408840348560485
                       5       946.54418244540898     0.022182843220524762      0.11776002789605165        68.56907319962319       3.0422149002722283       0.9672494301070973     0.053806931093971111    0.0088417965317031944        1.004845384859778       1.3349913172899139       2.4092671084554897   2.0951597580200599e-09    0.0088417965317031944       490.61048617501945       5.7934714303969193       5.7934714303969193       1881.5014220300241                                                 1380.5266994284559                                               10.36423642654861        22.574001753087146               390.22669065937112                           68.94095879025204                      8.8688349723091786
                      10       946.45283026968889     0.022182296125379065      0.11786184107146198       68.557461273255115       3.0419365637336617      0.96695669142275209     0.053136290186679445    0.0051880215883841315       1.0052622806447813        1.335968583762428       2.3580192151117711   2.0945766796550397e-09    0.0051880215883841315       490.71601546805869       5.7934714303969193       5.7934714303969193       1881.3187176785839                                                 1380.1963987873166                                              10.406303423208422        22.612980208275019               390.34817854592836                          68.946809127459233                      8.8080475863960999
                       6       946.60522803379251     0.022184945827376096      0.11779012675447392       68.538743426951498       3.0438987021351678      0.96652010037923974     0.053960338350666749     0.012395227769781879       1.0056689134229206       1.3356558776072491       2.3885157584485937   2.0986905636781338e-09     0.012395227769781879       490.66657526924217       5.7934714303969193       5.7934714303969193       1881.6235132067911                                                 1380.5396081806427                                              10.417329756906199        22.699867120485976               390.20366511374419                          68.932850158383815                      8.8301928766281748
                      11       947.13054415552176      0.02208879842530441      0.11797365929388902        68.22950900214434       3.0537696013866555       0.9638229037593018     0.058513143863331715     0.023461562062303803       1.0056001429037451       1.3334618394842488       2.5889354795613921   2.1195091066252295e-09     0.023461562062303803       489.90602813961016       5.7934714303969193       5.7934714303969193       1882.6741454502496                                                 1381.3294237097671                                              11.438693600872208        23.412348760864006               390.24244000689293                          67.937509193129216                      8.3137301787239952
                      12       946.81082571639331     0.022061744022755861      0.11772293896418193       68.330658070649562       3.0500087893184409      0.96520572734433185     0.056936135324856432     0.021062499695950632       1.0055692976380899       1.3342086909469957       2.5957934525958195   2.1115530012842334e-09     0.021062499695950632       490.00160335394855       5.7934714303969193       5.7934714303969193       1882.0347085719927                                                 1381.2790159066494                                              10.754089311394814        23.053682098819309               390.09505997288107                          68.386361734921536                      8.4664995473266202
                       6       945.36964147247897     0.022171971507081716      0.11746835872566128       68.625433805033111        3.050801072304242      0.96391757670903699       0.0565362689242941     0.019351281853985942       1.0065007118596005       1.4504184414694408       1.8508764091022987   2.1132266116997513e-09     0.019351281853985942        489.4099084996443       5.7934714303969193       5.7934714303969193       1879.1523400841641                                                 1379.4613436312438                                              10.281087953276137        23.394523117326344               390.00304930159558                          67.366104426335696                      8.6462316543866393
                      14       945.16726776244207     0.022175812090103372      0.11739346858550756       68.669133509904327       3.0508937892483265      0.96357248552800923     0.056568510585609647     0.016949610035025223        1.006643780905276       1.3950953400860446       2.1551872392176197   2.1134225526967315e-09     0.016949610035025223       489.47794562592281       5.7934714303969193       5.7934714303969193       1878.7475926640902                                                 1378.9712612321641                                              10.298385806003283        23.469114487285196               389.98924519322861                          67.346278839493209                      8.6733071059158213
                       6       946.61872512274306     0.022252401406789152       0.1168290222367428       68.886358630436277       3.0488635620934939      0.96669146420227436     0.057525719982614042     0.021845232382266676       1.0050210400768926       1.2595189969119713       2.5153952987936807   2.1091361774706066e-09     0.021845232382266676       489.60755287076046       5.7934714303969193       5.7934714303969193       1881.6505073846922                                                 1381.2139143963157                                              10.829040117616069        22.890227227009348               390.10896105904681                          67.409674335940821                      9.1986902487634943
                      10       947.89224944280249     0.022259612914670504       0.1169593400726063        68.42665390657109       3.0417786396621147      0.96380487117185043     0.053643953323731647     0.043079074131887635       1.0053282711865386       1.2594400082018811       2.5335983112324252   2.0942459216956304e-09     0.043079074131887635       491.33247466738254       5.7934714303969193       5.7934714303969193       1884.1975560248111                                                 1382.2251268275663                                              10.639954529862029        23.275621396785141               390.17722897043257                          68.165625634531096                      9.7139986656337243
                       6       948.08448364783294      0.02215192752462589      0.11777829822988051       68.172210453827688       3.0515973710694979       0.9646656598569977     0.057792396063801856     0.036791383684178634       1.0067358842001117       1.2604757971268141       2.4974995698590896   2.1149100416089786e-09     0.036791383684178634       492.47393202605758       5.7934714303969193       5.7934714303969193        1884.582024434872                                                  1380.174222624368                                              11.933869784446234        22.998291708959812               390.14778339566243                          70.613030740836308                      8.7148261805990845
                       8       948.30423545992596     0.022162363530110203      0.11762144444978019       68.123383772294886       3.0480767554139439      0.96549968504973593     0.056791446479124714     0.051540243854851425       1.0060275722157981       1.2594845587778962       2.5591164942020637   2.1074773477128359e-09     0.051540243854851425       492.57724316397395       5.7934714303969193       5.7934714303969193        1885.021528059058                                                 1380.3077023455905                                               12.13658254949349        22.790141749644874               390.07785059006437                          70.416027282357987                      9.2932235419067108
                       9        949.1029555171973     0.022221073071394211      0.11696249296257677       68.299098138372443       3.0400475449963498      0.96549142544892008     0.053887975463166371     0.069453900795298201       1.0055265450314121       1.2567121869454374        2.739249608407833   2.0906237198434863e-09     0.069453900795298201       494.29683470973424       5.7934714303969193       5.7934714303969193       1886.6189681736007                                                 1381.4502379572875                                              10.871895506579072        22.709952699389191               390.20461191470895                          69.577266757837876                      11.805003337798203
                       2       948.76480987682521     0.022288776314908738      0.11700858382366934       68.447841368508719       3.0398537178630503      0.96556109725546801     0.053697300591284046     0.057856620595669442       1.0054007732383328       1.2573844832690682       2.6184570511946976   2.0902185395098011e-09     0.057856620595669442       493.96548060850046       5.7934714303969193       5.7934714303969193       1885.9426768928565                                                 1381.4215707089613                                              10.555625575394711        22.750082017335444               390.25454923831148                          69.636127871278177                      11.324721481575326
                       9       947.45949821451848     0.022280398676533118      0.11733488061468196       68.559417622959117       3.0422722996584133      0.96444182231694298     0.054470182496764996     0.037535086334174947       1.0056794310409587       1.1928556496400609       2.5035144982941397   2.0952800223556461e-09     0.037535086334174947       493.49872666363308       5.7934714303969193       5.7934714303969193       1883.3320535682431                                                 1379.4509507470004                                              10.382376157609551        23.018523867229135               390.12240201763626                          70.110351959251787                      10.247448819515894
                      12       947.66560897495776     0.022315949365661156      0.11753054650365252       68.630800574157917       3.0426746550965844      0.96309004660794928     0.054015629590835133     0.025566627433421883       1.0061543504953336       1.1708927439956585       2.5125221316509028   2.0961232392922167e-09     0.025566627433421883       493.86811431006339       5.7934714303969193       5.7934714303969193       1883.7442750891216                                                 1379.5212162910436                                               10.35494448801456        23.319777796013113               390.11675004011028                          70.623204562794825                      9.8083819111452168
                       5       946.43803599561545      0.02230175681374633       0.1175730915546558       68.738378056464526       3.0415270958879366      0.96459514074098729     0.053804168265601519    0.0080294248691184164       1.0051491965423465       1.1720596894217932       2.4235870689616195   2.0937191934228163e-09    0.0080294248691184164       491.73126719679425       5.7934714303969193       5.7934714303969193        1881.289129130437                                                 1379.2606642488388                                              10.297197684804079        23.086269548716075               390.18645860080284                          69.140306194220585                      9.3182328530548038
                       3       946.98755238719082     0.022290838907043066      0.11770889478035299       68.557401978022412        3.051973415081763      0.96393736400921992     0.058907043437251172     0.013747517933074417       1.0053101646384919       1.1258254214943946       2.3795647998330716   2.1157054904191129e-09     0.013747517933074417       491.73403730827101       5.7934714303969193       5.7934714303969193       1882.3881619135877                                                 1380.1015318174771                                              10.552592787839822        23.362718010485196               390.23447880944991                          69.627331374646573                      8.5095091136893046
                      14        946.6962013970026     0.022278841711717547      0.11800711728706473       68.530729156722572       3.0433741111671804      0.96478671648732617      0.05489099243496165     0.013763141442948545       1.0009442670869837       1.1247083239991065       2.4614595186899955   2.0975898982886307e-09     0.013763141442948545        491.0387504959794       5.7934714303969193       5.7934714303969193       1881.8054599332113                                                 1380.1088428731764                                              10.657866564055331        23.616914858524297               390.01658976864036                          69.119176686157914                      8.2860691826568118
                       4       946.73500936166272     0.022280296678154347      0.11794177459779233       68.569786441345968       3.0441365964827738      0.96461331888661384     0.055222949021542789     0.013151427874084697       1.0011002054472253       1.1245631536290275       2.4751004315778382   2.0991898896916703e-09     0.013151427874084697       491.04678216878642       5.7934714303969193       5.7934714303969193       1881.8830758625315                                                 1380.3116895357848                                              10.524604157960267        23.665847654678373               390.01332973308439                          69.085296831405856                      8.2823079496177794
                       9       946.48071849599251      0.02228999986823979      0.11822837033201956       68.577304097210629       3.0454655868582026      0.96391999235805559     0.055541988895503942    0.0025144863027821793       1.0034009072888643       1.1244112832036339       2.4479948528712994   2.1019815474835473e-09    0.0025144863027821793       489.42206658351625       5.7934714303969193       5.7934714303969193       1881.3744941311911                                                 1381.3335354236619                                              10.618892124012849        23.506521219089052               389.98471507621298                          67.524880562239801                      8.4059497259744589
                      11       945.78369591777766     0.022284513762626412      0.11823255970257592       68.475086832172764       3.0433662578440317      0.96471340276419415     0.054677959974275006    0.0076450667200888035       1.0022496013963109       1.1918610494287183       2.1094173194851678   2.0975734253020099e-09    0.0076450667200888035       489.12991687649355       5.7934714303969193       5.7934714303969193       1879.9804489747614                                                 1379.8383997650776                                              11.012132333190324        23.423267131913747               390.03599620665722                          67.348268705731243                      8.3223848321913376
                       1       947.31098442906625     0.022326530127383958      0.11824771159027592        68.50219299269078       3.0408996209337702      0.96403039676396474     0.054389979897321049    0.0079821285238521143       1.0011957054088789       1.1889147344839883       2.2189400606811378   2.0924058491562941e-09    0.0079821285238521143       489.46857261515294       5.7934714303969193       5.7934714303969193       1883.0350259973386                                                 1382.5425305729348                                              11.023922809250799        23.595431694015588               390.06678459909699                          67.448604493612621                      8.3577518284277783
                       2       948.28102919102628     0.022338394168027579      0.11804570637913687       68.422334131640156        3.038718775820314       0.9666436695045324     0.054568758724630295     0.025936755568845921      0.99993394838189031       1.0901757393440936       2.7479892767117051   2.0878476083000581e-09     0.025936755568845921        489.2973532890731       5.7934714303969193       5.7934714303969193       1884.9751155212587                                                  1384.376225396863                                               11.30153683532261        23.039435154492878               390.10322407071857                          67.633231406859835                      8.5214626570017789
                       1       949.67896409452476     0.022385750098458734      0.11795197488150602       68.425765898142643       3.0355694050066755      0.96295616931955852     0.052772736506289442     0.028339946697167238       1.0004003213168491       1.2084309625499383       2.3765434684620681   2.0812825453143486e-09     0.028339946697167238       491.01099981475483       5.7934714303969193       5.7934714303969193       1887.7709853282556                                                 1385.3256492861426                                               11.43433622735858        23.768323552875245                390.3097708496806                          68.163136610873025                      8.7697688013259381
                       3       950.03583129221852     0.022320905737472058      0.11765319238368947       68.693176162551438       3.0340232597345143      0.96253266030595741     0.051586981096875067    0.0047679032525774281       1.0038912575864203       1.3182146626211517       2.4091396443585298   2.0780670665860635e-09    0.0047679032525774281        494.3613387412268       5.7934714303969193       5.7934714303969193       1888.4847197236431                                                 1383.7805935834037                                              10.342787399012593        23.397594954702754               390.60568314269221                          70.295197012765854                      10.062863631065989
                       4       951.34034629235714     0.022314128465370845       0.1172960915585583       68.606785070444644       3.0396538392753549      0.96155941789107235     0.053624320627260635     0.021228452116489192       1.0059607450081256        1.477462455887127       2.2479666269600309   2.0898007913309981e-09     0.021228452116489192        496.9340333267686       5.7934714303969193       5.7934714303969193       1891.0937497239204                                                 1383.7567962548462                                               10.40292014230592        23.518036083936636               390.15004811818176                          72.856784906584011                       10.40916421806614
                       2       947.00389351051763     0.022190279488993769      0.11762859464108351       68.438150414021308       3.0581025136786528      0.95961177163898226     0.057614305325539045     0.017527608117015644       1.0086050847417471       1.4869206752241093       1.8992344191461712   2.1287126784219281e-09     0.017527608117015644       490.54447241171027       5.7934714303969193       5.7934714303969193       1882.4208441602414                                                 1381.1922410745258                                              10.684130674005257        24.484851191863697               390.02887955742784                           67.81057026220067                      8.2201714002181028
                       1       947.89120076517952     0.022224791047665022      0.11774290010461654       68.484421194173308       3.0617700813148594      0.95964242376114017     0.059758861907726862     0.012011460230870488       1.0081026472107937       1.3410185763876392       1.5247591068510691   2.1365342103795094e-09     0.012011460230870488       491.15606860476151       5.7934714303969193       5.7934714303969193       1884.1954586695651                                                 1382.3837502764752                                              10.655639788328152        24.604146753732607               390.45496978125192                           67.86387454280667                      8.2330775269703125
                       3       947.93093463524679     0.022192774762949608      0.11786924591445706       68.475409778862414       3.0620553082505038      0.95911236083016416     0.059839993873446365     0.001319943425735208       1.0067234258044575       1.5061917632103903       1.5311442433236657   2.1371436944017333e-09     0.001319943425735208       492.72821864959388       5.7934714303969193       5.7934714303969193       1884.2749264096997                                                 1380.8590356353679                                              10.687672124737574        24.970507574947874               390.50296573360373                          68.770371217839838                      8.4843741232024552
                       8       949.38005616914245     0.022186633831211111      0.11795565594209992       68.447187489569728        3.061860295660102      0.96047085146788669      0.05992223410415129    0.0065846574889483729       1.0063049362835526      0.91585807720987122        2.594265417624686   2.1367269651088772e-09    0.0065846574889483729       492.03298765128159       5.7934714303969193       5.7934714303969193        1887.173169477491                                                 1384.3705471209012                                              10.769634705308087        24.649116413446507                390.4843586353183                          68.357678744093761                      8.5418338584230309
                       1       949.14761316391537     0.022213509315801676      0.11817634227778671       68.286056920500442       3.0609847049077579      0.96051754818252444     0.059434519967148665     0.018055399487585371       1.0081594922516781        0.916051251052727       2.5465775271049864   2.1348568855695952e-09     0.018055399487585371       490.91137281699849       5.7934714303969193       5.7934714303969193       1886.7082834670368                                                 1384.0316014566488                                               11.76530919338966        24.261511030005465               390.36755458924392                          68.007098763561572                      8.2752084341875207
                       8       954.06001356656714     0.022119321278394749      0.11786303383553699       67.995274019102453       3.0547460082405338      0.95584763994755828     0.054921074883371675     0.050209688928345042       1.0129386590935565      0.91149295824570975        3.136687351309384   2.1215796205112733e-09     0.050209688928345042       499.33503935483992       5.7934714303969193       5.7934714303969193       1896.5330842723404                                                 1384.0093948897284                                              13.188650027771869        24.628364186386534               389.91408214518214                          75.446595263417436                      9.3459977598537929
                       2       952.20654103275763     0.022084380057237171      0.11818058986325242       68.048298828356621       3.0548698004908599      0.95457551080516589     0.054686511325120819     0.025386540960819548       1.0130346918597202       1.4936434349157106       2.0693968299800432    2.121842271883509e-09     0.025386540960819548       499.45481078565393       5.7934714303969193       5.7934714303969193       1892.8261392047214                                                 1380.4109225933285                                              12.960405825738935        24.957819491678549               389.88333467249828                          75.919617660450896                      8.6940389610262105
                       4       948.25560506507259     0.022064435084999862      0.11806505099908955       68.104839622775785       3.0555959944546163      0.95467767849259466     0.055039219872853012     0.025282351084385393       1.0104764117064404       1.1632250163513222       2.4864172835133034   2.1233837005537516e-09     0.025282351084385393       492.25722624717446       5.7934714303969193       5.7934714303969193       1884.9242672693513                                                 1380.4036482614636                                              12.263392760713273           25.439644059871               389.81290454619983                           68.73306117080007                      8.2716164703035915
                       2       947.71423453116688     0.022206783490623973      0.11776073235196086        67.98861839167391       3.0556823142281844      0.96109431755904551     0.057960280105532579     0.063695927261005342       1.0074548977233098       1.1650107973136541       2.1683886824523726    2.123566998464985e-09     0.063695927261005342       490.68040915168217       5.7934714303969193       5.7934714303969193       1883.8415262015399                                                 1379.5441598811153                                              13.616957168742122        23.952697607837422               390.13687729694487                          67.991960731129367                      8.5988735157705047
                       1       948.60871273149712     0.022234241294816093       0.1181202494550134       68.100799831206047       3.0556710598923877       0.9607056421747292     0.056916313237154535     0.051244044448239726       1.0079234896849141      0.96646953356702758       2.8377607126411024   2.1235430992633829e-09     0.051244044448239726       490.29452213218599       5.7934714303969193       5.7934714303969193       1885.6304826022003                                                 1382.3040963530923                                              13.031864116922234        24.100044484884677               389.94676979402038                          67.844237968021474                      8.4034698852594989
                       1       947.87931965456607     0.022238050449108135      0.11814084861217507       68.086485099714594       3.0557705939674635      0.96055461185147961     0.057064629923504667     0.052888220710541306       1.0077932077186211        1.147541897056449       2.6758048597578399   2.1237544746810053e-09     0.052888220710541306       490.41207153866753       5.7934714303969193       5.7934714303969193       1884.1716964483383                                                 1380.5702579421536                                              13.189366967517387        24.143469458816128               389.97928523372326                          67.879326002327616                      8.4099908438005126
                       1       947.73391038255374     0.022222223147247266      0.11819311436746419        68.14820717200071       3.0560104758502482      0.96073428975510122      0.05739641432003794     0.041074857078467857       1.0057412064424354       1.5346546720792824       1.8364780868903967   2.1242639860117893e-09     0.041074857078467857       490.59724029424285       5.7934714303969193       5.7934714303969193       1883.8808779043136                                                 1380.6047401239487                                              12.678897486122091        24.427982591502825               390.03281347703211                          67.850980584105898                      8.2854636416020195
                       1       947.49773437508497     0.022193446959832556      0.11844885268851219       68.096334441844235       3.0534373213109185       0.9607349629415366     0.055938210723959901     0.035237597210689253        1.007529319386681       1.5345948574130148       1.8580085496154186    2.118804952973348e-09     0.035237597210689253        490.1723854544407       5.7934714303969193       5.7934714303969193       1883.4085258893761                                                  1380.018417177246                                               13.21772325768935        24.059272643946372               389.92902584280404                          67.868532568573158                      8.3155543991171257
                       2       947.24912708404418     0.022187077749984407      0.11869875919050644       68.163307989255173       3.0577173377884015      0.95980220914665104     0.056842978146204343     0.023843414091374117       1.0062558707850116       1.3075587943142717       1.9214112239115522   2.1278929075090582e-09     0.023843414091374117       491.48799403142334       5.7934714303969193       5.7934714303969193       1882.9113113072945                                                 1378.6103309531602                                               12.81298632271087        24.751642576915856               389.96387020227093                          68.116407737860968                      8.6560735143755636
                       1       947.27663095853961     0.022203323113768166       0.1187935340902541       68.161380898744483       3.0576585538103029      0.95961759545936842     0.056921841446585596     0.022064533640637839       1.0059897339172492       1.3428649990712123       1.9334094414917256   2.1277678251754418e-09     0.022064533640637839       491.68895866293013       5.7934714303969193       5.7934714303969193       1882.9663190562853                                                 1378.2634149148782                                              13.013945478476803        24.824025764871863               389.96204661925219                          68.173881501735565                      8.7290047770705357
                       6       947.61398098818449     0.022181727234615287      0.11871165623496537       68.110511276711577       3.0587723903643833      0.95911190075324493     0.057465958209282644     0.030748398995319465       1.0061951597709244       1.3419860321343813       2.0235632275346966   2.1301391311361883e-09     0.030748398995319465       491.83202961896234       5.7934714303969193       5.7934714303969193       1883.6410191155751                                                 1378.6017217910885                                              13.207267705524044        24.942290793961774               390.07593666214115                          68.194651222477432                      8.6191509403819939
                       2       946.97925827085589     0.022139199074534134      0.11872095516079277       68.083165898374375       3.0578192457740694      0.95783031722096446     0.056024729311032063     0.024744993069004524        1.008647433631054       1.4059235136359498       1.9344660562509386   2.1281097678386916e-09     0.024744993069004524       490.56527094290641       5.7934714303969193       5.7934714303969193       1882.3715736809179                                                 1378.5165225232281                                              13.289780214783095        24.932005933215521                389.9342798848362                          67.308125888420946                      8.3908592364337302
                      16        946.4803822818991     0.022118715593372869      0.11829129124119984       68.051725375274529       3.0578319553842923      0.96019303154571056     0.057268447551857678     0.039921518696836994       1.0078828067230634       1.1847833003104202       2.2711808115991219    2.128136815456234e-09     0.039921518696836994       489.76811091229973       5.7934714303969193       5.7934714303969193       1881.3738217030043                                                 1378.6025428230894                                              13.003167967615449        24.323124877344128               390.04950119381687                          67.112049508252639                      8.2834353328860715
                      22       946.66895801974181     0.022124614425120256      0.11882590584551729       68.113158186316426       3.0573603215899237      0.95897790592423959     0.057441195034445759    0.0096072820649904488       1.0075743332675611       1.1823831958640376       2.3213503423388335   2.1271333508675314e-09    0.0096072820649904488       490.75431894543982       5.7934714303969193       5.7934714303969193       1881.7509731786897                                                 1377.8325704215185                                              13.164083811731501        24.576234279105563               390.06236339819549                          67.680985478083002                      8.4347357900557647
                       1       948.52139463296578     0.022042703773543348      0.11863478246941338       67.745053538763855       3.0558485576172587      0.96252003104004435     0.057953073716929836     0.052415113720950854       1.0064171990405231       1.3758451815805861       1.9102932710210934   2.1239200567857289e-09     0.052415113720950854       490.28778158702329       5.7934714303969193       5.7934714303969193       1885.4558464051377                                                 1379.0267413918032                                              16.141323426311061         23.64629627720268               390.20247098284767                          68.079507023356953                      8.3595073036160183
                       2       947.59933169668932     0.022130520937865921      0.11757859872355422        68.19500225551981        3.054700113408888      0.96929476013425087     0.060665310039180041     0.059319495344089701        1.003864576646478       1.3765092068580858       1.7622865380710291   2.1214822532061118e-09     0.059319495344089701       491.02477886413038       5.7934714303969193       5.7934714303969193       1883.6117205325847                                                 1381.2200298825087                                              11.366911785945561        22.400965159348516               390.68947747379895                          69.247233304860288                      8.6871029261226163
                       2       948.07549233988584      0.02209716152870856      0.11784981272650656       68.395395848434518       3.0420987122397531       0.9701611684110989      0.05609264970606604     0.025880334073934252      0.99995108142781475       1.3726024979251343       1.9661885637392127   2.0949163396714776e-09     0.025880334073934252       492.17177147807269       5.7934714303969193       5.7934714303969193       1884.5640418189778                                                 1381.7902255996951                                              10.602044741209902        22.384766580935491               390.14467318868992                          71.151708733132608                        8.49062297531467
                      15       947.47143808653243      0.02212021825506361      0.11842902004600658        68.32238226568812       3.0463862733914464      0.96663048616776515     0.056680758770137389    0.0072865148072054874       1.0010013368985149       1.3726100903242375       1.9132659873625517   2.1039177047476346e-09    0.0072865148072054874       490.80771020578158       5.7934714303969193       5.7934714303969193        1883.355933312271                                                 1381.2516736776236                                              11.296549428865928        23.117861147075359               390.08829888103423                          69.181371619169653                      8.4201785585023092
                      16       948.41819205468892     0.022119989329596246      0.11843232116257374       68.324232621180471       3.0463828485668554      0.96663158573478314     0.056676526326679945    0.0069721980848280333        1.003989258252614       1.1185305058170889        2.466358771760246   2.1039104992108806e-09    0.0069721980848280333       492.60765277862731       5.7934714303969193       5.7934714303969193       1885.2494412485839                                                 1381.3535333443037                                              11.288255125653011        22.694987489249513               390.07244015751149                          71.302142524926353                      8.5380826069399696
                       3       947.75533300149436     0.022115802412699451       0.1182086514441554       68.244585062250323       3.0462657115802672      0.96705226169824077     0.056804353488911635     0.020840549073632961       1.0037695130433573       1.1304862284823367       2.7933291013053663   2.1036640679083438e-09     0.020840549073632961       491.74492966372941       5.7934714303969193       5.7934714303969193       1883.9237231421948                                                 1380.6071707374178                                              11.571622741047335        22.626573325389074               390.11506400480215                          70.424712990521726                      8.5785793430165036
                       2       947.87041805589865     0.022181771982333363       0.1180999226037578       68.407230280884662       3.0545562600141221      0.96778544199878203     0.060661568505188876     0.011809316444811282       1.0041244306101056       1.1328049963063533       2.5616561538760365   2.1211770927317639e-09     0.011809316444811282       491.98696729634128       5.7934714303969193       5.7934714303969193       1884.1538932510034                                                 1381.2371219031659                                              10.929804051496058        22.644135487352742               390.62618147198242                          70.362583518667762                      8.3540668183383691
                       4       948.24446202917443     0.022285502886657572      0.11765290348238812       68.659446241106224       3.0545610150455427      0.96858275408789452     0.061308134898331791    0.0085418592719751912       1.0038080677295385         1.10250039657605       2.4885858703916415   2.1211871790194684e-09    0.0085418592719751912       491.42782726283633       5.7934714303969193       5.7934714303969193        1884.901981197555                                                 1383.1364377370355                                              10.337716197682933        22.556288743530502               390.77974953915896                          69.712755897197681                      8.3790330829491904
                       2       950.24968449176242     0.022272630533279714      0.11694751629488848        68.54897898313547       3.0482008941802055      0.97045302014289225     0.059635059962381123     0.047267435270192441       1.0030289464230644       1.1665426817719815       2.7728248454620981   2.1077389835899469e-09     0.047267435270192441       491.61868141596591       5.7934714303969193       5.7934714303969193       1888.9124261227309                                                 1386.9566972444575                                              10.337047462307588        22.109147854839023               390.39471770656604                          69.541442351152341                       9.573373503408483
                       3       949.81319190335159     0.022267596202405707      0.11690349152971788       68.539190858515923       3.0488544775837583      0.97041297520263758     0.059788661209138429     0.049847777526160132       1.0028356231677571       1.1668915114569713       2.7674894324807893   2.1091170170895003e-09     0.049847777526160132       490.81476114782902       5.7934714303969193       5.7934714303969193       1888.0394409459093                                                 1386.8884172220392                                              10.336262576041097        22.168261484332788               390.42085938163217                          68.793677513765715                      9.4319627680983587
                       1       947.55518510226375     0.022265094109392154       0.1168615189952916       68.524137625172031       3.0489022899378839      0.97023957531594285      0.05983604946308603     0.052269881369936246       1.0028875577553846       1.1579664308243036       2.4069050932167548   2.1092178613499954e-09     0.052269881369936246        490.8709574900198       5.7934714303969193       5.7934714303969193       1883.5234273437336                                                 1382.3060075378696                                              10.346462315844091         22.19273524179988               390.41724231421335                          68.738199730863471                      9.5227802031431121
                       3       947.60320905656113     0.022229789018029331      0.11693488117918795       68.392103633018181        3.047357044324746      0.97143083682889153      0.05944288020229728     0.060131615008428882       1.0018844826380149       1.1582762096634076       2.4125864585113317   2.1059611185843611e-09     0.060131615008428882       490.79624301444187       5.7934714303969193       5.7934714303969193       1883.6194752523284                                                 1382.2451575399191                                                10.5780746979674        22.014531721393382               390.35817444996621                          68.972639890920689                      9.4508969521616102
                       2       947.83637198231042     0.022275285446978387      0.11699271393970255       68.546961546657798       3.0454780233181533       0.9719304812681302     0.058516891289525509     0.051733011444486041      0.99963368932796504       1.1583329605415089       2.3621855240745888   2.1020076888554324e-09     0.051733011444486041       491.26713380819035       5.7934714303969193       5.7934714303969193        1884.085801103827                                                 1382.4867317725095                                              10.331935523127127        22.197332330476058                390.2118312116832                          70.096478792610768                      8.7614914734203495
                       2       947.43869827070353     0.022243470438467292      0.11706625045474491       68.534842499013365        3.044338555785147       0.9706118149262194     0.057747832156281431     0.049732462959867038       1.0024960475068261       1.1566705524035126       2.5049475104823413     2.09961388343064e-09     0.049732462959867038       491.24912230077678       5.7934714303969193       5.7934714303969193       1883.2904536806132                                                 1381.7151276883285                                              10.326203691507915        22.068967442547148               390.17779498927513                          69.146126727377847                      9.8562331415766202
                      18       945.77346674792921     0.022208161897676999      0.11714014551079104       68.790673305152055       3.0440056696483189      0.96955242617261539     0.056756776878220908     0.011470679627108557       1.0017298741607843       1.1576154976548294       2.4775083317366184   2.0989150673956923e-09     0.011470679627108557       489.61599000955658       5.7934714303969193       5.7934714303969193       1879.9599906350645                                                 1379.8581994189879                                               10.48580120652006         22.46009547375661               390.08252443255913                          68.401597077039924                      8.6717730262009258
                       3       945.70387402248332     0.022218587265422134      0.11723958468050429       68.778341789735279       3.0432502054485719      0.96960033161612036     0.056394229726378475    0.0089811444099002109       1.0015454346729131       1.1577359438024457       2.4488085240434971     2.09733001100603e-09    0.0089811444099002109       489.58753140246938       5.7934714303969193       5.7934714303969193       1879.8208051841727                                                 1379.8136682554632                                              10.419605526239934        22.449130268022202               390.12830992297631                          68.382189609633272                       8.627901601837614
                      15       945.74332464569261     0.022197878303156327      0.11734729978087464       68.763114494349395       3.0446462274761776      0.96963156244639215     0.057038449069741363    0.0024402269681132113       1.0015390445840968       1.1579748072607179       2.4349561104447122   2.1002599745715468e-09    0.0024402269681132113       489.63431596576584       5.7934714303969193       5.7934714303969193       1879.8997064305913                                                 1379.8754537766497                                              10.389936688175986        22.452399404463506               390.10101087770443                          68.572090483488552                      8.5088152001092965
                       5         945.801593396366     0.022177504558025665      0.11731472655676267       68.711731732438636       3.0427165794904631      0.96987222179650923     0.056014036763936348    0.0083356450446485219       1.0012916158322329       1.1581873754542418       2.4608395870665474   2.0962111198306755e-09    0.0083356450446485219       490.24796618321466       5.7934714303969193       5.7934714303969193       1880.0162439319381                                                 1379.4278216070456                                               10.34045614167753        22.411101751820524                390.1033725824808                           69.20270561826392                       8.530786230649408
                       1         946.652793864778     0.022179661206406447      0.11729432165843408       68.707290015773339       3.0426349118497122      0.96991434241048557     0.055997675196272301    0.0092418200470476067       1.0002672471049059       1.1582677598681979        2.455044273899635   2.0960399342042613e-09    0.0092418200470476067        492.0780402033289       5.7934714303969193       5.7934714303969193       1881.7186448687621                                                 1379.3043285277636                                              10.336276137669673        22.536957758924757               390.10065211698861                           71.06482214822546                      8.3756081791900918
                       3        946.2984786578487     0.022251656498133654      0.11816234911809691       68.359326689881911       3.0405586562273204      0.96342827402787934     0.051695115233920272     0.022973280773203993       1.0025128721196344       1.2933871069265268       1.9822238329146153   2.0916925342246812e-09     0.022973280773203993       492.06933871135271       5.7934714303969193       5.7934714303969193       1881.0100144549035                                                 1377.5514030815909                                              11.389272661960035        23.796819351082945                390.5195437432281                          69.445552291863521                       8.307423325178128
                       6       946.16114676761765     0.022280121009703717      0.11824204236344857       68.436821374619242       3.0400689904811502      0.96290335396401461        0.051546090926645     0.013854825676547028       1.0050226602034287       1.2446056267670256       1.9671427252934757   2.0906685547634454e-09     0.013854825676547028        490.6371650402516       5.7934714303969193       5.7934714303969193       1880.7353506744414                                                 1378.9457781770536                                              11.152407457136157        23.514160820368772               390.64628881826093                          67.812060329868004                      8.6646550717538684
                       2       946.24361255564213     0.022291626192274455      0.11808292515618245       68.445667938055962        3.046362293762876      0.96069117314639707     0.053552277899325249     0.017257071834354834       1.0070446674353009       1.2452434316843211       1.9546637087649381   2.1038672541874274e-09     0.017257071834354834       491.58307215980284       5.7934714303969193       5.7934714303969193       1880.9002822504904                                                 1378.2430843284383                                              11.074125762249285        23.982844208323684               390.06021735594538                          68.939700642580505                      8.6003099529532889
                       6       946.59621127211892     0.022294318932869883      0.11842924323196749       68.444340466793079       3.0449758017580586      0.96038910054567173     0.052889933440794991    0.0057638911108725769       1.0053348280731933        1.527190147546005       1.6124371125913044   2.1009522803212481e-09    0.0057638911108725769       490.42328620029224       5.7934714303969193       5.7934714303969193       1881.6054796834439                                                  1379.890056464752                                              11.292137018399602        24.270639001828158               390.16802710079554                          67.672138432226163                      8.3124816654423501
                       9       946.74643084536149     0.022215579842425854      0.11841260844794396        68.24928749630223       3.0456681014658593      0.95785542322267936     0.051682895123547366     0.019076747275337883        1.007268561063593        1.527573145043603       1.7419033479816985   2.1024072725582562e-09     0.019076747275337883       491.25259200829601       5.7934714303969193       5.7934714303969193       1881.9059188299291                                                 1378.5041779453329                                              12.149148876300089        24.748778775447079               390.32997568813613                          67.832554466814202                      8.3412830778985931
                      12       947.32009928642083     0.022227212663882948      0.11877113250081375         68.2355416360693       3.0454390600032077      0.95737918308968428     0.051575089591455736    0.0081485739400225226       1.0067828014755742       1.5267738824432679       1.7372180995189044   2.1019257892633837e-09    0.0081485739400225226       491.42751558938829       5.7934714303969193       5.7934714303969193       1883.0532557120478                                                 1378.9799922065638                                              12.645747916095942        24.912248994152264               390.29395092597321                          67.942597336836471                      8.2787183324263438
                       2       947.82745770187159     0.022191292275046605      0.11848026135957286       68.258891544363877       3.0420546589017006      0.95907999563076041     0.050464782289724827    0.0056339911211938975       1.0065751334177746       1.6115209294619179       1.4181269101115026   2.0948240536465431e-09    0.0056339911211938975       490.89513789661146       5.7934714303969193       5.7934714303969193       1884.0679725429493                                                 1381.0433878358658                                              12.129446810472244        24.383023977325195               390.73539477264563                          67.438551705153571                      8.3381674414870517
                       2       946.94139296885987     0.022218876069895182      0.11813632725010929       68.210553066749426       3.0433853073566652       0.9589969338522385     0.050528847957973959     0.030320166199806101       1.0066136435918791       1.2626021431867325       1.9152921230872724    2.097613383434065e-09     0.030320166199806101       491.80673879810661       5.7934714303969193       5.7934714303969193       1882.2958430769258                                                 1378.2617462347657                                              12.227358044053535        24.542835705792868               390.71556465665128                          68.166256320066609                      8.3820821155958374
                       8       946.87871791601901     0.022118737071747687      0.11752986739570007       68.402881656597046       3.0441899994931805       0.9637220095230804     0.052534300692536742     0.037797441016048629       1.0057204035656524       1.4295558098704895       1.6730157996825126   2.0993019957445687e-09     0.037797441016048629       490.45192582591153       5.7934714303969193       5.7934714303969193       1882.1704929712441                                                  1381.205029151108                                              10.513537994224928        23.464306127795112               390.33389249711018                          67.866439410749635                      8.7872877902565705
                       6       946.44685433540747     0.022152893167526604      0.11781185864756064       68.479066473125727       3.0414587314617036      0.96449586922296082     0.053457972769058656    0.0077025094274315968        1.002990446951592       1.4264900198346859       1.6817809903624976   2.0935760624040561e-09    0.0077025094274315968       489.72858545340063       5.7934714303969193       5.7934714303969193        1881.306765810021                                                 1381.0389666648541                                               10.53921369176649        23.367432086199358               390.17035355220867                          67.773685329490121                      8.4171144855024842
                       7        946.0367141318734     0.022131638163474129      0.11800461491928851       68.449410716053066       3.0437117639685884      0.96526608102299472     0.054472984977339191    0.0037022695441544205       1.0024859137952455       1.0432598759483529       2.6991190683610631   2.0982982749799503e-09    0.0037022695441544205       490.13397649454276       5.7934714303969193       5.7934714303969193       1880.4864854029529                                                 1379.7131146379393                                              10.639394270470747        23.299093982565807               390.04714247774444                          68.472415825299521                      8.3153242089329549
                      13       946.53166420067885     0.022127336803588256      0.11780750216676263       68.541146578902655        3.044372693895661      0.96385584385513612     0.052769236456644032    0.0010808115345381226       1.0040357701906588       1.1202154190148306       2.6938271637813802   2.0996855615048995e-09    0.0010808115345381226       492.20376804022771       5.7934714303969193       5.7934714303969193       1881.4763855405638                                                 1378.9031286654276                                              10.369488834908696        23.662340258072277               390.28665052224034                          69.975897293853677                      8.2788799660614369
                       7       947.48329827153691     0.022118458140424419      0.11824561268477136       68.331566744614562       3.0437226057784095      0.96218729516789059     0.052406684073303129    0.0073418718349673347       1.0035738836907977       1.0478052664965021       2.9650808718028125   2.0983210244541176e-09    0.0073418718349673347       492.38472348185132       5.7934714303969193       5.7934714303969193       1883.3796536822799                                                  1379.816313868477                                              11.178616331951838        24.039065958827962               390.27082960638757                           69.77068139241949                      8.3041465242163266
                       2       945.95389732655622     0.022126947356671992      0.11822343723038421       68.313767699134416       3.0435691395272397      0.96213237007163699      0.05235557412660774    0.0096544437876114105       1.0046148577152396       1.0467748598387878       2.8047416963271536   2.0979990277011931e-09    0.0096544437876114105       490.23418487321118       5.7934714303969193       5.7934714303969193       1880.3208517923185                                                 1378.7967801092248                                              11.289886809882844        23.877720840488792               390.32897902131918                          67.728114242507246                      8.2993707688959244
                       2       946.34421673008217     0.022126809933335531      0.11822387770423519       68.316073507260171       3.0435828613730336      0.96212445161725557     0.052353090502774251    0.0093214476911458351       1.0046255323533813        1.147157376826182        2.193975015875159    2.098027816317843e-09    0.0093214476911458351       490.23005539922349       5.7934714303969193       5.7934714303969193       1881.1014905993704                                                 1379.5928510855022                                               11.27858411464492          23.8791513597414               390.32897902131918                          67.722996165583254                      8.2989288525796407
                       1       946.85136048868242     0.022167097082337731      0.11841790244908522       68.204668464700603       3.0491014232916021      0.95952652848066988     0.054026753788744733     0.023567265760610964       1.0055345469711299       1.1461359350309925       2.2374847515844198   2.1096379187987844e-09     0.023567265760610964       490.54716113753915       5.7934714303969193       5.7934714303969193       1882.1157781165709                                                  1379.376777144003                                              12.191839835028503        24.592504399580207               389.95708585314628                          67.716872097624332                       8.280698787188312
                       7        948.9221507012212     0.022129106025150815      0.11887368579525176       68.007733010636159       3.0507751771471963      0.96022894289747318     0.055705559757580812      0.01787073057692351       1.0041642853924524       1.4851582826428908       1.5422554913759707   2.1131718900732841e-09      0.01787073057692351       490.47617717296845       5.7934714303969193       5.7934714303969193       1886.2573585416485                                                 1381.5185021458806                                              14.262679222799552        24.477797652223444               389.89924614944044                          67.566189924396568                      8.5329434469080052
                       3       947.28692202457739     0.022091725418116104      0.11892306451506413       67.974881143462611       3.0470836851285492       0.9636410697372888     0.055208586384883504     0.013327722443030904       1.0025794914984374       1.4097438606720281       1.9080181144447728   2.1053855134228299e-09     0.013327722443030904       490.60999595470895       5.7934714303969193       5.7934714303969193       1882.9869011883609                                                 1377.9078857931659                                               14.46901944048628        23.651305516998775               390.01595242894001                          68.342746865861599                      8.5999911429085714
                       5       947.34106872488383     0.022093448518137684      0.11876581800087761       67.994488060907045       3.0489836078386867      0.96536502336704433     0.055852488525759157     0.030164333676630451       1.0029157715024959       1.4113026386828684       1.8543034125758229   2.1093893854927134e-09     0.030164333676630451        490.7721798527686       5.7934714303969193       5.7934714303969193       1883.0951945889738                                                 1378.4603096710089                                              13.862705065196273        23.312868783269664               389.98236923359389                          68.966802802574932                      8.5101390333301339
                       3       949.18349163109144      0.02204836850496401        0.118790379016114       68.082743646110956        3.051310002597019      0.96423159372540002      0.05469221842685637      0.01421313297025241       1.0051904262090834       1.4545318260979538       2.1229611653852096   2.1143023704578383e-09      0.01421313297025241       491.43094862370197       5.7934714303969193       5.7934714303969193        1886.780040401389                                                 1382.4732356837976                                              12.875856093889521        23.531794113467924               390.04571120250586                          69.167178022910107                      8.6862652848181074
                      19       951.56762729850436     0.022041462718472966      0.11877810566229832       68.099531070398314       3.0518503559743344      0.96451476458781105      0.05506697818919308     0.012458674841675435        1.007753847251651       1.5248385232801454       2.1767054862273891   2.1154451496088621e-09     0.012458674841675435       491.89708049747412       5.7934714303969193       5.7934714303969193       1891.5483117362148                                                 1386.9608407787098                                              12.690390460030763        23.086092992592512               390.06542478405794                          70.327549577416619                       8.418013143407066
                      11       950.33207302053984     0.022063751373461268      0.11880737844842711       68.052615247617965       3.0507338426213093      0.96469039925197464     0.054704452171712083     0.018574731569603185       1.0074220980401267      0.91842528423828285       2.5779502427493788   2.1130845449202877e-09     0.018574731569603185       491.70319834962891       5.7934714303969193       5.7934714303969193       1889.0772031802858                                                 1384.1484775677447                                              13.225527262911942        23.052543679270173               390.06213470742699                          70.170077773160799                      8.4184421897709445
                       6       949.70291418213048     0.022066688120711431      0.11880393355243958       68.028378876455903       3.0513343020050732       0.9645245670101984     0.054919164417785882     0.021361920192116361       1.0062657214160666      0.91848643896655524       2.5745992535988065   2.1143537473780999e-09     0.021361920192116361       490.25304118160318       5.7934714303969193       5.7934714303969193       1887.8188855034671                                                  1384.110234883301                                              13.455609438562453        23.274437464906782               390.03335807048273                          68.475026818254392                       8.470218827959302
                       5       949.29977926713741     0.022039146277427084      0.11880226256300393       68.060664316149413       3.0532397795055188      0.95875029902559894     0.053884548716747589     0.023539803313383116       1.0067044934365794       1.3797487117487299       2.3867566905411333   2.1183864417557397e-09     0.023539803313383116       492.61970081476306       5.7934714303969193       5.7934714303969193       1887.0126156734809                                                 1381.4806956897025                                               12.91221916901536        24.883954178181511               389.96865881378272                          69.199212516620392                      8.5678753061784612
                       3       948.10353442710834     0.022040622270600746      0.11857571657143993       68.230808667032633       3.0543622004286379      0.95897667086410521     0.054540082050244118      0.01268280390387223       1.0069494661436764       1.2490838768005279       2.4664656620509304   2.1207654979226605e-09      0.01268280390387223       492.45785651437103       5.7934714303969193       5.7934714303969193       1884.6201259934228                                                 1380.6158675344022                                              11.546401944649478        24.846933653112444               389.91027177753887                          69.173978840821249                       8.526672242898492
                       8       948.30128825959991     0.022023563180297401      0.11857379938853196       68.279746248393607       3.0521616529996631      0.95930818997856837     0.053884509795082532     0.005140825906471397       1.0065455856969747       1.2105080230088099       2.4666448591568959    2.116103783901311e-09     0.005140825906471397       492.35906516543196       5.7934714303969193       5.7934714303969193       1885.0156336584059                                                 1381.4225329456958                                              11.234035547278092         24.72593993038015                389.9636866798304                          69.197680384802837                      8.4717581704186049
                       4       946.08346268843377     0.022058848140731939      0.11832466794245049       68.337750872038526       3.0526041842588567      0.96085267061786606     0.055567418087043359     0.010643046248486434       1.0071741601150532       1.2093199717914767       2.4702481126157796   2.1170404332063973e-09     0.010643046248486434       489.60477820979486       5.7934714303969193       5.7934714303969193       1880.5799825160736                                                 1380.0412079213775                                              10.933996384901359        24.098027516363516               389.91603582148008                          67.282193805795302                      8.3085210661559561
                       1       946.89083165408749     0.022045283812160466      0.11848809559678881       68.356627523038412       3.0514103920934033      0.96070242114996807     0.055112402605562945     0.001651014723392458       1.0067396248966471       1.3243570340059021       2.4314409342109387   2.1145146348623928e-09     0.001651014723392458       489.78738606753831       5.7934714303969193       5.7934714303969193       1882.1947204473811                                                 1381.5050749366087                                              10.902259443234039        24.145467929709298               389.93249407966579                          67.382800804419645                       8.326623253743529
                       2       947.00435664367149     0.021994920351505288      0.11828937264608734       68.167162945301044       3.0506422244999909      0.96007607998317646     0.054956528979331759     0.020081171729599029       1.0069350161085604       1.4124409184943496       2.3634967145955454   2.1128909569523137e-09     0.020081171729599029       489.91280325355564       5.7934714303969193       5.7934714303969193       1882.4217704265491                                                   1380.92263166609                                              11.586335506903472        24.199669433199858               389.94750709357101                          67.439385546341072                      8.3262411804436667
                       2       950.21940317920632     0.022001465843990878      0.11829724594393251       68.175610229714465       3.0504093629711577      0.96029345485070328     0.054914307066318772      0.02026597776952407       1.0092237044486465       1.5111160157475561       2.3743915415923489   2.1123990032145926e-09      0.02026597776952407       493.92179237871841       5.7934714303969193       5.7934714303969193       1888.8518634976188                                                 1383.3697637400494                                              11.560307378851018        23.764758261945872               389.98800437699271                          71.455465598071285                      8.7135641417085452
                       1       949.57323213404516     0.022034854787847918      0.11755754428871994       68.281169810593781       3.0475758385154554      0.96033735806559528     0.053420674886868351     0.041253934459582017       1.0056578586784466       1.5118879503910518       2.3943614436613925   2.1064219410537688e-09     0.041253934459582017       493.69711990741916       5.7934714303969193       5.7934714303969193       1887.5595214072964                                                 1383.1349835963986                                              10.727417903478676        24.404283904644956               390.06504046790877                           70.78429697591416                      8.4434985589512888
