#                 weight             minuslogpost                 omegabh2                 omegach2                       H0                     logA                       ns                      tau               mnu_sample                 A_planck               TT_tSZ_Amp               TT_kSZ_Amp                       As                      mnu                chi2__CMB            minuslogprior         minuslogprior__0                     chi2 chi2__sbt_spt_audit.likelihoods.candl_cobaya.CandlCobayaLikelihood chi2__sbt_spt_audit.likelihoods.desi_dr2_bao.DESIDR2BAOGaussian chi2__planck_2018_lowl.TT chi2__planck_2018_lowl.EE_sroll2 chi2__planck_2018_highl_plik.TT_lite_native chi2__planckpr4lensing.PlanckPR4Lensing
                       4        1516.912016317903     0.022925756151189337      0.11615527976702447       68.991715046474312        3.044642015465802      0.98162062547988882     0.058627295026583745     0.075476999623109983       1.0004993179446884       1.8231260742597242        9.839488966756857   2.1002511282733729e-09     0.075476999623109983       494.32639396815944       5.7934714303969193       5.7934714303969193        3022.237089775012                                                 2517.4526466174211                                              10.458049189431872        20.800302213670648               390.30303139573334                          73.032575664763087                      10.190484693992337
                       3       1515.0375974530025       0.0227141001072108      0.11658638742684549       69.030274748079265       3.0423750918806314      0.98204620942433418     0.057971554561145749     0.023137572393279252       1.0003065904988786       1.9444467026344481       9.8519215871409678   2.0954954119153095e-09     0.023137572393279252       493.86940828223482       5.7934714303969193       5.7934714303969193       3018.4882520452111                                                 2514.0706626606961                                              10.548181102280278        20.677960044572615               390.28335659047718                           74.01808581312828                      8.8900058340567671
                       2       1515.1225671788809     0.022761962040683283      0.11661713748299371       68.976084455043747       3.0392432121756459      0.98267899300472039     0.056627290318064044     0.030661246172299685      0.99987026561504166       1.9196038242555269       9.8520018301307903   2.0889428386544487e-09     0.030661246172299685       494.69406509242532       5.7934714303969193       5.7934714303969193       3018.6581914969679                                                  2513.481022039166                                              10.483104365376082        20.607878438081229               390.37926690604604                          74.605749083514056                      9.1011706647839858
                       3       1515.1477595318697     0.022760155242630743      0.11664500160760996       68.977984471971098       3.0390030520468589      0.98257323479530689     0.056410135486595354     0.029956958323991624      0.99992591900787187       1.9252109144539915       9.8505019439358463   2.0884412181103273e-09     0.029956958323991624       494.66663800815195       5.7934714303969193       5.7934714303969193       3018.7085762029456                                                 2513.5620558725645                                              10.479882322229249        20.617156508002438               390.41953688653837                          74.533268853153146                      9.0966757604579591
                       2       1516.7510408477274     0.022792351775824112      0.11703830279264686        69.07032827762059       3.0394779486642118      0.98329030846140719     0.056484077149364334    0.0029129121594289112       0.9995825132224132       2.5752656103756961       9.7167459608388764   2.0894332473173616e-09    0.0029129121594289112       495.58563036801752       5.7934714303969193       5.7934714303969193       3021.9151388346609                                                 2515.8026930282113                                              10.526815438432239        20.572045516429057               390.39848012078443                           76.02969700591737                      8.5854077248866307
                       8       1517.3005777658436     0.022789331535125995      0.11694864878631349       69.115844173903682       3.0380533528425873      0.98431087554777585     0.056512574117868204    0.0016157032557547058      0.99920940620301835       2.5743776385099975       9.7110157672291493   2.0864587686616544e-09    0.0016157032557547058       496.84746913770118       5.7934714303969193       5.7934714303969193       3023.0142126708934                                                 2515.5904978576459                                              10.576245675545577        20.456510811723319               390.45458537502486                          77.163125498336584                      8.7732474526164506
                       4       1516.3833736806762     0.022791669455524199      0.11684353209792306        69.12680726775757       3.0365510171672638      0.98485528368412767       0.0565814427359249     0.002346830821580265      0.99849806717185763       2.1188339272599221       9.6998932247732519   2.0833265606214625e-09     0.002346830821580265       497.23645062258237       5.7934714303969193       5.7934714303969193       3021.1798045005585                                                 2513.3272644510703                                              10.616089426906068         20.40530532390909               390.46762497818474                          77.477313585695029                      8.8862067347934968
                       6       1516.3533180560141     0.022784499385555837      0.11684560483997115       69.107776213325124       3.0365680330041407      0.98502928057344008     0.056636496489448608    0.0042798214664981557      0.99844663133528322       2.1150553896779769       9.7021892890846804    2.083362010467983e-09    0.0042798214664981557       497.35057293446084       5.7934714303969193       5.7934714303969193       3021.1196932512344                                                 2513.1775490188693                                              10.591571297904579        20.389501309418222                390.4720238848497                          77.611644278533717                      8.8774034616591919
                       2       1516.4696360741175      0.02271253627078525      0.11666818017350136       68.989795787707493       3.0318262315768649      0.98558474666277218     0.054565325896866919     0.014566754672265024      0.99854360895226202       1.9045098447252815         9.80760075993018   2.0735065064013199e-09     0.014566754672265024       498.75588978328824       5.7934714303969193       5.7934714303969193       3021.3523292874411                                                 2512.0746549470409                                               10.52178455711182        20.294122398204308               390.86861586791616                          78.221779055886117                      9.3713724612816733
                       2       1516.4143603099058     0.022728200578401275      0.11672827031288079       69.043604938732273       3.0328363724445588      0.98496235983048164     0.054893938905142561    0.0095258999874068013      0.99876929179688523       1.8605141107903425       9.8736159901402338   2.0756020983061852e-09    0.0095258999874068013       498.37222857129444       5.7934714303969193       5.7934714303969193       3021.2417777590176                                                 2512.3128334527596                                              10.556715734964007        20.343829560228869               390.74658641165536                          77.979146624643079                      9.3026659747671339
                       2       1516.6624429767016     0.022704023275600546      0.11660709860567195       69.000308359888322       3.0361407322808693      0.98624848245886487     0.057401858268311443     0.019420393654644506      0.99806138980681003       1.9377276948686655       9.8018335598016506   2.0824719785432587e-09     0.019420393654644506       498.74572411829973       5.7934714303969193       5.7934714303969193       3021.7379430926094                                                 2512.4684205078888                                              10.523798466420677         20.26294951852509               390.47550800636139                          78.768394830454298                      9.2388717629588957
                       3       1518.4125538268015     0.022686284000739278      0.11735391557488835       68.748431256035076       3.0426194313634758      0.98757472382939404     0.060075275587114479    0.0030578525458088181      0.99779305468635215       1.9046802005952992       9.6786798623199566   2.0960074867380607e-09    0.0030578525458088181       502.35656889829232       5.7934714303969193       5.7934714303969193       3025.2381647928091                                                 2511.8653195533602                                               11.01627634115664        20.194432765496401               390.54965483416674                          83.193243465671571                       8.419237832957613
                       3       1516.3710490093731     0.022740755324165998      0.11683166665133812       69.108116056393143       3.0442362197790489      0.98735128217632173     0.059495322395645596    0.0036153649971093164      0.99859190798577258         2.10692727944748       9.7422428713171083   2.0993990283253555e-09    0.0036153649971093164        496.9367946777366       5.7934714303969193       5.7934714303969193       3021.1551551579523                                                 2513.6019515489152                                              10.616408931300441        20.279044358549186               390.44247742403599                          77.813774183168945                      8.4014987119824784
                       1       1517.2554388837552      0.02272722242073346      0.11760561445200927       68.861644295403323       3.0456952654669078      0.98465991602179559     0.059336679099323733     0.022231873465919684      0.99743923417884073       2.2104725337258966        9.722791933109928   2.1024643831272844e-09     0.022231873465919684       495.21069743430184       5.7934714303969193       5.7934714303969193       3022.9239349067166                                                 2517.1537854075727                                              10.559452064842379        20.622199770144221               390.39191193582667                          75.762352363969185                      8.4342333643617948
                       4       1518.4748703093658     0.022719466419137493      0.11718039418054779       68.746676174316519       3.0459385054599304      0.98714336047332485     0.060427110776948713     0.053295786788484012      0.99681764374855442       2.2781679381216686        9.502455608568475   2.1029758487510917e-09     0.053295786788484012        496.4297628148683       5.7934714303969193       5.7934714303969193       3025.3627977579376                                                 2518.2820180737713                                              10.651016869298024         20.39062755259323               390.53573811550172                          77.017649574702745                      8.4857475720705917
                       5       1518.5213722142112      0.02264866230471203      0.11734316655840296       68.871839872081011       3.0561740304815554      0.98104031746497333     0.060797704618485132     0.019460940485893759       1.0018877336637768       2.3320554204683646       9.5137611823743669   2.1246114476385257e-09     0.019460940485893759       492.73034791462914       5.7934714303969193       5.7934714303969193       3025.4558015676284                                                 2522.3013067355505                                              10.424146917449162        21.001759027943251               390.55874389569294                          72.698698738445316                      8.4711462525476229
                       3        1518.882964960756     0.022914798462404053      0.11805069324018591       68.840511882319674       3.0477656323877258      0.97864955995406466     0.056385796899919557    0.0035241799208518519       1.0013403760644957       2.3829504866716755       9.4480661344672594   2.1068217649714613e-09    0.0035241799208518519       494.98717069670022       5.7934714303969193       5.7934714303969193       3026.1789870607181                                                 2519.6639254093802                                              11.527890954637861        21.281629808578828               390.27452833591616                          74.951700336367253                      8.4793122158379806
                       1        1518.126152472063     0.022853724523162887      0.11793380792708522       68.842257571760342       3.0483447677893585      0.98035439243198652     0.057532529563229538    0.0017231255491045295      0.99846090526101061       1.9195668706548223       9.7178251526407227   2.1080422534204079e-09    0.0017231255491045295       496.58882926351106       5.7934714303969193       5.7934714303969193       3024.6653620833322                                                 2516.8307677302701                                              11.245765089550622        21.272431033693579               390.18919398357411                          76.053732134687607                      9.0734721115557786
                       4       1518.0091408618371     0.022825804333147428      0.11782715287530279       68.816721917458665       3.0503728470319329      0.97934175754793507     0.058289261661463664     0.012986215257828186      0.99887170324599395       1.9286711756907058       9.7561655001947756   2.1123218683893063e-09     0.012986215257828186       496.02603117042071       5.7934714303969193       5.7934714303969193       3024.4313388628802                                                 2517.2657588294646                                              11.139548862995051        21.422509083526791               390.19833988828827                          75.421896861209447                      8.9832853373961772
                       3       1517.5086467458841     0.022811496034407078      0.11789204434481389       68.798341983728605       3.0541940609511342       0.9770146668319829     0.058811366343350852    0.0061694404135605781       1.0013926931924704       1.9069665426570626       9.8121273381446485   2.1204089434962095e-09    0.0061694404135605781       493.94442515145846       5.7934714303969193       5.7934714303969193       3023.4303506309743                                                 2518.2193382519145                                              11.266587227600985        21.653364235172148               390.24756035622931                          73.128631031101932                      8.9148695289550783
                       1        1517.084081630838     0.022801754160846233      0.11778242801891899       68.620639129037215       3.0526071109399902      0.97720256907602254     0.058280385075246688     0.023353499556321315       1.0014241778845261       1.8611341459153015       9.8898305856793538   2.1170466291177589e-09     0.023353499556321315        493.7949635728591       5.7934714303969193       5.7934714303969193       3022.5812204008821                                                 2516.5990397153323                                              12.187217112691005        21.565967305326808               390.19867097463356                          73.363199086512054                      8.6671262063866585
                       2       1519.9320902075131     0.022905623534879387      0.11731335639304617       68.774577670593558       3.0526128581287377       0.9767412025457638     0.061522124174614341     0.016511011469311773      0.99853009869758502       2.0355976283428414        8.947378633952022   2.1170587962192868e-09     0.016511011469311773       496.32752699626832       5.7934714303969193       5.7934714303969193       3028.2772375542322                                                 2520.3168456013605                                              11.632864956603377        21.737993809007946               390.60241702484643                          75.459506943009885                      8.5276092194040274
                       1       1520.8357516856654     0.022906113224647164      0.11731052192344907       68.774851312404763        3.052639292165515        0.976752749595037     0.061537624180203199     0.016661231073782937       1.0012194672414674        1.621614933069349       9.2430885121099244   2.1171147593690287e-09     0.016661231073782937       497.75241823144142       5.7934714303969193       5.7934714303969193       3030.0845605105369                                                 2520.7011703748462                                              11.630971904249328        21.442860294439129               390.67478173857336                           77.42492353012058                      8.2098526683083488
                       2       1517.6428886900267     0.022869204956397281      0.11738278567295314       68.776496853538205       3.0540050676423252       0.9755150427985585     0.061516151804620799     0.010178649175544136       1.0009402301034624       1.6990892384516061       9.7377129856401261   2.1200082382604466e-09     0.010178649175544136       495.53962296977909       5.7934714303969193       5.7934714303969193       3023.6988345192594                                                  2516.615911655158                                              11.543299894322363        21.730222864788288               390.61151309017322                          74.891398277092719                      8.3064887377248358
                       1       1518.6358552550485     0.022958863614873124      0.11624578520912385        69.14088458279069       3.0532749421311451      0.97661298509973926     0.060561133886790616     0.021030275556745002       1.0027266920110889       2.2148709105794011       9.4769768886702721   2.1184609310947354e-09     0.021030275556745002       496.24365642948987       5.7934714303969193       5.7934714303969193        3025.684767649303                                                 2518.7097782201449                                              10.731332999668256         21.53269214050863               390.41176349556997                          75.988072991947277                      8.3111278014640391
                       2       1519.1135169717661     0.022862111028546878      0.11613996561431833       69.082806118867822       3.0623809868608185      0.98025710865051652     0.065497597220496848     0.018470404507716066       1.0026924359969258        2.143765584211339       9.5641319417843089   2.1378398297422112e-09     0.018470404507716066       495.77177012289974       5.7934714303969193       5.7934714303969193       3026.6400910827383                                                 2520.1470995709556                                              10.721221388882897        21.087744794093169               391.68410027089192                          74.820175653541696                      8.1797494043729788
                       2       1518.8895244140497     0.022740698443575784      0.11626276080665786       68.855976498381949       3.0569416163520819      0.98119489441004804     0.062068442852748526     0.021761744914484359       1.0035039838540656       2.1179827640036124       9.6499046841100462   2.1262428954241233e-09     0.021761744914484359       494.76300039713419       5.7934714303969193       5.7934714303969193       3026.1921059673055                                                  2520.738290288135                                              10.690815282035944         20.85004613502673               390.75069120537125                          74.977157620331212                      8.1851054364050082
                       4       1518.9136700512342     0.022739789350966336      0.11622668738763779       68.869555942883693       3.0568957307943059      0.98144634623383709     0.062121635996520694     0.021333658140750195       1.0033651111125259       2.1127710865298592       9.6471525249239427   2.1261453338212508e-09     0.021333658140750195       494.73551103809973       5.7934714303969193       5.7934714303969193       3026.2403972416746                                                  2520.830649833847                                              10.674236369727675        20.829980083301905                390.7597689547963                          74.961514223861627                      8.1842477761399266
                       4       1521.6293853711113     0.022778688607376266      0.11663412172846394       68.878558385275028        3.061933586507573      0.98473992540839894     0.065244734520378225     0.025977612833399055       1.0016688744968254       1.3336357043259475       9.4453506339995847   2.1368835733778708e-09     0.025977612833399055       496.20208967294423       5.7934714303969193       5.7934714303969193       3031.6718278814287                                                 2524.8341324986973                                              10.635605709787184        20.587809881767896               391.62858231244945                          75.611512286775422                      8.3741851919514616
                       2       1517.3034362586006     0.022710179974849542      0.11635258240101005       69.036598016453325       3.0600030095631716      0.98313187004614444     0.065483860975145386     0.013652369441833512       1.0011382575929852        1.693864017506213       9.7951569880904081   2.1327621348754064e-09     0.013652369441833512       494.72756897086697       5.7934714303969193       5.7934714303969193       3023.0199296564074                                                 2517.6448910895942                                              10.647469595946204        20.735643064839337               391.70966472522667                          74.050675598019637                      8.2315855827813422
                       3       1517.6575756533607     0.022903478186862343      0.11653142708647359       68.979495755792385       3.0594848848228189      0.98192791591042416     0.066509736905031022      0.02880223021752383      0.99920123542281492       1.7033395907085489       9.7673877144756052    2.131657384272064e-09      0.02880223021752383       496.09305206290009       5.7934714303969193       5.7934714303969193       3023.7282084459275                                                 2516.9766411758669                                              10.658515207160184        20.958411265427799               392.05332715372106                          74.857913122295287                      8.2234005214559911
                       5       1519.2427039169365     0.022867695009052193      0.11628330876195288       68.820067222376366       3.0611434209682082      0.98353271501321804     0.068518349651064236     0.046323780214327127      0.99927141323210966       1.6343313819450604       9.8231853938144411   2.1351957485348846e-09     0.046323780214327127         498.437955266058       5.7934714303969193       5.7934714303969193       3026.8984649730792                                                 2517.6078446204583                                              10.852665086562693        20.698526170431876               392.90217178652426                          76.604505703967874                      8.2327516051340126
                       5       1518.0253901035978     0.022979645592202644       0.1167684150228359       69.065502374467854       3.0386479002501385      0.98478063997126408     0.059267776133886389     0.011247985874503583      0.99634148137601841        2.458670437130829       9.6615863233496597   2.0876996361542477e-09     0.011247985874503583       498.35051612486791       5.7934714303969193       5.7934714303969193       3024.4638373464018                                                 2515.3662743539053                                              10.747046867628422        20.496502788052112                390.3499353757299                          78.971595586136885                       8.532482374949053
                       1        1517.460138446881     0.023001220792428723      0.11665357355638485       69.066523670769698       3.0382838480599172      0.98538048760332342     0.058856776509263159     0.022318538813939345      0.99362767657173345       2.4244454932623274       9.6524454785664915   2.0869397428579834e-09     0.022318538813939345       497.51338328036638       5.7934714303969193       5.7934714303969193       3023.3333340329682                                                 2515.1079252861628                                              10.712025466439071         20.65674792410806               390.35130728591901                          78.250506521249648                      8.2548215490896766
                       1       1517.9652911166922     0.022953214668945329      0.11638154147730012       69.064126445546606       3.0440330737572006      0.98479759479784545     0.061291944845097784     0.025695377326351954      0.99742630178034775       2.5207495900171413       9.5508633154775939   2.0989725870808672e-09     0.025695377326351954       497.37207799343321       5.7934714303969193       5.7934714303969193       3024.3436393725906                                                 2516.2968609935979                                              10.674700385559477          20.5084697232748               390.59052098452872                          77.699540756086904                      8.5735465295428064
                       1       1517.9155961420777     0.022869801752490437      0.11607076524513496        69.41697225832992       3.0417215178325652       0.9858636911134796     0.061076606493484301    0.0017982528254693909       0.9942096651557516       1.6621737556765446       9.6335955809279827   2.0941262979536525e-09    0.0017982528254693909       495.42311136339151       5.7934714303969193       5.7934714303969193       3024.2442494233615                                                 2516.9398437285713                                              11.881294331398419        20.596023973792171               390.51528861522604                          76.011710928760095                      8.3000878456132181
                       3        1518.730807526066     0.022877963878874811      0.11625486084298715       69.350193936444228       3.0450054880661299      0.98633192752516496     0.063102894758190184    0.0088063156441184759      0.99345669657981095       1.6640341077883996       9.5847934434690831   2.1010146507636546e-09    0.0088063156441184759       496.16856325506291       5.7934714303969193       5.7934714303969193        3025.874672191338                                                 2518.3018166229144                                              11.404292313360147        20.595729982387923               390.92738498169541                          76.400609935161157                      8.2448383558184197
                       9       1519.2892790507503     0.022856347735824775      0.11633820259960613       69.306412423980291        3.045641473136294      0.98644084031740908      0.06327133021986428    0.0074784446897353581       0.9935456250801239       2.6326047447852678       9.2470700572010642   2.1023512897098896e-09    0.0074784446897353581       496.35041296832526       5.7934714303969193       5.7934714303969193       3026.9916152407068                                                  2519.424979292955                                              11.216222979426153        20.581816343568107                390.9584632608545                           76.56083835960851                      8.2492950042941615
                       7       1518.4428601551806      0.02288303399349724      0.11602581044065241       69.528920942352741       3.0484304558898363      0.98447205450466402     0.063205959782476728    0.0024445658428412283      0.99547568077582171       2.6471287155747363       9.8739673908653849   2.1082228952961498e-09    0.0024445658428412283       494.74413192731157       5.7934714303969193       5.7934714303969193       3025.2987774495673                                                 2517.9078303106353                                              12.646815211620657         20.79288358351107               390.91708101892993                          74.798520471598891                      8.2356468532717155
                       4       1517.9079449799415     0.022891967588564467      0.11606500312306402       69.536097051592193       3.0481473011739797      0.98489172872226471     0.063211372918385189    0.0031189319376552357      0.99676046754179926       2.6473774678085586       9.8538874823519382   2.1076260265483581e-09    0.0031189319376552357       493.41653700144775       5.7934714303969193       5.7934714303969193       3024.2289470990891                                                 2518.1757884966169                                              12.636621601024011        20.631993001586466               390.91611048875927                          73.463590530872068                      8.4048429802299705
                       1       1519.0865046384915     0.022950327307261615      0.11545543923352193       69.616428824595531       3.0498684378408902      0.98520015214514101     0.063919676991239599      0.02901482846915732      0.99615705220716588       2.5486054999204057       9.8990542740851559   2.1112566624968567e-09      0.02901482846915732       494.90299341615366       5.7934714303969193       5.7934714303969193       3026.5860664161892                                                 2517.9843803273175                                              13.698692672717835        20.724089184115883               391.03285830120842                           74.64210794352843                      8.5039379873009153
                       2       1520.4146607465577     0.022946795359867742      0.11546260424290895       69.607442573482999       3.0499516333082424      0.98512359428868213     0.063884177870835196     0.029102874020995626      0.99938753167395533       2.2909007709251785       9.2979151064016214   2.1114323167883125e-09     0.029102874020995626       496.19970436882943       5.7934714303969193       5.7934714303969193       3029.2423786323216                                                 2519.4160236875259                                              13.626650575965709        20.491883647377392               391.09403124720518                          75.054139818199317                      9.5596496560475703
                       8       1519.8924410406576     0.022965663191465098      0.11542411655034052        69.64682832452155       3.0512115450730359      0.98443457591392258     0.064319225923119505     0.024929950286676692      0.99793211550765115       2.6088703265414774       9.4348932365812033   2.1140942117290565e-09     0.024929950286676692       493.90609405290837       5.7934714303969193       5.7934714303969193       3028.1979392205212                                                 2520.3954950535294                                              13.896350114083164        20.700553467442489               391.17698275145278                           73.24946144200382                      8.7790963920093059
                       1       1519.6227809619998     0.022926459639167583      0.11537502450795482        69.66240149620856       3.0500862485098859       0.9845407461169462     0.063628669764775839     0.018777719955046984      0.99952734145616773       2.5498932729458255       9.6483684630214235   2.1117165668071511e-09     0.018777719955046984       495.02075663163714       5.7934714303969193       5.7934714303969193       3027.6586190632056                                                 2518.3421458582093                                              14.295716573359105        20.565560105882412               391.00801373040474                          74.180587442763823                      9.2665953525861493
                       2       1517.6449540881611     0.022865297054869973      0.11586811639787992        69.44167879666665        3.047752675222859       0.9862272923243689     0.064198773163417197     0.011694452984619895       0.9973672330836385       1.8105256321087233       9.8818539908803871   2.1067944667113621e-09     0.011694452984619895       496.44302728685085       5.7934714303969193       5.7934714303969193       3023.7029653155282                                                 2515.0306968698555                                              12.229241158821598        20.393062622488344                 391.182729859331                          76.050284309945127                      8.8169504950863438
                       4       1516.2857112370666     0.022803898361980712      0.11644795290102834       69.127192180330312       3.0476201923756339      0.98316309146014758     0.063430212205857997     0.020771167612648432      0.99751460601274544       1.8895380475734653       9.9629979567555811   2.1065153710699947e-09     0.020771167612648432       495.22781226060295       5.7934714303969193       5.7934714303969193       3020.9844796133393                                                 2515.0622561501368                                              10.694411202599701        20.666525850620701               391.04905389447731                          74.921937949915502                      8.5902945655894243
                      10       1515.5662989479119     0.022804329328922249      0.11644989719811535       69.125357236088362        3.047678925750414       0.9831418647304242     0.063401691314383349     0.020928841657552474       0.9966918342241845        1.888114029767838       9.9625109816448045   2.1066390974601624e-09     0.020928841657552474       493.83933115476452       5.7934714303969193       5.7934714303969193         3019.54565503503                                                 2515.0168022312105                                              10.689521649055173        20.738112406212338               391.03198327086648                          73.658099793892589                      8.4111356837931162
                       4       1515.8450595996635     0.022773538179367007      0.11637303777955707       69.013971018864453       3.0479402767359547      0.98457598757849063     0.064287142421229029     0.017452167904213042      0.99630225060802313       1.8352450225673245       9.9931591051052298   2.1071897416170245e-09     0.017452167904213042       495.73678343799708       5.7934714303969193       5.7934714303969193       3020.1031763385331                                                 2513.7614720450365                                              10.604920855499396        20.562138897125351               391.27527659774898                          75.565846274353703                      8.3335216687690412
                       3        1517.815567450604     0.022781904445067881      0.11633184701088467       69.036540398794259       3.0475823878881054      0.98494848229384924     0.064032084703946543     0.017744186586738875      0.99804580507709584       1.8231880479928915       9.9823912054570449   2.1064357368411954e-09     0.017744186586738875       499.86941165180502       5.7934714303969193       5.7934714303969193       3024.0441920404141                                                 2513.5475675366943                                              10.627212851914907        20.410603973750312               391.26348375034434                          79.495704329854945                      8.6996195978554134
                       4       1518.6755974433761     0.022747403191873218      0.11630819477467706       68.970743331089807       3.0500112311994698      0.98549279662031442     0.065728335939690408     0.019992906890350482      0.99772420585671606       1.8081273834315588       9.9914235045337492   2.1115581574517442e-09     0.019992906890350482       500.99887179074301       5.7934714303969193       5.7934714303969193       3025.7642520259583                                                 2514.1744701707185                                              10.590910064496532        20.369667210065074               391.78303907021473                          80.257614892641939                      8.5885506178212943
                       1       1517.1587058527907      0.02276448560340193      0.11640363145430925       68.879497700128596       3.0476912627074375      0.98642608411057286     0.065110365151854366     0.029528922616972035      0.99297029723895858       1.7951568543482754       9.9892440713852633    2.106665087136488e-09     0.029528922616972035       498.12078737133118       5.7934714303969193       5.7934714303969193       3022.7304688447875                                                 2514.0009743020737                                              10.608707171382715        20.555422336782669               391.57120927183246                          77.729361775801422                      8.2647939869146683
                       3       1517.1881675001857     0.022780834081172128      0.11641047880238818         68.8626116449894       3.0478958157660001       0.9861995335801832      0.06510333687572141     0.030746520929981674      0.99305534310230881       1.7875000241806596       9.9915448753483567   2.1070960559999259e-09     0.030746520929981674       498.09713390735357       5.7934714303969193       5.7934714303969193       3022.7893921395776                                                 2514.0323841671566                                              10.659874065067527        20.579097408174675               391.57741110628211                          77.677773120813768                      8.2628522720830411
                       9       1518.6376857772182     0.022619188012609211      0.11578475901176763       69.129704009416727       3.0489250385778037      0.98940535793499795     0.066296176757143416      0.01909882096276861      0.99345689809752713       1.7669722510217969       9.9878718382008689   2.1092658437334005e-09      0.01909882096276861       500.46634071585919       5.7934714303969193       5.7934714303969193       3025.6884286936424                                                 2513.9103351435419                                               11.31175283424132        20.274397403397018               391.90112176493511                          80.028527812870763                      8.2622937346562857
                       4        1518.501493447488     0.022581424347239993      0.11584663458706045       69.118552986790093         3.04741455562207      0.98982822435510665     0.065690663055743143     0.014996815846216177      0.99332847416529169       2.3037190511308863       9.9806575864899827   2.1060822386232566e-09     0.014996815846216177       501.21145478551193       5.7934714303969193       5.7934714303969193       3025.4160440341821                                                 2512.8819735335819                                              11.322615715087943        20.227660527363014               391.74108681903806                          80.961633238588519                      8.2810742005223261
                       6       1516.7654684960373     0.022754426411684552      0.11592582189622447       69.202304421032423        3.044316327463565      0.98835462109595973     0.063501801523047213     0.022372196625789858      0.99335728185371697       2.3063671196183475       9.9377557859734829   2.0995672130567448e-09     0.022372196625789858       497.79346955093723       5.7934714303969193       5.7934714303969193       3021.9439941312808                                                 2512.9212776353538                                              11.229246944989749        20.370886061146109               391.04607637637616                          78.069863134002873                      8.3066439794120317
                       2       1517.1161069854381     0.022600948704696682      0.11638125690439663       69.019714140261485       3.0533886470878633      0.98243381340880631     0.062366831822838385     0.021575662316604065      0.99870460538949801       2.0263177074614398       9.7413055531320456   2.1187018242983307e-09     0.021575662316604065       495.38780294443546       5.7934714303969193       5.7934714303969193       3022.6452711100824                                                 2516.5617097039972                                              10.695758461649815        20.940093945385911               390.84542376268462                          75.319245074372347                      8.2830401619925826
                       3       1520.8240998747151     0.022591655007581275      0.11639373209310959       69.061841783603853       3.0527109026860249      0.98269255725504467     0.061417568042879657     0.016084093241169786       1.0028762932167836        2.675708278258579       8.8547955045668179   2.1172663724874084e-09     0.016084093241169786       494.74763456990945       5.7934714303969193       5.7934714303969193       3030.0612568886363                                                 2524.4837539561258                                                10.8298683626012        20.602918643529392               390.65505751662027                          74.975763638993101                      8.5138947707666688
                       2       1519.7294262813296     0.022870226095190176      0.11604394797685265       69.348720168214712       3.0377571560852328      0.98777307940332992     0.057624640539797385     0.011190571605363304      0.99901874285159276        2.642698216546731       9.2888999621481538    2.085840857856129e-09     0.011190571605363304        499.0133943476464       5.7934714303969193       5.7934714303969193       3027.8719097018652                                                 2517.3233143431084                                              11.535201011110681        20.183302016148389               390.46417355496806                            78.9545970040637                      9.4113217724662395
                       2       1520.0523837353526     0.022862100677255179      0.11609349009171785       69.310964588067023       3.0381606928875771      0.98819910044749493     0.057914484237189347     0.011921800178715341      0.99886766741090671       2.6821359192735215       9.2345100778502243   2.0866827412601508e-09     0.011921800178715341       499.41088796526765       5.7934714303969193       5.7934714303969193       3028.5178246099113                                                 2517.7582764486315                                              11.348660196011537        20.157016447404146               390.49547979567637                          79.456696815684126                      9.3016949065030232
                       3       1519.2725976388408     0.022640377640010239      0.11559139681383537       69.162044411591168       3.0343729563087529      0.98741640508846906     0.057448325665796759    0.0032829112280906431      0.99631825125876672       1.9381874588957246       9.1012476034838343   2.0787938865961139e-09    0.0032829112280906431       497.67315952953743       5.7934714303969193       5.7934714303969193       3026.9582524168877                                                 2517.8084053451689                                              11.476687542181683        20.265223370241358               390.49853915218921                          78.030562934204795                      8.8788340729020643
                       2       1516.4977117006322     0.022662112449817383      0.11546243214843344       69.083236998322334       3.0350127807435658       0.9864961067032324     0.057161804328526723     0.021707203164143849      0.99664558797423264       2.0549354653037346       9.8348359542210328   2.0801243753139045e-09     0.021707203164143849       497.48999737973628       5.7934714303969193       5.7934714303969193       3021.4084805404705                                                 2512.7531791552192                                              11.165304005515436        20.356785472252056               390.49230429577017                          77.678144879416877                      8.9627627322971684
                       8       1517.9299169944743     0.022692165190620724      0.11503374255820593       69.237270630228863       3.0401065071690421      0.98638377639834651     0.059148840400915129     0.018831568304405886        0.999072531664152       2.2467515302451102       9.8463652487854763   2.0907469911944278e-09     0.018831568304405886       497.11816692658368       5.7934714303969193       5.7934714303969193       3024.2728911281547                                                 2515.0437731871762                                              12.110951014395278        20.298409247214863               390.42692662665166                          76.954759535697121                      9.4380715170200222
                       3       1518.6626703143886     0.022713216181131243      0.11505971177647834       69.180416140676996       3.0435075411202543      0.98808500094433493     0.060841193080763377      0.02458043307995653      0.99794347174622011       2.1816807847102284       9.7826035147955555   2.0978697982834342e-09      0.02458043307995653       498.00497768016919       5.7934714303969193       5.7934714303969193       3025.7383977679833                                                 2516.0301722284535                                              11.703247859360719         20.25038105198945               390.54862332051732                           78.44721205324268                      8.7587612544197135
                       3       1518.6975905484767     0.022720843217683213      0.11513429606799037       69.242289041383728       3.0449950992374477      0.98657668382191022     0.060490643610804889     0.015082979240797064      0.99898811396589715       2.2036649536327437       9.7705775644436859   2.1009928237957676e-09     0.015082979240797064       496.85087072663168       5.7934714303969193       5.7934714303969193       3025.8082382361595                                                 2516.9938726857599                                               11.96349482376772        20.369383461084169               390.50093408697307                          77.392096169723544                      8.5884570088508987
                       1       1517.5919920523907     0.022714179589636639      0.11534345536668233       69.191448512236803       3.0464631165065557      0.98606303269284346     0.061046018777843464     0.017067449222912236      0.99887959311313101        2.271051989500537       9.9109656350047857    2.104079382549834e-09     0.017067449222912236       496.20326900482985       5.7934714303969193       5.7934714303969193       3023.5970412439874                                                 2515.8132790739346                                              11.580493165222823        20.429748516603013               390.57038268107289                          76.748922984968772                      8.4542148221851594
                       4       1518.3812411778213     0.022699803718768591      0.11529237275425203       69.330799822360149       3.0427281817120506       0.9885828613571187     0.059097390642549395     0.012877913286148363       0.9987735371422708       2.2578327735387207       9.8382856899823032   2.0962354406776695e-09     0.012877913286148363       497.11206681526591       5.7934714303969193       5.7934714303969193       3025.1755394948486                                                 2515.5272317680433                                              12.536240911539503        20.225778147661629               390.44884142816795                          77.802781094450737                      8.6346661449856068
                       5       1517.8778772070441      0.02269929856448083      0.11530430756270191       69.318112957739586       3.0425456523619427      0.98862553486662819     0.059018361208285623     0.013779881697287827      0.99875512307761671       2.1085717237483879       9.9705035363524264    2.095852851102985e-09     0.013779881697287827       497.15924488033431       5.7934714303969193       5.7934714303969193       3024.1688115532943                                                 2514.5700753956885                                              12.439491277271291        20.221394790757131               390.43951760150276                          77.854564264691362                      8.6437682233830628
                       1       1517.8143348188455     0.022779343368081566      0.11503461112788281       69.419854741617684       3.0385035712125381      0.99014076086613989     0.059057249083919232     0.020761111634928928      0.99797409497498113       2.1009140603275585       9.9702963078567048   2.0873983422182177e-09     0.020761111634928928       498.30840398869105       5.7934714303969193       5.7934714303969193       3024.0417267768971                                                 2512.6212833590967                                              13.112039429109679        20.082907398616157               390.51338190137147                          78.087448198514892                      9.6246664901885577
                       1       1519.1350306514109     0.022744988329593693      0.11499668114628003       69.369278947292031       3.0402817570393252      0.99075093293138339     0.060511306814407972     0.011313241712344092      0.99569924541253285       2.0791340144315158       9.9886532764689324   2.0911134264413565e-09     0.011313241712344092       500.33513933979526       5.7934714303969193       5.7934714303969193        3026.683118442028                                                 2513.5137266059241                                              12.834252496308698        20.128116138163364               390.57667536635591                           81.04617712899983                      8.5841707062761436
                       2       1519.2539454730972     0.022872006710797529      0.11511796219904109       69.390411621951841       3.0397015300864663      0.99043969131722587     0.059693819826958185     0.014657587363935303       0.9957662301438357       2.0525191743671978       9.9278699248479878   2.0899004580023712e-09     0.014657587363935303       499.69838135795743       5.7934714303969193       5.7934714303969193       3026.9209480854006                                                 2514.8524922322231                                              12.370074495220292        20.172546062030392               390.42917112404751                          80.565370578753786                      8.5312935931256977
                       2       1519.7617677344451     0.022886261683939021      0.11500779558082612       69.398295664976033       3.0423184688512976      0.99101962284459311     0.061159292720926801     0.020868552925090433      0.99567082706112942       2.0218447856703312       9.9064049258803006    2.095376761976323e-09     0.020868552925090433       500.00449251194163       5.7934714303969193       5.7934714303969193       3027.9365926080964                                                 2515.4635119255004                                              12.468588170654321        20.150216272654575               390.53644865850663                          80.811526639431136                       8.506300941349334
                       8       1522.5682214563574     0.022785180680275605      0.11502082507331476        69.34190399314339       3.0370662609342189      0.99201815489415501     0.057953523963802323     0.019191547435549055      0.99825286110670119       2.3459124143843799        8.844450812961778   2.0844002582306014e-09     0.019191547435549055       500.70493414044358       5.7934714303969193       5.7934714303969193       3033.5495000519209                                                 2520.3779684510491                                              12.466597460427941        19.988292557067098               390.56557132779091                          80.711989073300984                      9.4390811822846103
                       5       1522.0590715227327     0.023039091997807643      0.11508215353728508       69.021647414829246       3.0404116596299069       0.9933670546986072     0.060546472837987302     0.083873645743332614      0.99623471833803923       2.2001030578234317       8.7755206623787139   2.0913850851368538e-09     0.083873645743332614       501.06430046158385       5.7934714303969193       5.7934714303969193       3032.5312001846714                                                  2520.742421679653                                              10.724478043434901        19.998086997206542               390.54915964892621                           80.26831408524707                      10.248739730204038
                       5       1523.4440896038345     0.023037312073370821      0.11508348608736417       68.999451631470748        3.040190618879905      0.99317553932211911     0.059931285347060333     0.081778915520562448      0.99790321111330416       2.1841591384779182       8.7851658705298714   2.0909228548968337e-09     0.081778915520562448       503.01614412376625       5.7934714303969193       5.7934714303969193       3035.3012363468752                                                 2521.5488030571137                                              10.736289165994856        19.967135369720609               390.51696521659676                          81.699607340076398                      10.832436197372459
                      11       1522.9370350339536     0.023144913415048891       0.1156011924201337       69.418475625332505       3.0278613602444975      0.98344484909735708     0.050380661866853513     0.032395278074902327       1.0007621867016929       1.6985074936727651       9.5586643950839179   2.0653015963515019e-09     0.032395278074902327       503.40575476828121       5.7934714303969193       5.7934714303969193       3034.2871272071134                                                 2519.4433457417754                                              11.438026697057191        20.537516531646531               392.52917433276434                          79.334432654243244                      11.004631249627083
                       2       1520.7940631237575     0.022996345273721016       0.1158400974903898       69.033728795275081       3.0256196640860149      0.98266319383842005     0.050656197855558312     0.037624956740883501       0.9997049527691676       1.6919453797851218       9.8271222503167053   2.0606770030999423e-09     0.037624956740883501       502.81158361764261       5.7934714303969193       5.7934714303969193       3030.0011833867211                                                 2516.3926772338264                                               10.79692253525152        20.543303548546135               392.29024234602542                          79.055605481673695                      10.922432241397344
                       1       1523.2372988590603     0.022514486603428033        0.117625953871153       68.556381956140811        3.023456426063901      0.98758370832138209     0.047346234942076154     0.027454753873081127      0.99740766866475961       1.8400167860389531       9.6526029903946071   2.0562240863514391e-09     0.027454753873081127        506.0328475137552       5.7934714303969193       5.7934714303969193       3034.8876548573267                                                 2517.7272693743225                                              11.127537969248777         20.26952284442217               394.37777846095156                          82.691596635377167                      8.6939495730043355
                       4       1525.0032118936304     0.022511315918839921      0.11766621175119106       68.569618444970018       3.0228826018666264      0.98736159324902106     0.047005166436475655     0.023799621413241247      0.99749081972734999       2.8135894190180593       9.6833574222798227   2.0550445136817085e-09     0.023799621413241247       506.10058633833495       5.7934714303969193       5.7934714303969193       3038.4194809264668                                                 2521.2299133706447                                              11.088981217487337        20.279222667738736               394.65363124513232                          82.477455513097681                      8.6902769123661656
                       3       1522.5949973092661     0.022698755304010842       0.1176017284871048        68.33978293985993       3.0310304838358006      0.98923980729738092     0.056602751767052047     0.073787374284236332      0.99151445892513113       2.6229637156347723       9.4460646120470262   2.0718571745958303e-09     0.073787374284236332        501.2644634940022       5.7934714303969193       5.7934714303969193       3033.6030517577383                                                 2519.1244803610975                                              13.214107902638354        20.262842659709293               390.51358936477737                          81.748556568441003                      8.7394749010744892
                       2       1520.9795343170281     0.022652964820155972      0.11734923324380207       68.342521801406008       3.0331338824288996      0.98896812683331758     0.057693571860208619     0.077605878883919552      0.99198657258740075       2.3828794088166947       9.5783125624334566   2.0762197025211051e-09     0.077605878883919552       500.69380263422636       5.7934714303969193       5.7934714303969193       3030.3721257732623                                                 2516.9800044112494                                              12.698318727785894         20.26011564476886               390.43071847531422                           81.18742696614143                      8.8155415480018888
                       1       1520.1569997698587     0.022803892317101872      0.11641370083691997       68.891820475647719       3.0312283060133298      0.99466667915272566     0.058573802722863437     0.058730338016062346      0.99096235939260902       2.2494961088019498       9.4244132432058336   2.0722670744359408e-09     0.058730338016062346       503.61146221966442       5.7934714303969193       5.7934714303969193       3028.7270566789234                                                 2514.6551474795065                                              10.460446979752149        19.985980237035506               390.52446018600159                          84.070259554788151                      9.0307622418391453
                       1       1520.6771226361825      0.02310464776739448      0.11606466615955793       68.961948052447653       3.0330742032542179      0.98806875533272587     0.058761617445414457     0.075779692731976211      0.99199137537433058       2.7603478713768355       9.6665367176235826   2.0760957991400632e-09     0.075779692731976211       498.43261691383282       5.7934714303969193       5.7934714303969193       3029.7673024115711                                                 2520.5679873774184                                              10.766698120320013        20.379741836186213               390.35141114984589                           78.16568348913394                      9.5357804386668157
                      12       1519.9794437288203     0.023041132809294262      0.11604651972658252       68.925153710779696       3.0307243072599692      0.98751100767226196     0.057560682516614156      0.06591807059120583      0.99240389825228159       2.7800660521331881       9.7364746876195163   2.0712229175627789e-09      0.06591807059120583         498.254736627748       5.7934714303969193       5.7934714303969193       3028.3719445968468                                                  2519.306819430928                                              10.810388538170939        20.380333256846598               390.40519983338987                          77.947499622155547                      9.5217039153559782
                       1       1520.3694255278058      0.02295871982743998      0.11664839323534335       68.637191507991574       3.0274296495601125      0.99076926413655864     0.056033500258679328     0.051504750256833341      0.99286369053786605       2.5012529958640131        9.695644277587057   2.0644101760175657e-09     0.051504750256833341       502.01995217426457       5.7934714303969193       5.7934714303969193       3029.1519081948177                                                 2514.8720628064198                                              12.259893214133596        20.090360809643755               390.73062276956142                          82.125318995701505                      9.0736495993579052
                       2       1519.8685253933327     0.022731528120602876      0.11689967215403492       68.420917900978893       3.0260342649985477      0.98702820367859001     0.055438761589175919     0.037044603929339427      0.99424718627701925       2.3240658115117436       9.9593047943275899    2.061531538799262e-09     0.037044603929339427       502.16456068208231       5.7934714303969193       5.7934714303969193       3028.1501079258715                                                 2512.9528307632263                                              13.032716480563224        20.198545170974398               390.69657390920224                          82.036556742349887                      9.2328848595557762
                       1       1519.4459953774231     0.022641871868460971      0.11709853150018508       68.130130614003889        3.037030129811618       0.9868996712113316     0.059388690504599759     0.060618835622189234      0.99555790450754444       2.0728048088725002       9.9369991965591424   2.0843249478698544e-09     0.060618835622189234       501.17342986492594       5.7934714303969193       5.7934714303969193       3027.3050478940522                                                 2510.8853972033794                                              15.246220825747116        20.225089065058683               390.47233119789246                          81.702634764024509                       8.773374837950259
                       1       1518.9011832558724     0.022643744290512201      0.11714514159814414       68.123806203240036       3.0366830313889079      0.98695478133100101     0.059268422630486942     0.060857362561278681      0.99479213974371605       2.0785971325855277       9.9312582997395236   2.0836016075104445e-09     0.060857362561278681       500.01228762760752       5.7934714303969193       5.7934714303969193       3026.2154236509509                                                 2510.8330070752149                                               15.37012894812853        20.257182926832797               390.47457205938412                          80.658397924968241                      8.6221347164223729
                       5       1519.4697383274665     0.022659629547950227        0.117355336820906       68.114404945844839       3.0393207173236827      0.98583839939241147     0.060503867112721321      0.05191098221038936      0.99471035048443679       2.1103114152604143       9.9088016439607376   2.0891047487527514e-09      0.05191098221038936       499.57587660379983       5.7934714303969193       5.7934714303969193       3027.3525337941392                                                 2511.7780571823155                                              15.998600008024125        20.355928833847031               390.57405933650233                          80.243168597111705                       8.402719836338763
                       3       1520.4527371161432     0.022583544925375225       0.1172917003984791       67.927955538509977       3.0390486422645813      0.98528983665199743     0.059146447520069756     0.069072129019418199       0.9933849842488518       2.1060361332695234       9.8935166250002222   2.0885364327705736e-09     0.069072129019418199       500.72085934634566       5.7934714303969193       5.7934714303969193       3029.3185313714926                                                 2511.0309165856966                                              17.566755439450453        20.541287541126337               390.43050132319075                          81.404865441826004                      8.3442050402025494
                       2       1520.9113344561256     0.022554626924294299      0.11730004190373412       67.941643419042933       3.0354080862698392      0.98568903009224584     0.058026168463580476     0.066604680858533161      0.99626760054569652        1.924657738733575       9.8866808894496909   2.0809468225230554e-09     0.066604680858533161       501.58488866610679       5.7934714303969193       5.7934714303969193       3030.2357260514573                                                 2511.5545320551905                                               17.09630533016022        20.268978530852621               390.46666133288329                          81.924776953926724                      8.9244718484441545
                       2       1520.0197763833191     0.022551545569603065      0.11732990170097253       67.928826584844842       3.0368246751887753      0.98530460510257833     0.058689314504786906     0.065353174370969463      0.99525307249596651       1.9293737594055018       9.8874512841732827    2.083896757662143e-09     0.065353174370969463       499.28496255874205       5.7934714303969193       5.7934714303969193       3028.4526099058444                                                 2511.8468311549636                                               17.32081619213848        20.364934922312329               390.45672781343347                          79.901150123715084                      8.5621496992811981
                       5       1520.1541750460478     0.022717379804447678      0.11734544898837869       68.128611395589942        3.031576522934631      0.97960236909469667      0.05239815463151043     0.037368341009324978      0.99892395975768944       1.9531809759032313       9.9361605251574527   2.0729887985476962e-09     0.037368341009324978       497.84674034034009       5.7934714303969193       5.7934714303969193       3028.7214072313018                                                 2514.0932201553023                                              16.781446735659571         20.86716064277141               391.21119491643071                          77.351064192207616                      8.4173205889303446
                       2       1519.9338524567679     0.022746217029744758      0.11724203328718243        68.16601857038529       3.0330053445354159      0.97968959050289361     0.053326688902403704     0.039961028790868318      0.99877962074849158       1.9394176092000668       9.9238883125141655    2.075952846765039e-09     0.039961028790868318        497.6364809789593       5.7934714303969193       5.7934714303969193       3028.2807620527419                                                 2514.2535080840257                                              16.390772989756815        20.877508775863305               390.88685016366975                          77.446240807189881                      8.4258812322363479
                       4       1518.6464986725521     0.022756998810177013      0.11744565398475022       68.194445809609931       3.0296329408254734      0.97850803529954644     0.052542637019396231     0.042925927196830693      0.99748987140086109        2.038010808614986       9.9362490399650074   2.0689636874403979e-09     0.042925927196830693       496.61844353930098       5.7934714303969193       5.7934714303969193       3025.7060544843102                                                 2512.9671526019119                                              16.120458343097869        21.036784094098891               391.04579206966184                          75.947979828859943                      8.5878875466802782
                       1       1518.3094312315568     0.022656598391540706      0.11720523597002054       68.446674848789925       3.0189278461363132      0.98085749480998718     0.047347115594836252      0.01813471339954063      0.99779275076027318       2.0729940822258519       9.9529834085680644   2.0469333639946212e-09      0.01813471339954063        499.8116266505337       5.7934714303969193       5.7934714303969193       3025.0319196023197                                                 2512.4966204028651                                              12.723672548920918        20.673273126667652               393.99216656522276                          76.008061753377717                      9.1381252052655864
                       4       1519.5326042750282     0.022704573050413322      0.11730195091019593       68.498059787253382        3.018815039345891      0.97929808692175646     0.045785096998495992     0.018790748136739064      0.99892440919704173       1.8609179911240696       9.7263749937331525   2.0467024690351257e-09     0.018790748136739064       499.92879815533416       5.7934714303969193       5.7934714303969193       3027.4782656892626                                                 2514.9601938055466                                              12.589273728381626        20.854445608073547               395.11448659088126                          74.840484771729052                      9.1193811846503277
                       1       1518.3499806039063     0.022373965109271504      0.11643079973577489       68.501187561028559        3.034255049452907      0.97518108372424672     0.051020496927606199     0.022888204432475558       1.0036397579447682       1.9615030452477256       9.7734755474562114   2.0785487969941498e-09     0.022888204432475558       494.19996324858386       5.7934714303969193       5.7934714303969193       3025.1130183470186                                                 2520.1085934807156                                              10.804461617719397        21.293243193827891                391.4918019242383                          72.289129831168552                      9.1257882993490878
                       1       1518.6639054503203     0.022367715973788643      0.11646272333438522       68.505992288792569       3.0346559594191556       0.9750919186094934     0.051085097580924131     0.019438286733469198       1.0024566516126145       1.9646983341181705       9.7682994559539473   2.0793822749858517e-09     0.019438286733469198       494.63404961283555       5.7934714303969193       5.7934714303969193       3025.7408680398466                                                  2520.305600278261                                              10.801218148749602        21.437894222665591               391.40733571907265                          73.169882596489416                      8.6189370746078975
                       2       1518.9089352876367     0.022364012360489134      0.11645540515182939       68.504593619204954       3.0336742185353982      0.97525803266625677     0.050602562725975908     0.018429272298898871       1.0024718526599186       1.9625286992007398       9.7740051509238306   2.0773418621357768e-09     0.018429272298898871       495.01591892326741       5.7934714303969193       5.7934714303969193       3026.2309277144795                                                 2520.4099324701156                                              10.805076321096928        21.400210682888996               391.63898119168192                          73.319736888501836                      8.6569901601946313
                       7       1518.3232186745304     0.022349384947568111      0.11644097507483336       68.578611170499045       3.0335213572875439      0.97605016286007551     0.051564305395745004    0.0047966775236663716       1.0016058143950544       1.9844703310214831       9.7580862872927376    2.077024341335442e-09    0.0047966775236663716       494.76085032790769       5.7934714303969193       5.7934714303969193       3025.0594944882669                                                  2519.656112627009                                              10.642531533350336        21.291503771954297               391.25245866982783                           73.62516490743576                      8.5917229786898091
                       1       1518.5047071160277     0.022317614332016622       0.1164255292766148       68.593923596623512       3.0335580897748926      0.97579376453024402     0.051464515451349613    0.0011382152558086626       1.0018470000996931       1.9988309972738054        9.772441894947832   2.0771006370070394e-09    0.0011382152558086626       494.72596929674438       5.7934714303969193       5.7934714303969193       3025.4224713712615                                                  2520.134560975252                                              10.561941099264388        21.311538196115862               391.27461254236869                          73.506720593455839                      8.6330979648039943
                       1       1518.2956274613678     0.022336959285641306      0.11640980405985653       68.603626746371049        3.033266471492722      0.97503147076162455     0.051007441774698327    0.0050886255310638902       1.0031136329955364       2.0060456834615619       9.7825814371312418   2.0764950047983838e-09    0.0050886255310638902       494.17468864849707       5.7934714303969193       5.7934714303969193       3025.0043120619416                                                 2520.2709317724662                                              10.558691640978534        21.320191292687639               391.48286408712528                          72.382085394334652                      8.9895478743495172
