#                 weight             minuslogpost                 omegabh2                 omegach2                       H0                     logA                       ns                      tau               mnu_sample                 A_planck               TT_tSZ_Amp               TT_kSZ_Amp                       As                      mnu                chi2__CMB            minuslogprior         minuslogprior__0                     chi2 chi2__sbt_spt_audit.likelihoods.candl_cobaya.CandlCobayaLikelihood chi2__sbt_spt_audit.likelihoods.desi_dr2_bao.DESIDR2BAOGaussian chi2__planck_2018_lowl.TT chi2__planck_2018_lowl.EE_sroll2 chi2__planck_2018_highl_plik.TT_lite_native chi2__planckpr4lensing.PlanckPR4Lensing
                       5       1519.0910629853163     0.022541730580202667       0.1163825775769423       68.522767361059209       3.0432867015633778      0.98798410354802546     0.062861695192220735     0.058987845291417297       0.9929615932551209         2.53770036861745       9.7889953527730302   2.0974065567997012e-09     0.058987845291417297       501.17083312633019       5.7934714303969193       5.7934714303969193       3026.5951831098387                                                 2514.5340947065565                                              10.890255276951647        20.379840051932376                391.0314546727908                          81.322302633522938                      8.4372357680840739
                       4       1518.6345683538798     0.022520117137247511      0.11645212517361228       68.518058568077933       3.0413329217582961      0.98801728863064364     0.061386486404375565     0.050970007269052084      0.99340296636454462       2.5001315843080456       9.8111710322575991   2.0933126867885348e-09     0.050970007269052084       501.53187146718903       5.7934714303969193       5.7934714303969193       3025.6821938469657                                                 2513.2253689982426                                              10.924953381533776        20.359208826936879               390.68304120040381                          82.087272708679251                      8.4023487311691412
                       1       1518.0924010506114     0.022520117137247511      0.11645212517361228       68.518058568077933       3.0413329217582961      0.98801728863064364     0.061386486404375565     0.050970007269052084      0.99609149172192202       2.5001315843080456       9.8111710322575991   2.0933126867885348e-09     0.050970007269052084       500.44753686065286       5.7934714303969193       5.7934714303969193        3024.597859240429                                                 2513.2253689982426                                              10.924953381533776        20.204973900792425               390.72181561269423                          80.498484028178723                      9.0222633189874912
                       1       1518.9943327580197     0.022527037757922905      0.11650392483719406       68.464843951531378         3.04416095011773      0.98773082956510139     0.063464234730322755     0.054097247723865108      0.99539035111506868       2.5300692401942584       9.7787182880512074   2.0992410132184672e-09     0.054097247723865108       500.46638752985825       5.7934714303969193       5.7934714303969193       3026.4017226552455                                                 2514.7441723745478                                              11.191162750839155        20.242529524170322               391.18377553709632                          80.191918683868437                      8.8481637847231696
                       6       1519.2039032689111     0.022461277916746129      0.11692103338274755       68.211736501923085       3.0438130027413144      0.98425159243216365     0.061881125757211282     0.041728677658411178      0.99652022913287286       2.4791909590759387       9.8199104206818362   2.0985107148755176e-09     0.041728677658411178       498.92060376406954       5.7934714303969193       5.7934714303969193       3026.8208636770282                                                 2514.8037034873701                                              13.096556425588457        20.491670696959261                390.8589748675044                          79.145966461586028                      8.4239917380198648
                       1       1520.3119757171644     0.022376562357353972      0.11660507237677963       68.152812055881384       3.0367565049720677       0.9830601168330193     0.059525857974946243     0.051670488957581286      0.99578744774816874       2.5720002120873744        9.861387009688805   2.0837547028105866e-09     0.051670488957581286       498.45083230241062       5.7934714303969193       5.7934714303969193       3029.0370085735349                                                 2517.7974236535074                                              12.788752617616668        20.548818753844216               390.49136857844417                          78.375869822256377                      9.0347751478658225
                       8       1519.7564468026435     0.022819944840055784       0.1158149345150252       69.074091009324093       3.0549553061089276      0.98789165997081119     0.068896197184376576     0.056870892444103094      0.99574088950868278       2.5240229264108245       9.6950344522003622   2.1220237090752479e-09     0.056870892444103094       498.07256078289123       5.7934714303969193       5.7934714303969193       3027.9259507444931                                                 2519.1255266646763                                              10.727863296925607          20.3520862208876               392.92985990061413                          75.869135740229936                      8.9214789211595935
                       3       1519.1091157864435     0.022872054726440164       0.1157869196359755       69.143170349720577       3.0518081480563097      0.98843481467676708     0.067358926751697537     0.053354995862265747      0.99549232971849722       2.4859646847326586       9.6951062751921917   2.1153558629577168e-09     0.053354995862265747       497.79061720005552       5.7934714303969193       5.7934714303969193        3026.631288712093                                                 2517.9842479461408                                              10.856423565897321        20.309235843244323               392.26649749289771                          76.201165141577448                      9.0137187223360211
                       1       1519.4240243442496     0.022918230308608567      0.11515923271399094       69.226872721358774       3.0542032471866296      0.98561806634589155     0.066984973255949459     0.043964197135551414      0.99776244209961185       2.3807592867244449       9.7490110615709931   2.1204284221615787e-09     0.043964197135551414       497.89637513966227       5.7934714303969193       5.7934714303969193       3027.2611058277053                                                 2518.0053466837971                                               11.35938400424569        20.553685510475418               392.08552662134724                          76.327760254941211                      8.9294027528983957
                       6       1518.7646410485302     0.022918230308608567      0.11515923271399094       69.226872721358774       3.0542032471866296      0.98561806634589155     0.066984973255949459     0.043964197135551414      0.99773196987518953       2.1447035847053821       9.8502219712784438   2.1204284221615787e-09     0.043964197135551414       497.86671039486794       5.7934714303969193       5.7934714303969193       3025.9423392362664                                                 2516.7162448371528                                               11.35938400424569        20.555925308361395               392.08552662134724                          76.306237147035375                      8.9190213181238907
                       8       1519.1535187404352     0.022918230308608567      0.11515923271399094       69.226872721358774       3.0542032471866296      0.98561806634589155     0.066984973255949459     0.043964197135551414       0.9976401352125982       2.0462151775766872        9.653288941862046   2.1204284221615787e-09     0.043964197135551414       497.78532096256509       5.7934714303969193       5.7934714303969193       3026.7200946200765                                                  2517.575389653266                                               11.35938400424569        20.562691821089345               392.08552662134724                          76.248916805394458                      8.8881857147340497
                       4       1519.2825701630711        0.022917863740112      0.11516240725907104       69.227213314285521       3.0541784698478391      0.98560091722820531     0.066962374710038783     0.043818675535997685      0.99764841062050302        2.046128539715582       9.6536443487626524   2.1203758842390594e-09     0.043818675535997685       498.02462025653449       5.7934714303969193       5.7934714303969193       3026.9781974653483                                                 2517.5936487778413                                              11.359928430972621        20.564104717263092               392.08525509282316                          76.485049392532275                      8.8902110539159498
                       3       1519.3886857019099     0.022932945295532102      0.11508522168795465       69.275968196403838        3.053913056230992      0.98622192252687113      0.06707853834331319     0.043467558664887912      0.99743000844455854       2.0428614024000771       9.6468166767488039   2.1198131822842316e-09     0.043467558664887912       497.96408343470165       5.7934714303969193       5.7934714303969193        3027.190428543026                                                 2517.6399776259818                                              11.586367482342258        20.511142417792939               392.09465438771105                           76.41088255625634                      8.9474040729413158
                       1       1519.7070504636961     0.022932945295532102      0.11508522168795465       69.275968196403838        3.053913056230992      0.98622192252687113      0.06707853834331319     0.043467558664887912      0.99741887023686326       2.1508766513593973        9.524688784269765   2.1198131822842316e-09     0.043467558664887912       497.95489784283552       5.7934714303969193       5.7934714303969193       3027.8271580665983                                                 2518.2858927414204                                              11.586367482342258         20.51193854403175               392.09465438771105                          76.404750665470686                      8.9435542456220833
                       4       1519.5912164584824     0.022932945295532102      0.11508522168795465       69.275968196403838        3.053913056230992      0.98622192252687113      0.06707853834331319     0.043467558664887912      0.99675319839878251       2.1508766513593973        9.524688784269765   2.1198131822842316e-09     0.043467558664887912       497.72322983240861       5.7934714303969193       5.7934714303969193        3027.595490056171                                                 2518.2858927414204                                              11.586367482342258        20.560249393011588               392.08950478338363                          76.341847860858763                      8.7316277951546262
                       1       1519.8223755328963     0.022940595023628992      0.11520471735941491       69.214454087923713       3.0512737174558113      0.98636082364368705     0.067311756650495533     0.053040547545139594      0.99492833028750727       2.2274571006324568       9.4905471376869404    2.114225654089611e-09     0.053040547545139594       497.71779801436946       5.7934714303969193       5.7934714303969193       3028.0578082049988                                                 2519.1023840447742                                              11.237626145854801        20.559944783139827               392.21184438030673                          75.960801796782476                      8.9852070541404778
                       5        1518.334237519756     0.022749580617181343      0.11543645676975049       69.237329924595386       3.0508180900902029      0.98422589244250236     0.066008520990850292     0.037091887165398497      0.99650394719082336        2.301149043479028       9.5613529491811544   2.1132625744439185e-09     0.037091887165398497       495.00721887865353       5.7934714303969193       5.7934714303969193       3025.0815321787181                                                 2518.3499260779126                                              11.724387222151773         20.69892901484468               391.81245056753176                          73.551561758919817                      8.9442775373572836
                       1       1519.3639417991596     0.022749580617181343      0.11543645676975049       69.237329924595386       3.0508180900902029      0.98422589244250236     0.066008520990850292     0.037091887165398497       0.9964362076211527       2.3746278012062199        9.296418615648248   2.1132625744439185e-09     0.037091887165398497       494.99741352301209       5.7934714303969193       5.7934714303969193       3027.1409407375254                                                 2520.4191399923616                                              11.724387222151773        20.704347661324846               391.81245056753176                          73.559575119049541                      8.9210401751059027
