#                 weight             minuslogpost                 omegabh2                 omegach2                       H0                     logA                       ns                      tau               mnu_sample                 A_planck               TT_tSZ_Amp               TT_kSZ_Amp                       As                      mnu                chi2__CMB            minuslogprior         minuslogprior__0                     chi2 chi2__sbt_spt_audit.likelihoods.candl_cobaya.CandlCobayaLikelihood chi2__sbt_spt_audit.likelihoods.desi_dr2_bao.DESIDR2BAOGaussian chi2__planck_2018_lowl.TT chi2__planck_2018_lowl.EE_sroll2 chi2__planck_2018_highl_plik.TT_lite_native chi2__planckpr4lensing.PlanckPR4Lensing
                       3       1656.6512564478476     0.022372648703440419      0.11674939091854723       68.805952717137856       3.0442429690477768      0.99680155957099448     0.054295250710650479     0.071425199389138314      0.98547579517185124       1.8989814754567582       9.9792893734028159   2.0994131977813817e-09     0.071425199389138314       742.71160157963163       5.7934714303969193       5.7934714303969193       3301.7155700349012                                                 2548.4946197948921                                              10.509348660378262        20.573535775809148               390.88220906449601                          315.05890565559065                      16.196951083735883
                      15       1658.2772560458752      0.02230014017568744      0.11748147180034058        68.38178873292847       3.0494899368330541      0.99300608390388612     0.054043971318107301     0.077927113362966566      0.98783134342256118       1.8953210839892687       9.9078695785709474   2.1104577009357177e-09     0.077927113362966566       739.05621732268946       5.7934714303969193       5.7934714303969193       3304.9675692309565                                                 2555.0922604320663                                               10.81909147620067         20.90318110857288                390.7520225003509                          308.52292209777102                      18.878091615994691
                       4       1658.2381788342614     0.022300677147782506      0.11733415482910095       68.394679587417158       3.0485555940833753      0.99387824352026244     0.054011313365859563     0.079773633772025718      0.98753660558058465         1.89632534927317       9.8821545317900625   2.1084867310084623e-09     0.079773633772025718       740.24484541906202       5.7934714303969193       5.7934714303969193       3304.8894148077288                                                 2553.9245140028711                                              10.720055385795582        20.806864618003544               390.77212148739625                          310.33293926823529                      18.332920045426903
                       3       1656.6392304687881     0.022341753267611435      0.11728839346514651       68.481713489932133        3.046604674550343        0.993954117982079     0.053390136211892147     0.076706786806533395      0.98711904630570857       1.8971523203840581       9.8861798246135493   2.1043772529936825e-09     0.076706786806533395       739.04472076075092       5.7934714303969193       5.7934714303969193       3301.6915180767824                                                 2552.1261518276374                                              10.520645488394671        20.810412719276087                390.9845887102403                          309.34825150078461                      17.901467830449821
                       2       1652.1383463778079     0.022685255562412028       0.1164481134964703       68.574957184766689       3.0506950618268238      0.99124971187056343     0.053765187866488963      0.12397715902865428      0.98925434983297167       1.8997618494923381       9.4192158891555327   2.1130025994117869e-09      0.12397715902865428       722.01415994295144       5.7934714303969193       5.7934714303969193       3292.6897498948219                                                  2560.068298352619                                               10.60729159925137        21.149629710390741               390.77956851094842                          296.40330295437229                      13.681658767239975
                       2       1649.1396674187579     0.022685255562412028       0.1164481134964703       68.574957184766689       3.0506950618268238      0.99124971187056343     0.053765187866488963      0.12397715902865428      0.98948409921734204       1.8997618494923381       9.4192158891555327   2.1130025994117869e-09      0.12397715902865428       716.01680202485147       5.7934714303969193       5.7934714303969193       3286.6923919767219                                                  2560.068298352619                                               10.60729159925137        21.128968508719822               390.78202930952301                          290.64485168231005                      13.460952524298577
                       5        1650.260592724554     0.022688243333319254      0.11653106704641589       68.596763053284064       3.0516527995258134      0.99130886050434652     0.053836148471558071      0.11705727859492816      0.98979722569198303       1.9002945606843054       9.3225942680016018   2.1150272710567252e-09      0.11705727859492816       715.98111176899033       5.7934714303969193       5.7934714303969193       3288.9342425883142                                                 2562.3612839724656                                              10.591846846858155        21.132471011576797               390.78015420037229                          289.84595186191228                      14.222534695128923
                       5       1649.7467027570938     0.022671222237964618      0.11674587470245902       68.466377022398717       3.0517752988828288      0.99115692288454371     0.054027150540309099      0.12067350819450784      0.98942003324918604       1.9006335844537328       9.3638504392018902   2.1152863764072953e-09      0.12067350819450784       716.66946504961993       5.7934714303969193       5.7934714303969193       3287.9064626533936                                                 2560.0970064533294                                              11.139991150444313        21.151793763467765               390.70528248369618                          290.14080913289968                       14.67157966955628
                       2       1641.5185442031868     0.022803005428402093      0.11703326526815891       68.513049425049331       3.0328342363045437       0.9845444188115684     0.045214715749203875      0.11229354998302997      0.98828552798656777       1.8965143022522983       9.8853957533960042   2.0755976645342233e-09      0.11229354998302997       716.40020472479785       5.7934714303969193       5.7934714303969193       3271.4501455455797                                                 2543.4621923054046                                              11.587748515376772        21.980497136746067               395.33507367571747                          287.06528685694627                      12.019347055388049
                       4        1641.115121942576     0.022818888402125932      0.11690847824776651       68.469092706679845       3.0349590421528592      0.98399869165967624     0.046078667752646602      0.12216154616736331      0.98866410490780576       1.8958227488163957       9.8766717741561152    2.080012595364956e-09      0.12216154616736331       715.14571332600042       5.7934714303969193       5.7934714303969193       3270.6433010243582                                                  2543.669763263526                                              11.827824434831674        22.063699005280625               394.53564017034796                           286.8687413101963                      11.677632840175487
                       5       1637.8333768403436     0.022866423661380898      0.11649634477218028       68.669101888986418       3.0414811976120961      0.98456152097112404      0.04984308354908884      0.11615333188112784      0.98869235325372351       1.8960515745261723       9.7721325488304096   2.0936230975270788e-09      0.11615333188112784       711.44284374286292       5.7934714303969193       5.7934714303969193       3264.0798108198933                                                 2541.8320292769317                                              10.804937800098889         22.05059098269129               392.11113834674279                          285.15537248113822                      12.125741932290662
                       1       1636.4337190099268     0.022896214490922655      0.11674120746570688       68.741917786414461       3.0367561388636268       0.9850625393532193     0.048036328280674688     0.085559026711839209      0.98776312341408501       1.8997745842293134       9.6013852396377626    2.083753939930541e-09     0.085559026711839209       713.15186322022225       5.7934714303969193       5.7934714303969193       3261.2804951590597                                                 2537.2482992693981                                              10.880332669439008        21.982091912386124               393.24740741675214                          284.11244969776897                      13.809914193314977
                       2       1635.4295150457158     0.022936241886950433      0.11662384773179346       68.596510390624189       3.0364857259807021      0.98590326566840936     0.048990635193276143      0.10793520477785556      0.98664090389057268       1.9019760791385463       9.6391913066048005   2.0831905421987743e-09      0.10793520477785556       713.87029262615363       5.7934714303969193       5.7934714303969193       3259.2720872306377                                                 2533.8061434308665                                              11.595651173617426        21.860744107717096               392.65751945609446                          286.56153156620542                      12.790497496136705
                       4       1634.9855249620375     0.022979170732702635      0.11753339757948904       68.677130187155626        3.054357686788562      0.98182486648180201     0.055829052317595093     0.081765080389190697      0.98786791364722015       1.8978717433056598        9.614906988899321   2.1207559255721207e-09     0.081765080389190697       709.31677280252222       5.7934714303969193       5.7934714303969193       3258.3841070632811                                                  2537.252669064002                                              11.814665196756719        22.821720616503171               390.10678779116637                            277.393444037726                      18.994820357126692
                       7       1634.8489029953128     0.023016416637449421      0.11682982197597452       68.737348951227503       3.0568792633793884       0.9775563549122579     0.056275139377763003      0.11147682258462283      0.98979522699987676       1.8896325131387723       9.9210633762395535   2.1261103219921421e-09      0.11147682258462283       708.72293020593656       5.7934714303969193       5.7934714303969193       3258.1108631298316                                                 2538.2969901556285                                              11.090942768266547        23.624137827480695               389.98358626485822                          280.45047712072443                      14.664728992873226
                      11        1634.315935349327     0.023013736659998528      0.11675727378876892       68.757128048459748       3.0564211316114025      0.97759500124859233     0.056242538603922233       0.1104480280709991       0.9897063899574291       1.8894651434911107       9.9402338159299326   2.1251365063963574e-09       0.1104480280709991       708.75625006155553       5.7934714303969193       5.7934714303969193       3257.0449278378601                                                 2537.3109950666239                                              10.977682709681055        23.608640240771024               389.96299566223217                          280.68835245107687                      14.496261707475449
                       8       1634.6667479493012     0.023142305022775318      0.11618071018766657       69.187138885337106        3.059756767261014       0.9789364810638933      0.05931654228503145     0.098134377368835776      0.98876384712719556       1.8915368463112026       9.8473125099204797   2.1322370232723584e-09     0.098134377368835776       710.71000705613369       5.7934714303969193       5.7934714303969193       3257.7465530378086                                                 2536.5312658498397                                              10.505280131835425        23.520288091085035                390.0772213974484                          282.73602309378487                      14.376474473815447
                       3        1634.858603570138     0.023182256586303025      0.11628544912590047       69.135318258469098        3.057385937648089       0.9806052718079572     0.058893208435720171      0.10555730913471956       0.9875937550062075       1.8953167437992346       9.7887842135379799   2.1271878403370722e-09      0.10555730913471956       711.24135853709447       5.7934714303969193       5.7934714303969193       3258.1302642794822                                                 2536.4646871149794                                              10.424218627408127        23.195555084094849               390.04226037020698                          283.91207714313754                      14.091465939655123
                       1       1635.4635790111988     0.023182256586303025      0.11628544912590047       69.135318258469098        3.057385937648089       0.9806052718079572     0.058893208435720171      0.10555730913471956       0.9875937550062075       1.7681472455159504       9.5217037896831815   2.1271878403370722e-09      0.10555730913471956       711.24135853709447       5.7934714303969193       5.7934714303969193       3259.3402151616037                                                 2537.6746379971009                                              10.424218627408127        23.195555084094849               390.04226037020698                          283.91207714313754                      14.091465939655123
                       3       1635.2886562421418     0.023193019809240399      0.11619544507436523       69.319991847267971       3.0566769573001809      0.98218279402653208     0.059273513030729461     0.091093970009507017      0.98687094118045571       1.7698904392761308       9.4777220217599414   2.1256802404544587e-09     0.091093970009507017       710.90367719640017       5.7934714303969193       5.7934714303969193       3258.9903696234896                                                 2537.3527709280088                                              10.733921499080239        22.938984325367755               390.06885159848082                          283.32495788994163                       14.57088338261002
                       2       1633.8841995387645     0.023085882939855546      0.11543552514434047       69.175890333965384       3.0498217591577288      0.98530954427243111     0.057154895714902773       0.1204675288070224      0.98654598141235028       1.7703123740779978       9.5774058784172169   2.1111581141161074e-09       0.1204675288070224       710.83735207465509       5.7934714303969193       5.7934714303969193       3256.1814562167351                                                 2534.5904146839853                                              10.753689458095096        22.157447840710745               390.10081944231206                          287.32711279355266                        11.2519719980796
                       3        1634.047739620652     0.023093203890778752      0.11539731425728787       69.175855253835152       3.0501843614402007      0.98547984115002074     0.057356612955235142       0.1225838613231712       0.9865490807121795       1.7706091107285657       9.5570511081238045   2.1119237636716944e-09       0.1225838613231712       710.80937767803482       5.7934714303969193       5.7934714303969193       3256.5085363805101                                                 2534.9433505595966                                              10.755808142878763        22.132856320846884               390.06881230877752                           287.4260335912669                      11.181675457143587
                       5       1634.9041924409792     0.023161300466027511      0.11534841814568228       69.175442568932993       3.0514882157910956       0.9859834767241743     0.058086303038059103      0.12592125810078059      0.98636581074338281       1.7732931028314873       9.3850997821036852   2.1146792006135771e-09      0.12592125810078059       711.76581654425866       5.7934714303969193       5.7934714303969193       3258.2214420211644                                                 2535.7849868774301                                              10.670638599475286        22.090683605832339               390.06186207661295                          288.23746951265372                       11.37580134915954
                       5       1622.7076426591564     0.023161300466027511      0.11534841814568228       69.175442568932993       3.0514882157910956       0.9859834767241743     0.058086303038059103      0.12592125810078059       0.9873333786274151       1.7732931028314873       9.3850997821036852   2.1146792006135771e-09      0.12592125810078059       687.37271698061363       5.7934714303969193       5.7934714303969193       3233.8283424575188                                                 2535.7849868774301                                              10.670638599475286        21.975350108415626               390.09077271948684                          264.59945390864925                      10.707140244061968
                       4       1621.0001584793274     0.023038110610470553      0.11659956912440188       69.428040085979873        3.056269733674482      0.98213372868336668     0.058361918063915087     0.044167792938905784      0.98848719465755841       1.7674681967690917       9.4837199003936128   2.1248147894678684e-09     0.044167792938905784       683.52012768149223       5.7934714303969193       5.7934714303969193       3230.4133740978609                                                 2535.6356025471587                                              11.257643869209732         22.76519581900277                390.0523030112771                          253.81386523851714                      16.888763612695286
                       4       1617.4201308355489     0.022920266440888216         0.11692290705145       69.016855941521143       3.0604175479803444      0.97811880490426262     0.059805802482921389     0.056092200336680428      0.98929657297327778       1.7610896984547342       9.7934211417575092    2.133646429989489e-09     0.056092200336680428       682.96804260403758       5.7934714303969193       5.7934714303969193       3223.2533188103039                                                 2529.8693919870989                                              10.415884219167966        23.492688883047322               390.20538818378293                           251.3081972745596                       17.96176826264773
                       1       1616.1477151551442     0.022905956828914931       0.1170091552793667       69.070706065215177       3.0607915745754828        0.977906925087349     0.060834522296523287     0.048104408810900834      0.98840164893801874        1.760188635217091       9.9598972472057685    2.134444619761723e-09     0.048104408810900834       683.08631265183465       5.7934714303969193       5.7934714303969193       3220.7084874494944                                                 2527.2154538193572                                              10.406720978302358        23.591036424339279               390.39778178971386                           250.5009226046048                      18.596571833176643
                      12       1615.7917504079014     0.022876955395374331      0.11709937041711536        69.05530601111748       3.0607262401284823      0.97901182526812203     0.061117054466994565      0.04018313079909943      0.98799008104623542       1.7616444863523513       9.9043273667784479   2.1343051715582731e-09      0.04018313079909943       683.19924891945914       5.7934714303969193       5.7934714303969193       3219.9965579550089                                                 2526.3874903443516                                                10.4098186911982        23.359660760086342               390.46421781987146                          249.66411091456411                       19.71125942493725
                       4       1615.3105271999607     0.022874041048546723      0.11733654071694107       69.168330706468836       3.0606434526118145      0.97790086802569498     0.061193433360509634     0.018151993580015152      0.98767506234304769       1.7604572067368087       9.9877415190060344   2.1341284850471279e-09     0.018151993580015152       683.32348250663154       5.7934714303969193       5.7934714303969193       3219.0341115391275                                                 2525.2349214948381                                              10.475707537657962        23.632884341513375               390.47794220242326                          247.85058846529782                      21.362067497397113
                      10       1573.5779196388535     0.022874041048546723      0.11733654071694107       69.168330706468836       3.0606434526118145      0.97790086802569498     0.061193433360509634     0.018151993580015152      0.99160942454543288       1.7604572067368087       9.9877415190060344   2.1341284850471279e-09     0.018151993580015152        599.8582673844171       5.7934714303969193       5.7934714303969193        3135.568896416913                                                 2525.2349214948381                                              10.475707537657962         23.03970401970264               390.49300578090919                          170.21271640267051                      16.112841181134769
                      10       1574.1641102000967     0.022967263248127062      0.11705023659649987       68.949906971083905       3.0662568019432475      0.97892379065064639     0.065275416833206784     0.052457993424184494      0.99047166250751451       1.7641844765355417       9.8840409612418796   2.1461417796167969e-09     0.052457993424184494       602.75477592975187       5.7934714303969193       5.7934714303969193       3136.7412775393996                                                 2523.3646883932747                                                10.6218132163728        22.959407812980601                391.6968663057209                           172.3982687117439                       15.70023309930653
                      11       1573.4582156885454     0.023029539785496409      0.11724109358237134       69.142272513463695       3.0595614219254506      0.97993635991120898     0.062779765467642454     0.027035096131700312      0.98911806929183921       1.7680032195819781       9.8049277183093686   2.1318205413957669e-09     0.027035096131700312       603.15814474711055       5.7934714303969193       5.7934714303969193       3135.3294885162968                                                 2521.6491766575946                                              10.522167111592275        22.766201045131481               390.83170088401152                          173.29083611044888                      16.269406707518698
                      10       1542.2916112963278     0.023029539785496409      0.11724109358237134       69.142272513463695       3.0595614219254506      0.97993635991120898     0.062779765467642454     0.027035096131700312      0.99330200958917891       1.7680032195819781       9.8049277183093686   2.1318205413957669e-09     0.027035096131700312       540.82493596267511       5.7934714303969193       5.7934714303969193       3072.9962797318617                                                 2521.6491766575946                                              10.522167111592275        22.213652558202341               390.84120332088884                          115.64650739727371                      12.123572686310213
                       7       1530.9021187049802     0.023029539785496409      0.11724109358237134       69.142272513463695       3.0595614219254506      0.97993635991120898     0.062779765467642454     0.027035096131700312      0.99559117077477943       1.7680032195819781       9.8049277183093686   2.1318205413957669e-09     0.027035096131700312       518.04595077997965       5.7934714303969193       5.7934714303969193       3050.2172945491666                                                 2521.6491766575946                                              10.522167111592275        21.934754379945844               390.80850370020937                          94.802648956325953                       10.50004374349856
                      35       1531.5680048602972     0.023022029798980052      0.11663991014263705       68.933766893171139       3.0640053227442117      0.98065025494503821      0.06498561654053972     0.073008971328652611      0.99636385261449056       1.7670542779000951       9.8061883476644169   2.1413152215282596e-09     0.073008971328652611       517.65005117670296       5.7934714303969193       5.7934714303969193       3051.5490668598004                                                 2523.2602315634763                                              10.638784119621434        21.795028618952756                391.4653726207689                           95.18375783325655                      9.2058921037247448
                       5       1530.6431932176881     0.022883366542669151      0.11628793503956913       69.102854954071276       3.0670784274285574      0.98186839060013964     0.067029741312872176     0.047770630784325183      0.99673081436137911       1.7641670189818102       9.8658953856995772   2.1479058289927431e-09     0.047770630784325183       516.92722253854117       5.7934714303969193       5.7934714303969193       3049.6994435745823                                                 2522.1789393965846                                              10.593281639456547        21.584112554497494               392.33165655533458                          93.362379393460671                       9.649074035248443
                      14       1530.1123628239141     0.022866551418994099      0.11616471627313929       69.106697391466753       3.0662311670305606      0.98186875607283852     0.066911253244465466      0.05404583533343893      0.99660102621237179       1.7630271356152389       9.9796757071319977   2.1460867641648238e-09      0.05404583533343893       516.47979264503067       5.7934714303969193       5.7934714303969193       3048.6377827870342                                                 2521.5180966623202                                              10.639893479682941        21.568647596202538               392.29970676771092                          93.354791699753548                      9.2566465813636771
                       2       1522.9378639152555     0.022866551418994099      0.11616471627313929       69.106697391466753       3.0662311670305606      0.98186875607283852     0.066911253244465466      0.05404583533343893      0.99875831802280235       1.7630271356152389       9.9796757071319977   2.1460867641648238e-09      0.05404583533343893       502.13079482771428       5.7934714303969193       5.7934714303969193       3034.2887849697172                                                 2521.5180966623202                                              10.639893479682941         21.34127734366308               392.19498763957665                          80.036880493078186                       8.557649351396357
                      13       1523.7065020496314     0.022851596688009183      0.11563595940841266       69.067031822493917       3.0669236098050097      0.98256231811053452     0.067239991659540033     0.076223382079955743      0.99946315477978898       1.7621177116755298       9.9674445760707453   2.1475733210564025e-09     0.076223382079955743       502.15704247958905       5.7934714303969193       5.7934714303969193       3035.8260612384688                                                 2522.9485814647842                                              10.720437294095811        21.209116713261437               392.34617789625116                          80.350248948718047                      8.2514989213583796
                       5       1524.1171912365096     0.022861911158187354      0.11556467300243359       68.940500052216578       3.0656004417685874      0.98417716136404609     0.066856996972721544     0.089614063714191394      0.99912025039466412       1.7652044011887973       9.8364463883910034   2.1447335998106089e-09     0.089614063714191394       502.70382494099749       5.7934714303969193       5.7934714303969193       3036.6474396122253                                                 2523.4451087178409                                              10.498505953387305         20.98204510201117               392.17938583784644                          81.300640322446029                       8.241753678693815
                       2       1524.1543482234342     0.022861911158187354      0.11556467300243359       68.940500052216578       3.0656004417685874      0.98417716136404609     0.066856996972721544     0.089614063714191394       0.9991054019454908       1.7652044011887973       9.8364463883910034   2.1447335998106089e-09     0.089614063714191394       502.77813891484618       5.7934714303969193       5.7934714303969193       3036.7217535860746                                                 2523.4451087178409                                              10.498505953387305         20.98337636835754               392.17938583784644                           81.37357737138538                      8.2417993372568024
                       8         1523.26922491455     0.022822042189867713      0.11576308729051764       68.870689041664917       3.0639303316954849      0.98467667809807269     0.066382870266507257     0.089145425711379178      0.99850303693907871       1.7654546793637398       9.9272825859452976   2.1411546480750039e-09     0.089145425711379178       502.59879890336617       5.7934714303969193       5.7934714303969193       3034.9515069683061                                                 2521.9170352514402                                              10.435672813499593        20.910584373510801                392.0094347770044                          81.431968611257247                      8.2468111415937386
                       2       1519.0174966276288     0.022822042189867713      0.11576308729051764       68.870689041664917       3.0639303316954849      0.98467667809807269     0.066382870266507257     0.089145425711379178        1.002525000239884       1.7654546793637398       9.9272825859452976   2.1411546480750039e-09     0.089145425711379178        494.0953423295245       5.7934714303969193       5.7934714303969193       3026.4480503944637                                                 2521.9170352514402                                              10.435672813499593        20.586503403820302               391.97486209308147                          72.704894609769966                      8.8290822228527794
                       9       1520.9046062664629     0.022822042189867713      0.11576308729051764       68.870689041664917       3.0639303316954849      0.98467667809807269     0.066382870266507257     0.089145425711379178      0.99962532544126026       1.7654546793637398       9.9272825859452976   2.1411546480750039e-09     0.089145425711379178        497.8695616071924       5.7934714303969193       5.7934714303969193       3030.2222696721319                                                 2521.9170352514402                                              10.435672813499593        20.815276633802341               391.99161130317088                          76.785157996587984                      8.2775156736311946
                       4       1520.9626534137462     0.022823728213246113        0.115758822849167       68.879388055676316       3.0641618761765161      0.98463872090031157       0.0664619303185226     0.088605561843917643      0.99966990995487182       1.7653942386433394       9.9224703644555277    2.141650478017928e-09     0.088605561843917643       497.84733537890668       5.7934714303969193       5.7934714303969193       3030.3383639666986                                                 2522.0531814433348                                               10.43784714445721        20.821737692319687                392.0094347770044                          76.742711880672687                      8.2734510289098786
                       5       1520.7510146695665     0.022823728213246113        0.115758822849167       68.879388055676316       3.0641618761765161      0.98463872090031157       0.0664619303185226     0.088605561843917643      0.99966990995487182       1.8669442548996062       9.9607508210959974    2.141650478017928e-09     0.088605561843917643       497.84733537890668       5.7934714303969193       5.7934714303969193       3029.9150864783392                                                 2521.6299039549754                                               10.43784714445721        20.821737692319687                392.0094347770044                          76.742711880672687                      8.2734510289098786
                       4       1518.8636611092716     0.022823728213246113        0.115758822849167       68.879388055676316       3.0641618761765161      0.98463872090031157       0.0664619303185226     0.088605561843917643       1.0025340907070464       1.8669442548996062       9.9607508210959974    2.141650478017928e-09     0.088605561843917643       494.07262825831708       5.7934714303969193       5.7934714303969193       3026.1403793577492                                                 2521.6299039549754                                               10.43784714445721        20.594825390524591                392.0128032608302                          72.661672759350523                      8.8033268476117428
                       7       1518.8777671213402     0.022866644764817187      0.11570944882476084       68.907506844850957       3.0620036409719833      0.98594423554587485     0.066023778413643305     0.087145521390248448       1.0017628342592986       1.8701617727238904       9.8507283503555634   2.1370332768557481e-09     0.087145521390248448       494.69890853577544       5.7934714303969193       5.7934714303969193       3026.1685913818865                                                 2521.0002740681184                                              10.469408777992832        20.476909904513604               391.78260744645593                          73.601014396903665                      8.8383767879022308
                       7       1520.8790073154873     0.022866644764817187      0.11570944882476084       68.907506844850957       3.0620036409719833      0.98594423554587485     0.066023778413643305     0.087145521390248448      0.99882507946020804       1.8701617727238904       9.8507283503555634   2.1370332768557481e-09     0.087145521390248448       498.70138892406999       5.7934714303969193       5.7934714303969193       3030.1710717701808                                                 2521.0002740681184                                              10.469408777992832        20.693181186411721               391.78812913435604                          77.942934751283374                      8.2771438520188632
                       3       1519.8346636007927     0.022902172909867676      0.11593116989666903       68.942364612661976       3.0527316070980599      0.99002036768198065     0.064286031548753161     0.067823034370502522      0.99523545025988136        1.878718898720642       9.7776125789907375    2.117310209696583e-09     0.067823034370502522       501.37175683231101       5.7934714303969193       5.7934714303969193       3028.0823843407916                                                 2516.1739451529656                                              10.536682355514904        20.332903636854496               391.20709178272267                          81.567705630135805                      8.2640557825979943
                       4       1519.6335198835548     0.022925367291835985      0.11581503221951696        68.93587263622706       3.0522355212691514      0.98949829653841381     0.063944270737574457     0.076851002807186583      0.99543486094479128       1.8780871804599879       9.8102943846982669   2.1162601025993104e-09     0.076851002807186583       500.84336581553288       5.7934714303969193       5.7934714303969193       3027.6800969063156                                                 2516.3037020558691                                              10.533029034913572        20.370473557817377                391.1311207136568                          81.035856333409868                      8.3059152106488305
                       3       1517.5857940940448     0.022925367291835985      0.11581503221951696        68.93587263622706       3.0522355212691514      0.98949829653841381     0.063944270737574457     0.076851002807186583       0.9982208297307309       1.8780871804599879       9.8102943846982669   2.1162601025993104e-09     0.076851002807186583       496.74791423651311       5.7934714303969193       5.7934714303969193       3023.5846453272957                                                 2516.3037020558691                                              10.533029034913572        20.209552116447469               391.10911315510231                          76.564409221616188                      8.8648397433471651
                       2       1516.9494140003073     0.022893963231613825      0.11614894185902308       68.924392805665136       3.0530406498819116      0.98623037414552606     0.062664307912015674      0.05617117892938802       0.9998116659188826       1.8743012114103157       9.8054501811931818    2.117964650257923e-09      0.05617117892938802       495.19287906448113       5.7934714303969193       5.7934714303969193       3022.3118851398208                                                 2516.5338814600286                                              10.585124615311617        20.445039849602438               390.80256828649408                          75.514723533912942                      8.4305473944716542
                      14          1517.6276064954     0.022851127653992994      0.11572679179790236       68.819525780063714       3.0576222249865848      0.98577482302123809      0.06506187387599352     0.074335379953365879       1.0004686390481055       1.8715862445611153       9.8798427689273041   2.1276905272772868e-09     0.074335379953365879       495.59265766815184       5.7934714303969193       5.7934714303969193        3023.668270130006                                                 2517.4611859500528                                              10.614426511801303        20.478844737000145               391.48864976518644                          74.990982331918062                      8.6341808340471964
                       3       1519.8496634353119     0.022862141198103914      0.11639685867957954       68.651281577909927       3.0628111911351374      0.98652771179101295     0.067139579711327807     0.067070900493417684        1.000061572651245       1.8753290736826091       9.6574350456994473   2.1387597354342681e-09     0.067070900493417684       497.39920500657854       5.7934714303969193       5.7934714303969193       3028.1123840098298                                                 2519.3347784581397                                              11.378400545111896        20.454704727580577               392.29595899423714                          76.404891437468208                      8.2436498472926196
                       9       1520.6346146108883     0.022932010370649229      0.11646246581760229       68.702292451818181       3.0651311021674754      0.98421699423532627     0.067756489178332394     0.058878170421331158       1.0005688103581243       1.8743436820307164       9.6042215183411308    2.143727227582026e-09     0.058878170421331158       497.76664409606383       5.7934714303969193       5.7934714303969193       3029.6822863609827                                                 2520.4082062186267                                              11.507436046292447        20.709262913831083               392.56472283334546                          76.235439932585066                      8.2572184163022655
                       1       1520.9366512021461      0.02271614289783629      0.11710220372218266       68.628828264719829       3.0690935215046475      0.98515157488440197     0.071242846008199898     0.020182484748096217      0.99879938817095182       1.8720452116298356        9.924105567969514   2.1522384251330743e-09     0.020182484748096217       501.59762704556954       5.7934714303969193       5.7934714303969193       3030.2863595434983                                                 2517.1189228704798                                              11.569809627449184        20.630141455469129               394.34541846980574                          77.295250159016689                      9.3268169612780056
                       5       1520.5608984753096     0.022729811426325172        0.117004431181237       68.771917657607275        3.069692582982146      0.98432317969371319     0.071750926741621007    0.0044834911970528489      0.99881207299067731       1.8709324423427633       9.9456052553770089   2.1535281345330025e-09    0.0044834911970528489       501.25974795289886       5.7934714303969193       5.7934714303969193       3029.5348540898253                                                 2517.2389926972451                                              11.036113439681756        20.728079640269868               394.61846720935858                          76.570594886315746                      9.3426062169546888
                       7       1521.5008560196636     0.022752226417427159      0.11705067292611748       68.641509185967223       3.0684186521145214       0.9851528116806948     0.071282111145226673     0.015731098694196158      0.99844158580935072       1.8734983632345246       9.8514209366485197    2.150786435306552e-09     0.015731098694196158       502.05797186794604       5.7934714303969193       5.7934714303969193       3031.4147691785333                                                 2517.6341054177224                                              11.722691892864447        20.633927802482049                394.3382705878364                          77.728927220348311                      9.3568462572792761
                       9       1521.7110377502645     0.022719419335189853      0.11703448043949567       68.653038929173036       3.0678361851335145      0.98592671910492624     0.071160406802383461    0.0097850171605616577      0.99833858413850274       1.8739221719319072       9.8292127581696107   2.1495340380002354e-09    0.0097850171605616577       502.65015970268928       5.7934714303969193       5.7934714303969193       3031.8351326397351                                                 2517.6154985083331                                              11.569474428713004        20.542581236528918                394.2314559274979                          78.460404665382029                      9.4157178732803946
                       3       1521.8950649179308     0.022719419335189853      0.11703448043949567       68.653038929173036       3.0678361851335145      0.98592671910492624     0.071160406802383461    0.0097850171605616577      0.99876541390119289       1.8739221719319072       9.8292127581696107   2.1495340380002354e-09    0.0097850171605616577       503.01821403802148       5.7934714303969193       5.7934714303969193       3032.2031869750676                                                 2517.6154985083331                                              11.569474428713004        20.511224676510949               394.25043663407337                          79.016485347965585                      9.2400673794715864
                      18         1521.95095236673     0.022728702516447746      0.11715342922853836       68.561080499826971       3.0666283010498883      0.98498474192171859     0.070414633404509361     0.011892017652756989      0.99877987398935975       1.8738095578522587       9.8426419204487452   2.1469392174852054e-09     0.011892017652756989       502.65208057797332       5.7934714303969193       5.7934714303969193       3032.3149618726661                                                 2517.3915738360056                                              12.271307458687817        20.591477012120549               393.91407551913414                          78.878431604162159                      9.2680964425564465
                       1       1523.3113444696585     0.022728702516447746      0.11715342922853836       68.561080499826971       3.0666283010498883      0.98498474192171859     0.070414633404509361     0.011892017652756989       1.0001086594763158       1.8738095578522587       9.8426419204487452   2.1469392174852054e-09     0.011892017652756989        505.3728647838297       5.7934714303969193       5.7934714303969193       3035.0357460785231                                                 2517.3915738360056                                              12.271307458687817        20.493030461494186                393.8971757000848                          82.175859238251249                      8.8067993839994507
                       2       1523.5367796516146     0.022728702516447746      0.11715342922853836       68.561080499826971       3.0666283010498883      0.98498474192171859     0.070414633404509361     0.011892017652756989       1.0001086594763158        1.929243790524332       9.7080707296685684   2.1469392174852054e-09     0.011892017652756989        505.3728647838297       5.7934714303969193       5.7934714303969193       3035.4866164424352                                                 2517.8424441999177                                              12.271307458687817        20.493030461494186                393.8971757000848                          82.175859238251249                      8.8067993839994507
                       2       1524.5019339429241      0.02277734320430742      0.11728519935486917       68.530698235446778       3.0669005820983686       0.9857011056131173     0.070965136970243856     0.015522631550432042      0.99933702752006981       1.9318853042406419       9.6425858335672725   2.1475238679373727e-09     0.015522631550432042       506.54689864145598       5.7934714303969193       5.7934714303969193       3037.4169250250543                                                  2518.055860520034                                              12.814165863564734         20.45501901067297               394.15315602937051                          82.976203477642301                       8.962520123770199
                       7       1525.6388376715431     0.022779926893437684      0.11741825289005509       68.533714497299641       3.0680461841077151      0.98554192103748706     0.071126227859206054    0.0051827664665604865      0.99962434030004266       1.9325796673916231       9.5261494675206428   2.1499854853433056e-09    0.0051827664665604865       507.54057298151713       5.7934714303969193       5.7934714303969193       3039.6907324822923                                                 2519.1193042745563                                              13.030855226218618        20.474042867867752               394.28015575476314                          83.500125703064327                      9.2862486558219359
                       2       1525.0275653402048     0.022779926893437684      0.11741825289005509       68.533714497299641       3.0680461841077151      0.98554192103748706     0.071126227859206054    0.0051827664665604865      0.99962434030004266       1.7275929496817146       9.9834522472552507   2.1499854853433056e-09    0.0051827664665604865       507.54057298151713       5.7934714303969193       5.7934714303969193       3038.4681878196157                                                 2517.8967596118796                                              13.030855226218618        20.474042867867752               394.28015575476314                          83.500125703064327                      9.2862486558219359
                      18       1523.9831127881998      0.02275923369077644       0.1176549394489982       68.541761745434258       3.0614533356032547      0.98976848896432379     0.066508193696977636     0.040542280403390835       1.0000235643675262       1.7305365243258044       9.9521863830434523   2.1358575794962975e-09     0.040542280403390835       506.14142258461106       5.7934714303969193       5.7934714303969193       3036.3792827156058                                                 2517.9629875518963                                               12.27487257909857        20.145052620669048               392.05615324587467                          85.206263312778091                      8.7339534052892418
                       6       1522.9319272892278      0.02275923369077644       0.1176549394489982       68.541761745434258       3.0614533356032547      0.98976848896432379     0.066508193696977636     0.040542280403390835      0.99909206039033294       1.7305365243258044       9.9521863830434523   2.1358575794962975e-09     0.040542280403390835        504.0390515866672       5.7934714303969193       5.7934714303969193       3034.2769117176617                                                 2517.9629875518963                                               12.27487257909857        20.193010662367726               392.08263984378652                          82.817066745245597                      8.9463343352673554
                       4       1522.8892406642963     0.022898774693457281      0.11614766859494682       68.608347495187402       3.0580799807892696      0.99268599567884297     0.065550892560117285      0.11795707734125464       0.9996442140983417       1.7323823968398864       9.8944186845577953   2.1286647129150189e-09      0.11795707734125464       500.36394004963091       5.7934714303969193       5.7934714303969193       3034.1915384677986                                                 2522.6893539234284                                              11.138244494739407         20.00739797892976               391.58754982816998                          79.471922150063776                      9.2970700924673668
                       1       1523.3840558924887     0.023006695947765072      0.11567341394548689       68.784885567436461       3.0603139261278209      0.99375132116161247     0.067649671858748803      0.12095473281349486      0.99903104745138693       1.7350810510072174       9.7496867756229282   2.1334253490483898e-09      0.12095473281349486       500.81967203146075       5.7934714303969193       5.7934714303969193       3035.1811689241836                                                 2523.6925182018608                                               10.66897869086241        19.976140641483767               392.24090362270948                          79.086430031174814                      9.5161977360926659
                       2       1522.2523435361888     0.023005783559818312      0.11558459917865724       68.813245011738672       3.0569612495581264       0.9938113466611328     0.066552927234236364      0.12126146556645148      0.99853209060745229       1.7349041294968475       9.8485138020632146   2.1262846407987862e-09      0.12126146556645148       500.62325068365112       5.7934714303969193       5.7934714303969193       3032.9177442115838                                                 2521.7062573574626                                              10.588236170470841         19.97063304610873               391.80983189363195                          78.913712913771349                      9.9290728301390985
                       3       1521.2246487964583     0.023099276186396296      0.11672267875682006       68.775852591561062       3.0541675764468694      0.99047673769519318      0.06462663382961166     0.079675026759240736      0.99757479443654762       1.7372836331022659       9.7648366550226182   2.1203527862601537e-09     0.079675026759240736       500.14474381672591       5.7934714303969193       5.7934714303969193       3030.8623547321226                                                 2519.1390304037927                                               11.57858051160369        20.185054177413292               391.27202340831889                          80.237266617316067                      8.4503996136776749
                       9       1520.7028522526693     0.023064412690346068       0.1167765322501936       68.822681469130899       3.0539400816591735      0.99068770397031092     0.064843478493229467     0.066115830569086861      0.99728249304778083       1.7370001716580017       9.7968685472112842   2.1198704719172829e-09     0.066115830569086861        500.5280834216137       5.7934714303969193       5.7934714303969193       3029.8187616445448                                                 2517.9669917427955                                              11.323686480135807        20.167902203483436               391.37452193863135                          80.627997693125536                      8.3576615863734034
                       7       1520.7769523059997      0.02307510472451315      0.11678438228007257       68.839132885803295       3.0537367345734361      0.99059235973722903     0.064657542628818246     0.064719846500579811      0.99733703502240545       1.7371767557524915       9.7754268593404721   2.1194394462600684e-09     0.064719846500579811       500.50984366901065       5.7934714303969193       5.7934714303969193       3029.9669617512054                                                 2518.1613484893624                                              11.295769592832407        20.175536514169266               391.32059092985497                          80.661868600581982                      8.3518476244044813
                       7       1519.2882669267553     0.023021193788873705      0.11586181579656372       68.797455886855218       3.0500365308126698      0.99034107933570015     0.063367441959415155     0.086326070917447068      0.99816858101040085        1.733855510894575       9.9033248445559909   2.1116115797321559e-09     0.086326070917447068        499.2981692255903       5.7934714303969193       5.7934714303969193       3026.9895909927168                                                 2516.6918699664038                                               10.99955180072245        20.124249675976671               390.90552125874007                          79.085982436804855                      9.1824158540687062
                       2       1519.9952154409307     0.023013668843284131      0.11571061274853371       68.991232857864858       3.0489451122621412      0.99313298113493576     0.064333569299152543     0.066586704980292732      0.99674687215778257        1.737032074153126       9.8413301602723493   2.1093081848951016e-09     0.066586704980292732       501.24890468746503       5.7934714303969193       5.7934714303969193       3028.4034880210675                                                 2516.4849686721359                                               10.66961466146644        19.995108216000517               391.16274839651845                          81.195393049564572                      8.8956550253814655
                       6       1519.9909124408689     0.023013668843284131      0.11571061274853371       68.991232857864858       3.0489451122621412      0.99313298113493576     0.064333569299152543     0.066586704980292732      0.99674187865921593        1.737032074153126       9.8413301602723493   2.1093081848951016e-09     0.066586704980292732       501.24029868734215       5.7934714303969193       5.7934714303969193       3028.3948820209439                                                 2516.4849686721359                                               10.66961466146644         19.99528750765171               391.16274839651845                          81.188225431635701                      8.8940373515362676
                       4       1520.0404648913056     0.023015234664582065      0.11570697798682934       68.993112463813802       3.0489868033726473      0.99317088213482341      0.06437453444274574     0.066542847865567453       0.9967215738896692       1.7371179016990119       9.8374920732705338   2.1093961261289007e-09     0.066542847865567453       501.29403041469214       5.7934714303969193       5.7934714303969193       3028.4939869218174                                                 2516.5292389854731                                              10.670717521652138        19.994004632847123               391.18321638745948                          81.225735504236496                      8.8910738901490074
                       8       1519.7977905547705     0.023002823877484358      0.11557489527055394       68.945757282330135       3.0487528509375554      0.99308518524650202      0.06426636315748066     0.076911625745129095      0.99690175738887055       1.7362518218337157       9.8916502998659368   2.1089026854916897e-09     0.076911625745129095       501.09541432027601       5.7934714303969193       5.7934714303969193        3028.008638248747                                                 2516.2535139865099                                              10.659709941961445        19.993443352787892                391.1624453985375                          80.716988412428265                       9.222537156522403
                      10        1519.874000059006     0.022999596954391806      0.11556898506818153       68.938570268639339        3.049063913591477      0.99312952174497482     0.064428803714280197     0.077451453561358297      0.99691153994183279       1.7362255339328936       9.8907821917514802   2.1095587883971656e-09     0.077451453561358297       501.19399571922014       5.7934714303969193       5.7934714303969193       3028.1610572572181                                                 2516.3053431076746                                              10.661718430323702        19.991405849557054               391.23541158434409                          80.754574488274713                       9.212603797044272
                      11       1520.1460543199312     0.022999596954391806      0.11556898506818153       68.938570268639339        3.049063913591477      0.99312952174497482     0.064428803714280197     0.077451453561358297      0.99719692620674982       1.7362255339328936       9.8907821917514802   2.1095587883971656e-09     0.077451453561358297       501.73810424107012       5.7934714303969193       5.7934714303969193       3028.7051657790685                                                 2516.3053431076746                                              10.661718430323702        19.981507936806224               391.22763002448085                          81.200000311818698                      9.3289659679643435
                       3       1522.5124405829413     0.022999596954391806      0.11556898506818153       68.938570268639339        3.049063913591477      0.99312952174497482     0.064428803714280197     0.077451453561358297      0.99719692620674982        2.664238710013719        9.866546323155216   2.1095587883971656e-09     0.077451453561358297       501.73810424107012       5.7934714303969193       5.7934714303969193       3033.4379383050887                                                 2521.0381156336948                                              10.661718430323702        19.981507936806224               391.22763002448085                          81.200000311818698                      9.3289659679643435
                       1        1523.214782955311     0.022997878528991378      0.11554005971256925       68.948090579739272       3.0487355930289168      0.99432230898667529     0.064604886950772891        0.076339694687466      0.99682409258866189       2.6658972310398736       9.8051317093197454   2.1088662905558668e-09        0.076339694687466       502.75023703840151       5.7934714303969193       5.7934714303969193        3034.842623049828                                                 2521.4320269827426                                              10.660359028683583        19.940875315927542               391.26291246140539                          82.263123535520137                      9.2833257255484103
                       7       1521.0691770961023     0.022877602956844365      0.11680849418739063       68.954408900377985       3.0361864474125184      0.99171455749259319     0.056960316273760962     0.011262516336795245      0.99690379107762106       2.6643394497317456       9.9068140831602065   2.0825671811999976e-09     0.011262516336795245       502.82714381552131       5.7934714303969193       5.7934714303969193       3030.5514113314107                                                 2516.9481268278564                                              10.776140688033234         20.01743866882407               390.62825042451948                          83.712730947240459                      8.4687237749372901
                       2       1521.4527190440604     0.022877602956844365      0.11680849418739063       68.954408900377985       3.0361864474125184      0.99171455749259319     0.056960316273760962     0.011262516336795245      0.99722221900761598       2.6643394497317456       9.9068140831602065   2.0825671811999976e-09     0.011262516336795245       503.59422771143716       5.7934714303969193       5.7934714303969193       3031.3184952273268                                                 2516.9481268278564                                              10.776140688033234        20.006143705808768               390.64184745534982                          84.425455653720221                      8.5207808965583354
                       3        1522.606054709373     0.022892584228813354      0.11700561436768292       68.886040458054069       3.0369980634000342      0.99253079909011188     0.057598733780808806    0.0085870280760139764      0.99665734290272601       2.6669643936396987       9.7966147229455576   2.0842581121197984e-09    0.0085870280760139764       505.10024630824262       5.7934714303969193       5.7934714303969193       3033.6251665579521                                                 2517.4558231812453                                              11.069097068464574         19.98424441950965               390.59486294664492                          86.104934055172251                      8.4162048869158284
                       4       1521.9751554182046     0.022921223572009791      0.11690946336604389       68.920448607676292       3.0382909478869853      0.99215303719690973     0.058825010501560866     0.010389187418312339       0.9961844031309478       2.6666639919314927       9.8642225621660113   2.0869545598218581e-09     0.010389187418312339       504.25479211093239       5.7934714303969193       5.7934714303969193       3032.3633679756153                                                 2517.1009485512795                                              11.007627313403848        20.001698693516346               390.47831590131591                           85.37914979779751                      8.3956277183026469
                       4       1521.1716108502878     0.022921223572009791      0.11690946336604389       68.920448607676292       3.0382909478869853      0.99215303719690973     0.058825010501560866     0.010389187418312339      0.99337913077973616       2.6666639919314927       9.8642225621660113   2.0869545598218581e-09     0.010389187418312339       502.64770297509921       5.7934714303969193       5.7934714303969193       3030.7562788397818                                                 2517.1009485512795                                              11.007627313403848        20.112380114939356               390.49579628383134                          83.605083391490652                      8.4344431848378267
                       2       1520.4306756691872     0.022936999597274452      0.11671548922097398       68.995685526525492       3.0372695124322759      0.99158326989871171     0.058393683297686315     0.011793792369600271      0.99354963718841871       2.6654386369688905       9.9246172844403233   2.0848239587630628e-09     0.011793792369600271       501.50842877759925       5.7934714303969193       5.7934714303969193       3029.2744084775804                                                 2516.9514121101247                                              10.814567589856521         20.13863994516862                390.4782518022202                           82.56505773812286                      8.3264792920876012
                       3       1521.9756112852856     0.022936999597274452      0.11671548922097398       68.995685526525492       3.0372695124322759      0.99158326989871171     0.058393683297686315     0.011793792369600271      0.99354963718841871       1.9821459640854915       8.4092535975317446   2.0848239587630628e-09     0.011793792369600271       501.50842877759925       5.7934714303969193       5.7934714303969193       3032.3642797097773                                                 2520.0412833423215                                              10.814567589856521         20.13863994516862                390.4782518022202                           82.56505773812286                      8.3264792920876012
                       2       1517.7884303187966     0.022639448695124024      0.11686126479920235       68.574473678072223       3.0522297948099366      0.98245187594373407     0.061801344026800278     0.051108489870111094      0.99875429958207729       1.9597817159415014       9.2396509583395527    2.116247983956843e-09     0.051108489870111094       494.24646013055872       5.7934714303969193       5.7934714303969193       3023.9899177767993                                                 2518.6111225919785                                              11.132335054262251          20.8532985793629               390.70797159165693                          74.395792847191998                      8.2893971123468848
                       7       1517.8554356672478     0.022645926367329244      0.11654984167693519       68.659780295836711       3.0457347836552122      0.98586631291615712     0.060863889684095514     0.042191286728959797      0.99662552599221432       1.9648934910166627       9.1822274332468261   2.1025474703523976e-09     0.042191286728959797       496.76243993085376       5.7934714303969193       5.7934714303969193       3024.1239284737017                                                 2516.5346622451707                                              10.826826297677027        20.490732662941753               390.60229968178794                          77.376171598918106                      8.2932359872059287
                       2       1519.4855716956854     0.022650286187203699       0.1178643669271722       68.261828286926701       3.0406452316379058      0.97540655281673572      0.05745996094835143     0.005129494671616476      0.99649772379028878       1.9576921684600703       9.6189110391899248     2.09187363120381e-09     0.005129494671616476       495.00525495018496       5.7934714303969193       5.7934714303969193       3027.3842005305769                                                 2517.0879356738283                                               15.29100990656397        21.702667140102335               390.17060835264334                          74.599021830493825                      8.5329576269454463
                       6        1519.197957516976     0.022650286187203699       0.1178643669271722       68.261828286926701       3.0406452316379058      0.97540655281673572      0.05745996094835143     0.005129494671616476      0.99708446809058382       1.9576921684600703       9.6189110391899248     2.09187363120381e-09     0.005129494671616476       494.43002659276567       5.7934714303969193       5.7934714303969193       3026.8089721731581                                                 2517.0879356738283                                               15.29100990656397        21.637166875608045               390.19688350602678                          74.176956911318811                      8.4190192998120015
                       1       1519.0089817871208     0.022800791573894866      0.11649616693248568       68.601248992176423       3.0553880748656215       0.9817061311146742     0.063000510250059635     0.065397757710749294         0.99993279333162       1.9625243221230206       8.9365258428217107   2.1229422533818018e-09     0.065397757710749294        494.0249647368899       5.7934714303969193       5.7934714303969193       3026.4310207134477                                                 2520.9659605672668                                              11.440095409291276        20.931319893073123                390.9889618936844                          73.833822431824274                      8.2708605183081243
                       2        1518.693514242786     0.022800791573894866      0.11649616693248568       68.601248992176423       3.0553880748656215       0.9817061311146742     0.063000510250059635     0.065397757710749294         0.99993279333162       2.4662311923655436       9.0482463118858725   2.1229422533818018e-09     0.065397757710749294        494.0249647368899       5.7934714303969193       5.7934714303969193       3025.8000856247781                                                 2520.3350254785973                                              11.440095409291276        20.931319893073123                390.9889618936844                          73.833822431824274                      8.2708605183081243
                       3       1519.4950739066992     0.022838529011574349      0.11647891620414388       68.573876023782788       3.0610819827347822      0.97831545694791988     0.064957302410459619      0.07531969814067678       1.0010190975818234       2.4617620606727466       9.1749388191924552   2.1350645699098081e-09      0.07531969814067678       494.38095124660549       5.7934714303969193       5.7934714303969193       3027.4032049526045                                                  2521.361974174356                                              11.660279531642434        21.413711355910436               391.59416441896047                          73.109720083105756                      8.2633553886288276
                      11       1519.8743149358841     0.022767675786013863      0.11664129474503875       68.520333729545996       3.0598277609366504      0.97840865024171386     0.064139927477570316      0.05439796811487195        1.001238075789705       2.4620215751616259       9.0861160619529908   2.1323884039894419e-09      0.05439796811487195       494.59031693012628       5.7934714303969193       5.7934714303969193       3028.1616870109742                                                 2521.5557682656913                                              12.015601815156806        21.355652717080432               391.36236191439281                          73.641752276202809                       8.230550022450247
                       1       1516.7136338256846     0.022579360939197036      0.11657365403162476       68.353385956425754       3.0418905732703068      0.98365639045536268     0.059950371220117309     0.061307428332627818      0.99643012656061491       2.4650444906484372       9.6882746771504955   2.0944803513181194e-09     0.061307428332627818       495.59418899966113       5.7934714303969193       5.7934714303969193       3021.8403247905753                                                 2514.1155510728581                                              12.130584718056014        20.606828081437698               390.46995451719692                          75.968944651240903                      8.5484617497855737
                       1       1516.3284241634469     0.022579360939197036      0.11657365403162476       68.353385956425754       3.0418905732703068      0.98365639045536268     0.059950371220117309     0.061307428332627818      0.99643012656061491       2.5317352681982759       9.9165001335216463   2.0944803513181194e-09     0.061307428332627818       495.59418899966113       5.7934714303969193       5.7934714303969193          3021.0699054661                                                 2513.3451317483828                                              12.130584718056014        20.606828081437698               390.46995451719692                          75.968944651240903                      8.5484617497855737
                       5       1516.3769808190305     0.022579360939197036      0.11657365403162476       68.353385956425754       3.0418905732703068      0.98365639045536268     0.059950371220117309     0.061307428332627818      0.99743946119172133       2.5317352681982759       9.9165001335216463   2.0944803513181194e-09     0.061307428332627818       495.69130231082869       5.7934714303969193       5.7934714303969193        3021.167018777267                                                 2513.3451317483828                                              12.130584718056014        20.533547450883873               390.46748107489316                          75.886617554476445                      8.8036562305751787
                       3       1516.7208308104339     0.022594122493945309      0.11655263971746899       68.390447219567505       3.0417789649800318      0.98458220884894798     0.060171163880298771      0.05769036968015949      0.99710742543123909       2.5334521235804837       9.8364561600880176   2.0942466029914623e-09      0.05769036968015949       496.37953691431431       5.7934714303969193       5.7934714303969193       3021.8547187600739                                                 2513.5033054266537                                              11.971876419105829        20.458411254125792               390.53573811550172                          76.655703966970478                      8.7296835777163189
                       3       1516.1271190835339     0.022631800402973603      0.11576588192955667       69.087120477915803        3.041043579694394      0.98219875496567133     0.059614149349196011    0.0054894599560744231      0.99859761068048969       2.5278447098663777       9.8605295420695249   2.0927070909917407e-09    0.0054894599560744231       494.43480095723453       5.7934714303969193       5.7934714303969193       3020.6672953062739                                                 2515.1368062596166                                              11.095688089422779        20.681264662450872               390.42685771256981                          74.471956449385871                      8.8547221328279626
