#                 weight             minuslogpost                 omegabh2                 omegach2                       H0                     logA                       ns                      tau                      mnu                       As            minuslogprior         minuslogprior__0                     chi2 chi2__sbt_spt_audit.likelihoods.candl_cobaya.CandlCobayaLikelihood chi2__sbt_spt_audit.likelihoods.desi_dr2_bao.DESIDR2BAOGaussian
                       1       698.60353613691916               0.02208835               0.11613327       68.761624999999995       3.0497913335939595      0.96993604966649216     0.058678189999999998     0.043870311000000002   2.1110938819174352e-09       2.1045919762829826       2.1045919762829826       1392.9978883212723                                                 1381.9103588423834                                              11.087529478888994
                       1        698.6241746768311               0.02208835               0.11613327       68.761624999999995       3.0513090437911994      0.96890318233984452     0.058678189999999998     0.043870311000000002   2.1143003432533931e-09       2.1045919762829826       2.1045919762829826       1393.0391654010962                                                 1381.9516359222073                                              11.087529478888994
                       1       698.25638433832876     0.022081502397261692      0.11686129593106061       68.371826710682612       3.0574137082345838      0.96606345704412522     0.060598971695052961     0.048337508105466123   2.1272469144112402e-09       2.1045919762829826       2.1045919762829826       1392.3035847240915                                                  1381.898982044421                                              10.404602679670496
                       1       697.14884481252295     0.022326672236155334      0.11734199519383356       68.516117272489126       3.0628190142245724      0.95652091763342406     0.060018118685565142      0.03853988650129643   2.1387764672084054e-09       2.1045919762829826       2.1045919762829826       1390.0885056724799                                                 1379.4993750664244                                              10.589130606055495
                      12       697.72307135911103     0.022342802726181242      0.11707279617416656       68.490136695451042        3.064821238454897      0.95698235672144427      0.06131141449144123     0.056255297083919305   2.1430630672094455e-09       2.1045919762829826       2.1045919762829826        1391.236958765656                                                 1380.6645270197091                                                 10.572431745947
                       1       698.93652476174157     0.022357514574622834      0.11782433651621836       68.240184321558345       3.0712570350360116      0.95491860848638488     0.063293876848661237     0.061206654190787281   2.1568998628120506e-09       2.1045919762829826       2.1045919762829826       1393.6638655709171                                                 1381.3952454764658                                              12.268620094451311
                       4       698.61964827729184      0.02243443872617196      0.11783551998944709       68.312596469636574       3.0653983125435289      0.95286378687429474     0.059576372145135566     0.064227328195759367    2.144300130280028e-09       2.1045919762829826       2.1045919762829826       1393.0301126020177                                                 1380.9580056024661                                               12.07210699955167
                       1       699.01854914509454     0.022490255957603872      0.11701617884628254       68.572944680044657       3.0647587401536507      0.95351919453099865     0.059971519424696806      0.07585056451443839   2.1429291335936368e-09       2.1045919762829826       2.1045919762829826        1393.827914337623                                                 1383.3010479545303                                              10.526866383092704
                       9       698.06686723797509     0.022300167091600199      0.11703511165758315       68.899650884572836       3.0286247084590667      0.95920717484908069     0.043603628190396197    0.0082778927692880311   2.0668787425168951e-09       2.1045919762829826       2.1045919762829826       1391.9245505233841                                                 1381.2868123068918                                              10.637738216492391
                       1       698.12268406543774     0.022214158639762911      0.11650223619656003       68.810575716792584       3.0491531117382671      0.96509077177971025     0.055852110856840172     0.048853014437334016   2.1097469655240364e-09       2.1045919762829826       2.1045919762829826       1392.0361841783094                                                 1381.1973219191743                                              10.838862259135057
                       3       698.02906806256146     0.022218249837275585      0.11653281723812109       68.783945305451709        3.049284682072781      0.96484135184146913     0.055826708017501718     0.050699102676467898   2.1100245638994855e-09       2.1045919762829826       2.1045919762829826       1391.8489521725569                                                 1381.1294337546383                                              10.719518417918502
                       3       698.27551012581853     0.022356741994823924      0.11597440514144536       68.778208585533818       3.0491515095466504      0.96082004985286307     0.055101564833058031      0.07801319176988164   2.1097435853078426e-09       2.1045919762829826       2.1045919762829826        1392.341836299071                                                 1381.7190108668194                                              10.622825432251647
                       1       697.16842847898556     0.022432829705022507      0.11762292446171554       68.507985931491973       3.0435775106600795      0.95242875016722284     0.048795848366267144     0.036885032408815639   2.0980165904032618e-09       2.1045919762829826       2.1045919762829826       1390.1276730054051                                                 1379.1249714080052                                              11.002701597399778
                       4       697.24653219701747     0.022377121327926623      0.11775338917605531        68.31407161820708       3.0444579159279632       0.9540236948776285     0.049634324205366287     0.048395665367012543   2.0998645086006559e-09       2.1045919762829826       2.1045919762829826       1390.2838804414689                                                 1378.3728861921968                                              11.910994249272122
                       4       697.12329672138731     0.022390512160504604      0.11724126042352838       68.437593023786391       3.0471111327143201       0.9551985231596416     0.051651399517817047     0.058875599969034485   2.1054433019653649e-09       2.1045919762829826       2.1045919762829826       1390.0374094902086                                                 1379.1031324995292                                              10.934276990679411
                       2       697.40677553985472     0.022457918334784908      0.11742029692365898        68.48265495254104       3.0503481451184364      0.95153138400399617     0.052205351587625744     0.045696337874192153   2.1122696906416844e-09       2.1045919762829826       2.1045919762829826       1390.6043671271434                                                 1379.4994738404166                                               11.10489328672673
                       1       697.76466414675076     0.022429849890388306       0.1177523248517315       68.273419158168508       3.0562370176625189      0.95149649281301985     0.054952599744066702     0.053285524712777338   2.1247452751389191e-09       2.1045919762829826       2.1045919762829826       1391.3201443409355                                                 1378.8311143211326                                              12.489030019802936
                       3       698.06104392027498     0.022429849890388306       0.1177523248517315       68.273419158168508        3.059085628547932      0.95021183860478609     0.054952599744066702     0.053285524712777338    2.130806476561909e-09       2.1045919762829826       2.1045919762829826       1391.9129038879839                                                 1379.4238738681811                                              12.489030019802936
                       4        697.9717677910927     0.022429849890388306       0.1177523248517315       68.273419158168508       3.0579217347507304      0.95153192800695663     0.054952599744066702     0.053285524712777338   2.1283278868082237e-09       2.1045919762829826       2.1045919762829826       1391.7343516296194                                                 1379.2453216098165                                              12.489030019802936
                       4       698.10406243734519     0.022429849890388306       0.1177523248517315       68.273419158168508       3.0551542478936216      0.95499327722159255     0.054952599744066702     0.053285524712777338   2.1224459102544296e-09       2.1045919762829826       2.1045919762829826       1391.9989409221243                                                 1379.5099109023215                                              12.489030019802936
                       1       698.67495548951081     0.022488178957492652      0.11846804593716855        68.62103391558361       3.0398201490995742      0.95316131180355601     0.045689151638864327    0.0093896755238403878   2.0901483746357156e-09       2.1045919762829826       2.1045919762829826       1393.1407270264556                                                 1382.0864886206659                                              11.054238405789652
                       4        698.9010869712813     0.022470970329426906      0.11855136642992241       68.534565755587181       3.0377866164076637      0.95364787500579662     0.044731164096418551     0.014699428835170131   2.0859023083055116e-09       2.1045919762829826       2.1045919762829826       1393.5929899899966                                                 1382.1281544218325                                              11.464835568164158
                       3       699.32336144755527     0.022470970329426906      0.11855136642992241       68.534565755587181        3.042041890768433      0.94651094617594722     0.044731164096418551     0.014699428835170131    2.094797306824608e-09       2.1045919762829826       2.1045919762829826       1394.4375389425445                                                 1382.9727033743804                                              11.464835568164158
                       3          698.74392945667     0.022542249761076962      0.11844717850623153       68.550121203409233       3.0544279288196265      0.94366600701387393      0.05032342342690125     0.019634680492870864   2.1209048970076918e-09       2.1045919762829826       2.1045919762829826        1393.278674960774                                                 1381.6712220016796                                              11.607452959094411
                       1        698.1301472825869     0.022538220186006867      0.11769147866096177       68.777284599158961       3.0495673239162051      0.94459769277193328     0.048950264497482646     0.011424867646160427   2.1106210294209824e-09       2.1045919762829826       2.1045919762829826       1392.0511106126078                                                 1381.5697033013275                                              10.481407311280265
                       2       698.01681218771853     0.022538220186006867      0.11769147866096177       68.777284599158961       3.0508338500186811      0.94540530015808344     0.048950264497482646     0.011424867646160427   2.1132958795733899e-09       2.1045919762829826       2.1045919762829826        1391.824440422871                                                 1381.3430331115908                                              10.481407311280265
                       2       698.75243978391666     0.022566325105247257      0.11722053396123254        68.73807394813096       3.0541247217352221      0.94516298229144446      0.05099649086912255     0.031982122598405806   2.1202619210999221e-09       2.1045919762829826       2.1045919762829826       1393.2956956152673                                                 1382.7986312184605                                              10.497064396806746
                       1       698.90237451737937     0.022566325105247257      0.11722053396123254        68.73807394813096       3.0506895770911009      0.94542106774616952      0.05099649086912255     0.031982122598405806   2.1129910101827295e-09       2.1045919762829826       2.1045919762829826       1393.5955650821927                                                 1383.0985006853859                                              10.497064396806746
                       2       699.44231955062958     0.022560179096464072      0.11702742159871198       68.827272106175599       3.0456187154746179      0.94572888855651349     0.048754965987302445     0.024300272336039028   2.1023034456549261e-09       2.1045919762829826       2.1045919762829826       1394.6754551486931                                                 1384.2859825274124                                              10.389472621280657
                       4       698.02575215267757     0.022403496429998025      0.11710020168123006       68.764793460517936       3.0496481943795741        0.950505205798852      0.05227479547081524     0.011455031044782673   2.1107917232235784e-09       2.1045919762829826       2.1045919762829826       1391.8423203527891                                                 1381.4855946583471                                              10.356725694442105
                      12       697.37330802733072     0.022403496429998025      0.11710020168123006       68.764793460517936       3.0492232707652942      0.95265801927364635      0.05227479547081524     0.011455031044782673   2.1098949885109245e-09       2.1045919762829826       2.1045919762829826       1390.5374321020954                                                 1380.1807064076534                                              10.356725694442105
                       3       699.06632592456776     0.022403496429998025      0.11710020168123006       68.764793460517936       3.0574007249042237      0.94720412177677649      0.05227479547081524     0.011455031044782673   2.1272192958410837e-09       2.1045919762829826       2.1045919762829826       1393.9234678965695                                                 1383.5667422021274                                              10.356725694442105
                       1       698.88373865168182     0.022397342422285679      0.11720204632143827       68.737939873653076       3.0570972488704746      0.94717658143106542     0.052032433113923776     0.010149981083978632   2.1265738337123646e-09       2.1045919762829826       2.1045919762829826       1393.5582933507976                                                 1383.1911167225787                                              10.367176628218896
                       8       698.83038279135894     0.022395293265948548      0.11721483868949673       68.740022342185895       3.0575199204634775      0.94719235076873021     0.052244874099712846    0.0091503800063630885   2.1274728660466281e-09       2.1045919762829826       2.1045919762829826       1393.4515816301518                                                 1383.0852787043034                                              10.366302925848384
                       8       698.51887732740727     0.022145584045362297      0.11796872726666825        68.24366994525937       3.0538084454897905      0.95509251113276683     0.051980814988693495      0.02340829012391199   2.1195914386546093e-09       2.1045919762829826       2.1045919762829826       1392.8285707022485                                                 1381.2052253682218                                               11.62334533402662
                      14       698.19074640727342     0.022226478111551845      0.11810126365936777       68.298733098406089       3.0573923414922088      0.95245413135208856     0.052783598857216729     0.024797011016739572   2.1272014625600327e-09       2.1045919762829826       2.1045919762829826       1392.1723088619808                                                 1380.5126641233915                                              11.659644738589423
                       4       698.55499081638652     0.022332109197423004      0.11840745253976603       68.308744618822303       3.0661171343246059      0.94665899818213073     0.055459570678037841     0.010651712303393105   2.1458420540366368e-09       2.1045919762829826       2.1045919762829826        1392.900797680207                                                 1380.4378904597372                                              12.462907220469692
                       4       698.96658042283298     0.022332109197423004      0.11840745253976603       68.308744618822303       3.0664625700212236      0.94714836204977526     0.055459570678037841     0.010651712303393105   2.1465834325233294e-09       2.1045919762829826       2.1045919762829826       1393.7239768930999                                                 1381.2610696726301                                              12.462907220469692
