#        weight    minuslogpost        omegabh2        omegach2              H0            logA              ns             tau             mnu              As   minuslogprior minuslogprior__0            chi2 chi2__sbt_spt_audit.likelihoods.candl_cobaya.CandlCobayaLikelihood
             10       1315.3483     0.022638902      0.12176051         67.0578            3.05           0.965     0.045249055     0.089567969   2.1115344e-09        2.104592         2.104592       2626.4875                                                          2626.4875
              2       1308.3379     0.022638902      0.12176051         67.0578       3.0333878       0.9781912     0.045249055     0.089567969    2.076747e-09        2.104592         2.104592       2612.4666                                                          2612.4666
             13       1299.3901     0.022599874      0.12168587       66.780402       3.0333878       0.9781912     0.046462527     0.078987681    2.076747e-09        2.104592         2.104592        2594.571                                                           2594.571
             10       1292.1579     0.022599874      0.12168587       66.780402       3.0049244       1.0302211     0.046462527     0.078987681   2.0184689e-09        2.104592         2.104592       2580.1065                                                          2580.1065
              5       1289.5728     0.022599874      0.12168587       66.780402       3.0009918       1.0251653     0.046462527     0.078987681   2.0105467e-09        2.104592         2.104592       2574.9364                                                          2574.9364
             11       1288.1449      0.02261391      0.11956747       66.857284       3.0009918       1.0251653     0.046493786      0.09169931   2.0105467e-09        2.104592         2.104592       2572.0807                                                          2572.0807
             10       1286.9698      0.02261391      0.11956747       66.857284       2.9964835       1.0244098     0.046493786      0.09169931    2.001503e-09        2.104592         2.104592       2569.7304                                                          2569.7304
             18       1287.0552      0.02261391      0.11956747       66.857284       2.9941915       1.0249638     0.046493786      0.09169931   1.9969208e-09        2.104592         2.104592       2569.9011                                                          2569.9011
              4       1287.1706     0.022613496      0.11958884        66.77743       2.9941915       1.0249638     0.046957969     0.099347038   1.9969208e-09        2.104592         2.104592       2570.1321                                                          2570.1321
              3        1288.788     0.022539106      0.11917919       66.719621       2.9941915       1.0249638     0.047824754      0.09439426   1.9969208e-09        2.104592         2.104592       2573.3669                                                          2573.3669
              8       1288.8204     0.022539106      0.11917919       66.719621       3.0010747       1.0231115     0.047824754      0.09439426   2.0107135e-09        2.104592         2.104592       2573.4315                                                          2573.4315
              1       1290.1793     0.022388559      0.11660276       67.434845       3.0010747       1.0231115     0.051817086      0.12368283   2.0107135e-09        2.104592         2.104592       2576.1495                                                          2576.1495
              1       1290.0676     0.022388559      0.11660276       67.434845       3.0012716       1.0367304     0.051817086      0.12368283   2.0111094e-09        2.104592         2.104592       2575.9261                                                          2575.9261
             20       1288.5782     0.022388559      0.11660276       67.434845       2.9950094        1.036753     0.051817086      0.12368283   1.9985549e-09        2.104592         2.104592       2572.9472                                                          2572.9472
             11       1288.4497     0.022390864      0.11664251       67.440481       2.9950094        1.036753     0.051632717      0.12373902   1.9985549e-09        2.104592         2.104592       2572.6901                                                          2572.6901
              8       1289.1687     0.022390864      0.11664251       67.440481       2.9879193       1.0404561     0.051632717      0.12373902    1.984435e-09        2.104592         2.104592       2574.1283                                                          2574.1283
              6       1290.2233     0.022390864      0.11664251       67.440481       2.9847881       1.0413637     0.051632717      0.12373902   1.9782309e-09        2.104592         2.104592       2576.2373                                                          2576.2373
             12       1290.0341     0.022631762      0.11587004       67.640665       2.9847881       1.0413637     0.049533255      0.14061879   1.9782309e-09        2.104592         2.104592       2575.8589                                                          2575.8589
              2       1291.2241      0.02284401      0.11623546       67.501484       2.9847881       1.0413637     0.048574051      0.15650304   1.9782309e-09        2.104592         2.104592       2578.2391                                                          2578.2391
              1       1291.0828     0.022802446      0.11681589        67.62026       2.9847881       1.0413637      0.04497132      0.17201269   1.9782309e-09        2.104592         2.104592       2577.9564                                                          2577.9564
              7       1290.3212     0.022802446      0.11681589        67.62026       2.9807209       1.0339047      0.04497132      0.17201269   1.9702014e-09        2.104592         2.104592       2576.4332                                                          2576.4332
              4       1291.2384     0.022747249      0.11466817       67.952702       2.9807209       1.0339047     0.042792324       0.2026637   1.9702014e-09        2.104592         2.104592       2578.2676                                                          2578.2676
             44        1291.354     0.022908117      0.11468741       68.462326       2.9807209       1.0339047     0.043032479      0.17713653   1.9702014e-09        2.104592         2.104592       2578.4988                                                          2578.4988
             24        1291.845     0.022893499       0.1150019       68.505615       2.9807209       1.0339047     0.043878387      0.17121239   1.9702014e-09        2.104592         2.104592       2579.4809                                                          2579.4809
             51       1291.9191     0.022857552      0.11495667       68.552406       2.9807209       1.0339047     0.044499851       0.1660712   1.9702014e-09        2.104592         2.104592       2579.6291                                                          2579.6291
