#                 weight             minuslogpost                 omegabh2                 omegach2                       H0                     logA                       ns                      tau               mnu_sample                 A_planck               TT_tSZ_Amp               TT_kSZ_Amp                       As                      mnu                chi2__CMB            minuslogprior         minuslogprior__0                     chi2 chi2__sbt_spt_audit.likelihoods.candl_cobaya.CandlCobayaLikelihood chi2__sbt_spt_audit.likelihoods.desi_dr2_bao.DESIDR2BAOGaussian chi2__planck_2018_lowl.TT chi2__planck_2018_lowl.EE_sroll2 chi2__planck_2018_highl_plik.TT_lite_native chi2__planckpr4lensing.PlanckPR4Lensing
                       4       1517.2258672454991     0.022577118681536289      0.11580137456657981       68.408874591457959       3.0473905495420506      0.98416780080559807     0.061588006901830292     0.094262254435155887      0.99993979825826096       2.2761705658352662       9.7015308248968815   2.1060316804513632e-09     0.094262254435155887       496.68629936289102       5.7934714303969193       5.7934714303969193       3022.8647916302043                                                 2515.0337781055882                                              11.144714161724863        20.476422142464855               390.72070539953666                          75.067080999251729                      10.422090821637786
                       9       1517.2187938181171      0.02257022590286718      0.11581420710655485         68.4099086989455       3.0476290703518698      0.98399408263327304     0.061617239247326074     0.092716585585818675       1.0000521153018245       2.2754826166631728       9.7042205639823589   2.1065340727464161e-09     0.092716585585818675        496.6059384237642       5.7934714303969193       5.7934714303969193       3022.8506447754403                                                 2515.1141242061526                                              11.130582145523668        20.490782369281135               390.74266487539211                          75.029049595436277                      10.343441583654702
                       3        1516.296861661714     0.022656535603381454      0.11619731506863085       68.413326832898505       3.0454777083990501      0.98148848055083115     0.059839670262635883     0.087890161337757816       1.0000791323156575       2.2560415314251787       9.7005940777296047   2.1020070268931606e-09     0.087890161337757816       494.56852232338429       5.7934714303969193       5.7934714303969193       3021.0067804626342                                                 2514.8137909829857                                              11.624467156263849        20.756794596898828               390.44861799984938                          73.333427068001711                      10.029682658634366
                       4       1516.1300284419965     0.022656535603381454      0.11619731506863085       68.413326832898505       3.0454777083990501      0.98148848055083115     0.059839670262635883     0.087890161337757816       1.0001087145011724       2.2809402138934738       9.7696219155717667   2.1020070268931606e-09     0.087890161337757816       494.61247344620159       5.7934714303969193       5.7934714303969193       3020.6731140231991                                                 2514.4361734207337                                              11.624467156263849        20.754410048879663               390.44861799984938                          73.363949501460951                      10.045495896011589
                       1       1517.0388108474021     0.022807619875186324      0.11535047312567606       68.705958920900457       3.0466090329639894      0.98192290700770446     0.061174284746769836     0.098028503240080792      0.99990772174567255       2.2730395993429782        9.748979098404325   2.1043864247602062e-09     0.098028503240080792        496.2930738224357       5.7934714303969193       5.7934714303969193       3022.4906788340104                                                 2515.5679278159423                                              10.629677195632212        20.766796943536349               390.55494716574134                          73.618752922024186                      11.352576791133782
                       1       1517.0005278855645     0.022831030687107172      0.11553125434734328       68.666421989198341       3.0464216610890049      0.98054022843699873     0.060515393401838986     0.095727011863168773       1.0002174049977539          2.2562306995451       9.7538690004171986   2.1039921588684306e-09     0.095727011863168773        496.0014789148654       5.7934714303969193       5.7934714303969193        3022.414112910335                                                 2515.5910700798872                                              10.821563915582242        20.925067617442267               390.43004260528585                          73.636981389312623                      11.009387302824695
                       2       1517.1205715452761     0.022831030687107172      0.11553125434734328       68.666421989198341       3.0464216610890049      0.98054022843699873     0.060515393401838986     0.095727011863168773      0.99844246893443322          2.2562306995451       9.7538690004171986   2.1039921588684306e-09     0.095727011863168773       496.24156623428883       5.7934714303969193       5.7934714303969193       3022.6542002297583                                                 2515.5910700798872                                              10.821563915582242        21.084584789802648               390.42322410135125                          74.770449517213933                      9.9633078259210173
                       1       1517.5675532942309     0.022789447557618005       0.1153157708896186       68.672170777916094       3.0398707335660178      0.97991794694542289     0.056533928530897788     0.099896484270221464      0.99938882125268602       2.2529792200356473       9.8231058508452396   2.0902541063502031e-09     0.099896484270221464       497.43474722934053       5.7934714303969193       5.7934714303969193        3023.548163727668                                                 2515.4484854387483                                              10.664931059578926        21.074191683074332               390.30203960059345                          74.889789885292103                      11.168726060380667
                       1       1517.3212319740367     0.022579662828904903      0.11552787363682045       68.603973978042717       3.0411996946532467      0.97737005078065387     0.057144596354415496     0.068519893672946489      0.99998332765686393       2.2882827552288463       9.8641849397449786   2.0930338193760728e-09     0.068519893672946489       495.66599713184672       5.7934714303969193       5.7934714303969193       3023.0555210872794                                                 2516.7681926131077                                              10.621331342325254        21.347334995421591                390.2131298487422                          74.261814975311609                      9.8437173123713144
