#                 weight             minuslogpost                 omegabh2                 omegach2                       H0                     logA                       ns                      tau                      mnu                       As            minuslogprior         minuslogprior__0                     chi2 chi2__sbt_spt_audit.likelihoods.candl_cobaya.CandlCobayaLikelihood chi2__sbt_spt_audit.likelihoods.desi_dr2_bao.DESIDR2BAOGaussian
                       3       13522.376182412689     0.023187092971806506      0.11617383762016781       68.659545505297544       3.0068840666506467       1.0040601027871798     0.044620063805797125        12.00586994051204   2.0224284122625476e-09       3.4908863374028734       3.4908863374028734       27037.770592150573                                                 26533.383833897085                                              504.38675825348747
                       1       13499.948036768097     0.023050502321470691       0.1162253012069815       68.091865778731176       2.9998679229214709       1.0091058924318501     0.042542247179401367       12.069385185848299   2.0082884259332068e-09       3.4908863374028734       3.4908863374028734        26992.91430086139                                                 26476.526450897385                                              516.38784996400443
                       1       13477.957672282258     0.023132712699230586      0.11769997045859833        67.97445977012309       3.0121179359107009        1.003062119660286     0.045683463523462586       12.034598579542617   2.0330412871330495e-09       3.4908863374028734       3.4908863374028734       26948.933571889713                                                 26427.477786311942                                              521.45578557777276
                       2       13340.839129642069     0.023575655335279701      0.11667982143454461       68.197533266504237        3.040897022301539      0.99336453076799303      0.05762080724311152       12.086673059716627   2.0924004117700787e-09       3.4908863374028734       3.4908863374028734       26674.696486609333                                                 26164.463319218827                                              510.23316739050711
                       1       13322.866006086733     0.023379348369717796       0.1167686904415649       67.732773435661855       3.0546244206314781        0.995427444895708     0.066075911513547289       12.084540415469663   2.1213216783993938e-09       3.4908863374028734       3.4908863374028734       26638.750239498662                                                 26116.527122578336                                              522.22311692032554
                       4       13227.116883636576     0.023802326421971547       0.1154066635176601       67.871635979724587       3.0418616765181534      0.98606863013173807     0.057926265714022609       12.137414126116925   2.0944198285129776e-09       3.4908863374028734       3.4908863374028734       26447.251994598348                                                 25935.086614655833                                              512.16537994251451
                       4         13105.6264154009     0.023802326421971547       0.1154066635176601       67.871635979724587       3.0246348517781927        1.009615309371009     0.057926265714022609       12.137414126116925   2.0586486219761272e-09       3.4908863374028734       3.4908863374028734       26204.271058126997                                                 25692.105678184482                                              512.16537994251451
                       2       12944.346188318346     0.023802326421971547       0.1154066635176601       67.871635979724587       3.0007557382999988       1.0155415804983667     0.057926265714022609       12.137414126116925   2.0100722069992336e-09       3.4908863374028734       3.4908863374028734       25881.710603961888                                                 25369.545224019374                                              512.16537994251451
                       3       12924.450119251518     0.023919830946820344       0.1156269758580174       67.900925131387211       3.0022454156497704        1.012268375907643     0.057302910255783483       12.141253884676493   2.0130687974597196e-09       3.4908863374028734       3.4908863374028734       25841.918465828232                                                 25330.127211911298                                              511.79125391693452
                       1       12908.285422301109     0.023904233598288634      0.11624375139082067        67.62406578488023       3.0024715699265476       1.0117948363941585       0.0567380181550819       12.154242853375354    2.013524113061557e-09       3.4908863374028734       3.4908863374028734       25809.589071927414                                                 25286.596377845544                                              522.99269408187092
                       1       12850.672396345779     0.024817323606390669      0.11601871130810792        68.86144979565448       2.9975910968161381      0.99325792344726949     0.046425316340360186       12.168630345481189   2.0037211038900928e-09       3.4908863374028734       3.4908863374028734       25694.363020016754                                                 25208.881650192317                                              485.48136982443702
                       1        12600.66182336249     0.024817323606390669      0.11601871130810792        68.86144979565448       2.9603997061240883       1.0347156407872089     0.046425316340360186       12.168630345481189   1.9305686814771421e-09       3.4908863374028734       3.4908863374028734       25194.341874050177                                                  24708.86050422574                                              485.48136982443702
                       5       12591.461894648799      0.02513682469849084      0.11709020018076349       68.896268416804318       2.9432377900190354       1.0213756733795119     0.033218036741077858       12.125206405598847   1.8977191107838664e-09       3.4908863374028734       3.4908863374028734       25175.942016622794                                                  24691.21471904088                                              484.72729758191497
                       1       12569.873935191399     0.024919247587988427      0.11692901052974036       68.318423472384524       2.9425746641670156       1.0281814906577891      0.03531015865431391       12.181051238222096    1.896461101337026e-09       3.4908863374028734       3.4908863374028734       25132.766097707994                                                  24629.16951723961                                              503.59658046838274
                       1        12532.63521212538     0.025308240849058777      0.11746224276439092       68.169990315150528       2.9187506981259439       1.0153977681780184     0.019123585937033359       12.194311498525005   1.8518138257757565e-09       3.4908863374028734       3.4908863374028734       25058.288651575956                                                 24546.570263828478                                              511.71838774747954
                       1       12515.522931390295     0.025434448546429317      0.11798856535502807        68.20488302496652       2.9256979402062315       1.0112328913080053     0.020680525730540272       12.189108419599433   1.8647236165084348e-09       3.4908863374028734       3.4908863374028734       25024.064090105785                                                 24511.031870542989                                              513.03221956279504
                       1       12308.374586966585     0.026277636443393246      0.11568756043816138        68.52156044958879       2.9789853622781548      0.98955430276620993     0.043007491370818322       12.265438665365121   1.9667850774109495e-09       3.4908863374028734       3.4908863374028734       24609.767401258367                                                 24112.845699759266                                              496.92170149910146
                       3       12278.870164763788     0.026277636443393246      0.11568756043816138        68.52156044958879       2.9743532241452697       1.0163719813071368     0.043007491370818322       12.265438665365121   1.9576957250747542e-09       3.4908863374028734       3.4908863374028734       24550.758556852772                                                 24053.836855353671                                              496.92170149910146
                       1       12148.116991150169     0.026277636443393246      0.11568756043816138        68.52156044958879       2.9453894865238124       1.0667396224936334     0.043007491370818322       12.265438665365121   1.9018068225420335e-09       3.4908863374028734       3.4908863374028734       24289.252209625534                                                 23792.330508126433                                              496.92170149910146
                       3       12146.993865575459     0.026295515936040428      0.11565054603723432        68.53053463480461       2.9443372148076206       1.0663659577571682     0.042378068414791026       12.267336673237383   1.8998066575560944e-09       3.4908863374028734       3.4908863374028734       24287.005958476115                                                 23790.431111725975                                              496.57484675013916
                       1       12101.650568143179      0.02659339081843928      0.11543361541466177       68.757249870066971       2.9613299879344783       1.0607869928135107     0.048596389584711255       12.300723511582488   1.9323654900448088e-09       3.4908863374028734       3.4908863374028734       24196.319363611554                                                 23706.497448799062                                              489.82191481249208
                       2       12048.637546426664     0.027102338398756459      0.12000228705493152       68.363369725108456       2.9761931334167557       1.0348720848035333     0.044524975121328879       12.209474699124586    1.961301023283794e-09       3.4908863374028734       3.4908863374028734       24090.293320178524                                                 23558.747696354028                                              531.54562382449603
                       1       12044.007579765024     0.027099453652126317      0.11993247968322832       68.367995193229845       2.9803165308157951       1.0356818804377288     0.046751201087817516       12.218451857655985   1.9694049431808738e-09       3.4908863374028734       3.4908863374028734       24081.033386855244                                                 23549.647085443463                                              531.38630141178078
                       1       11994.269533858958     0.027099453652126317      0.11993247968322832       68.367995193229845       2.9641347898926496       1.0641624078695686     0.046751201087817516       12.218451857655985     1.93779300054308e-09       3.4908863374028734       3.4908863374028734       23981.557295043112                                                 23450.170993631331                                              531.38630141178078
                       1       11966.822486627676     0.026852472844112765       0.1191941979520985       67.869565737182583       2.9719219488720299        1.070844141534949     0.054052539569161104       12.259003378691991   1.9529418092465936e-09       3.4908863374028734       3.4908863374028734       23926.663200580548                                                 23373.662106409767                                               553.0010941707809
                       1       11928.864538989166     0.027331799321538834      0.11358351882351587       69.059224890837271        2.957146052102166       1.0719258631765372     0.050679903740798893       12.376578343094012   1.9242974866036442e-09       3.4908863374028734       3.4908863374028734       23850.747305303528                                                 23373.752377174733                                              476.99492812879566
                       6       11831.017052048812     0.027975582224144497       0.1138419040308541       68.784289260929484       2.9557834803904042       1.0545157273362227     0.044025240398569268       12.456466069287698   1.9216772787992901e-09       3.4908863374028734       3.4908863374028734       23655.052331422819                                                 23152.706058555501                                              502.34627286731728
                       1        11786.60974035194      0.02848350341207237      0.11242416537281433       70.014543086608157       2.9969302400649207       1.0386707221060107     0.061493161107961658       12.360875772574499    2.002397368718869e-09       3.4908863374028734       3.4908863374028734       23566.237708029075                                                 23126.307158869553                                              439.93054915952285
                       1       11772.191133834573      0.02848350341207237      0.11242416537281433       70.014543086608157        2.984434738631867       1.0658884785834142     0.061493161107961658       12.360875772574499   1.9775320851545806e-09       3.4908863374028734       3.4908863374028734       23537.400494994341                                                 23097.469945834819                                              439.93054915952285
                       2       11625.685716903286      0.02961740512814031      0.11221964848016032       70.217547482110788       3.0066604020612915       1.0357796194528019     0.062785399120209834       12.444061704661873    2.021976117225296e-09       3.4908863374028734       3.4908863374028734       23244.389661131769                                                 22799.976035733893                                              444.41362539787457
                       1        11541.43796254386      0.02961740512814031      0.11221964848016032       70.217547482110788       2.9853800652745268       1.0592574232363579     0.062785399120209834       12.444061704661873   1.9794023828032087e-09       3.4908863374028734       3.4908863374028734       23075.894152412915                                                 22631.480527015039                                              444.41362539787457
                       1       11531.144838070995     0.029524904881769513      0.11197307697848972       69.993354635898683       2.9860629100791365       1.0624064260091493     0.064413943814907712       12.470084512228036   1.9807544690165237e-09       3.4908863374028734       3.4908863374028734       23055.307903467186                                                 22601.406592143561                                              453.90131132362399
                       1       11512.164936331208     0.029880834726334921      0.11396358099363407       69.869987102926743       2.9910617163651074       1.0513002053119713     0.060921011807606479       12.479847439844956   1.9906806658049642e-09       3.4908863374028734       3.4908863374028734       23017.348099987612                                                 22540.907115730901                                              476.44098425671234
                       2       11467.854331337689      0.03008232054690162      0.11321417753703915       70.742920595712647       3.0802433112295127       1.0499884993602819      0.10468220547724585       12.471984653950747   2.1763697103941133e-09       3.4908863374028734       3.4908863374028734       22928.726890000573                                                  22496.35583425812                                              432.37105574245197
                       1       11424.193044646378      0.03008232054690162      0.11321417753703915       70.742920595712647       3.0804289355594192       1.0332302923005643      0.10468220547724585       12.471984653950747    2.176773735060478e-09       3.4908863374028734       3.4908863374028734       22841.404316617951                                                 22409.033260875498                                              432.37105574245197
                       2       11388.242305780956     0.030881039315609187      0.11055448768189523       71.624150076547622       3.0809364671139621       1.0225025384288393      0.10190175882340068       12.590473181184151   2.1778787968212569e-09       3.4908863374028734       3.4908863374028734       22769.502838887107                                                 22372.676726986625                                              396.82611190048368
                       2       11370.724256233751     0.030077481644504661      0.10700887561140031       70.537096721138226       3.0424721055613366       1.0517587586259602     0.095625175463539672       12.750327889114418   2.0956987134994785e-09       3.4908863374028734       3.4908863374028734       22734.466739792697                                                 22309.381621211505                                              425.08511858119067
                       2       11364.563113359247     0.030077481644504661      0.10700887561140031       70.537096721138226       3.0414503303043268        1.051979522020311     0.095625175463539672       12.750327889114418   2.0935584740159569e-09       3.4908863374028734       3.4908863374028734        22722.14445404369                                                 22297.059335462498                                              425.08511858119067
                       3       11249.981153630602     0.030461417345414597      0.10880558794614323       69.622173043052015       3.0680090765899015       1.0372226777419253      0.10304877626495491       12.819081372065872   2.1499057061988211e-09       3.4908863374028734       3.4908863374028734       22492.980534586401                                                 22000.844644401535                                              492.13589018486539
                       3       11241.012845964822     0.030461417345414597      0.10880558794614323       69.622173043052015       3.0603337523979999       1.0517645797057009      0.10304877626495491       12.819081372065872   2.1334676473350736e-09       3.4908863374028734       3.4908863374028734        22475.04391925484                                                 21982.908029069975                                              492.13589018486539
                       1       11223.783071723681     0.030467998223148943      0.10840030692772173       69.467233854436373       3.0556662371283787       1.0513075070030442      0.10126588492708209       12.835545839347073   2.1235328579408475e-09       3.4908863374028734       3.4908863374028734       22440.584370772558                                                 21940.069173232292                                              500.51519754026708
                       2       11208.721650040528     0.030467998223148943      0.10840030692772173       69.467233854436373       3.0520741910253379       1.0541186511369438      0.10126588492708209       12.835545839347073   2.1159187133799283e-09       3.4908863374028734       3.4908863374028734       22410.461527406253                                                 21909.946329865987                                              500.51519754026708
                       1       11065.992865950282     0.030467998223148943      0.10840030692772173       69.467233854436373       2.9908252352042228       1.1311132425963877      0.10126588492708209       12.835545839347073   1.9902099629885321e-09       3.4908863374028734       3.4908863374028734        22125.00395922576                                                 21624.488761685494                                              500.51519754026708
                       1       11067.213442484521     0.030443595017384539      0.10843005231966185        69.46003586793023       2.9924248025698796       1.1317031890122777      0.10223864135503849       12.833534921701466   1.9933959853455108e-09       3.4908863374028734       3.4908863374028734       22127.445112294237                                                 21626.976962912293                                              500.46814938194314
                       2       10956.514269818001     0.030443595017384539      0.10843005231966185        69.46003586793023       2.9805745223207221       1.1247849690361551      0.10223864135503849       12.833534921701466   1.9699130984730312e-09       3.4908863374028734       3.4908863374028734       21906.046766961197                                                 21405.578617579253                                              500.46814938194314
                       1       10865.213207254752     0.031167380901986258      0.10729889328665372       69.844299083645097        3.024246763781683       1.1023049517389445      0.11891458308442246       12.835102846999776   2.0578498401657488e-09       3.4908863374028734       3.4908863374028734         21723.4446418347                                                 21236.933272981736                                              486.51136885296296
                       2       10856.525278228812     0.031462905599202666      0.10777864491657667        70.07210397512037       3.0357373275985489       1.0943063399551718      0.12127878802348073       12.832883072140872   2.0816320690194203e-09       3.4908863374028734       3.4908863374028734       21706.068783782819                                                 21224.419339198263                                              481.64944458455739
                       6       10859.241208868223     0.031485591058015232      0.10763095405710599       70.140885833179965       3.0337491449487106       1.0943031304370738      0.12030199004007602       12.835291612623385    2.077497515741941e-09       3.4908863374028734       3.4908863374028734       21711.500645061642                                                 21234.339069363443                                              477.16157569819859
                       1       10858.824339388735     0.030758633972134262      0.10203128550084911        69.65024596510662       2.9863951685416348       1.1273418600797438      0.11191214589686516       13.020466647428675   1.9814127007964696e-09       3.4908863374028734       3.4908863374028734       21710.666906102666                                                  21240.86160388375                                              469.80530221891433
                       1       10758.955295018774     0.030758633972134262      0.10203128550084911        69.65024596510662       2.9453516996300904       1.1736102321333981      0.11191214589686516       13.020466647428675   1.9017349605274798e-09       3.4908863374028734       3.4908863374028734       21510.928817362743                                                 21041.123515143827                                              469.80530221891433
                       1       10723.961841455055      0.03127047496835441      0.10081953966940642       70.101763291119468       2.9694249561357364       1.1637485703786477      0.12117227115636768        13.07409039130809   1.9480714109396653e-09       3.4908863374028734       3.4908863374028734       21440.941910235306                                                 20990.894653773146                                              450.04725646215883
                       2       10684.968834776453     0.031645004821994144      0.10103201960946469       69.958341766159393       2.9622983113037837       1.1512666315485842      0.11390163482616247       13.090096344141335   1.9342375509407378e-09       3.4908863374028734       3.4908863374028734       21362.955896878102                                                 20893.989443638107                                               468.9664532399965
                       2       10634.891999522169     0.031645004821994144      0.10103201960946469       69.958341766159393       2.9605575034540563       1.1322235874461346      0.11390163482616247       13.090096344141335   1.9308733440972406e-09       3.4908863374028734       3.4908863374028734       21262.802226369535                                                  20793.83577312954                                               468.9664532399965
                       1       10610.190165712302     0.032028350852784805      0.10012822435350323       70.447003034373466       3.0223630652956013       1.1237641603439625      0.14259130791027722       13.109218009302767   2.0539771202007501e-09       3.4908863374028734       3.4908863374028734       21213.398558749799                                                  20769.71905803516                                              443.67950071464026
                       4        10560.87986970472     0.032141633275225373     0.098722112424099465       69.940797550599541        3.018340271592109       1.1260757602811982      0.14205280639336043       13.245548760266963   2.0457309913326328e-09       3.4908863374028734       3.4908863374028734       21114.777966734637                                                 20636.852302484709                                              477.92566424992748
                       1       10560.762009349783     0.032142273273851441     0.098726156974757312       69.939458329304045       3.0183737164548474       1.1260396758869677      0.14205754556345335       13.245500652995247   2.0457994116689859e-09       3.4908863374028734       3.4908863374028734       21114.542246024761                                                 20636.488845635246                                              478.05340038951647
                       2       10548.994045791858     0.032142273273851441     0.098726156974757312       69.939458329304045       3.0087413467346575       1.1427409378001372      0.14205754556345335       13.245500652995247   2.0261881186070828e-09       3.4908863374028734       3.4908863374028734       21091.006318908912                                                 20612.952918519397                                              478.05340038951647
                       1       10549.877740986793     0.032150215354217596     0.098606928685723294       69.978009377035718       3.0094935518680419       1.1429623051287374      0.14254200322009719       13.248162354763092   2.0277128010762011e-09       3.4908863374028734       3.4908863374028734       21092.773709298781                                                 20617.637190284862                                              475.13651901392041
                       2       10530.322296620145     0.032150215354217596     0.098606928685723294       69.978009377035718       3.0086142264877376       1.1303089964187139      0.14254200322009719       13.248162354763092   2.0259305654435969e-09       3.4908863374028734       3.4908863374028734       21053.662820565485                                                 20578.526301551567                                              475.13651901392041
                       3       10467.994979343122     0.033124933786214728      0.09816363066643867        70.13850514908394       3.0411360068973403       1.1034121310500804      0.15067772627163944       13.313979044985757    2.092900522993799e-09       3.4908863374028734       3.4908863374028734       20929.008186011441                                                 20436.506552826591                                              492.50163318484783
                       1       10464.725719579495     0.033124933786214728      0.09816363066643867        70.13850514908394       3.0396242866165779       1.1048530433601813      0.15067772627163944       13.313979044985757   2.0897390330738647e-09       3.4908863374028734       3.4908863374028734       20922.469666484187                                                 20429.968033299338                                              492.50163318484783
                       1       10457.717501420924     0.032889325820424739     0.098193907860827698       69.783775389127754       3.0352667791996821       1.1120053374884036      0.15072475217851911       13.340621191429678   2.0806527907992819e-09       3.4908863374028734       3.4908863374028734       20908.453230167044                                                 20395.107295194121                                              513.34593497292451
                       1       10427.023821840809       0.0329884191641545      0.09776029083360728       69.559254865532722       3.0750228522439969       1.1086098012614352      0.17036272416271825       13.374907660220318   2.1650376665549098e-09       3.4908863374028734       3.4908863374028734       20847.065871006813                                                 20313.556709993223                                              533.50916101359076
                       3       10385.977029451666     0.033768025488775819      0.10050118819972029       69.291578679490456       3.0854927095673261       1.0817430823495535      0.16458937567119009       13.380053717406664    2.187824380694036e-09       3.4908863374028734       3.4908863374028734       20764.972286228527                                                 20159.790822255578                                              605.18146397294936
                       4       10357.944053554334     0.033454113269559223      0.10102714290186572       68.556912017143219       3.0647099727787519        1.084536696936482       0.1561804384881012       13.359451513241833   2.1428246311133735e-09       3.4908863374028734       3.4908863374028734       20708.906334433865                                                 20044.051501812712                                              664.85483262115144
                       1       10333.958355457477     0.033620484729209039      0.10275011567428693       68.141604263041557       3.1025492106148898       1.0762073761014674      0.17112486239763885       13.365665273823838   2.2254610722217694e-09       3.4908863374028734       3.4908863374028734       20660.934938240149                                                 19930.654937459338                                              730.28000078081209
                       2       10304.135233569019     0.034489781385067184      0.10225091212103476       68.549949258596484       3.1085746670306396       1.0524628933890565      0.16695876005288413       13.395713039751454   2.2389109711143918e-09       3.4908863374028734       3.4908863374028734       20601.288694463234                                                 19871.926340220376                                              729.36235424285735
                       3       10282.121656841358     0.034369080767264623      0.10413486097532786       67.669934827806927       3.0633963474288999       1.0538283953635066      0.14301903113435577       13.434877934446984   2.1400116103898369e-09       3.4908863374028734       3.4908863374028734       20557.261541007912                                                 19712.788824310166                                              844.47271669774477
                       5       10278.095703541196     0.034574373888755727      0.10229614084071159       68.121770077482708       3.0603507575875279       1.0488279544823116       0.1421196481710586       13.424374813278058   2.1335039276652447e-09       3.4908863374028734       3.4908863374028734       20549.209634407587                                                 19763.262564163073                                              785.94707024451588
