#                 weight             minuslogpost                 omegabh2                 omegach2                       H0                     logA                       ns                      tau                      mnu                       As            minuslogprior         minuslogprior__0                     chi2 chi2__sbt_spt_audit.likelihoods.candl_cobaya.CandlCobayaLikelihood chi2__sbt_spt_audit.likelihoods.desi_dr2_bao.DESIDR2BAOGaussian
                       2       7062.6559381850639     0.023027916999999998               0.11612066       68.927728000000002       2.9949268466708872       1.0454140153601001              0.050845913                        3   1.9983897947721281e-09       2.1045919762829826       2.1045919762829826       14121.102692417562                                                 14003.308966098954                                              117.79372631860826
                       2       7000.6706917755728     0.023027916999999998               0.11612066       68.927728000000002       2.9794505937344979        1.054578645478691              0.050845913                        3   1.9677003005756232e-09       2.1045919762829826       2.1045919762829826        13997.13219959858                                                 13879.338473279971                                              117.79372631860826
                       3       6905.6134869707921     0.023058595539487921      0.11467280158664096       68.818574632458521       2.9841423917974623       1.0564681526063546         0.05515026520151       3.0582856459925787   1.9769540444078599e-09       2.1045919762829826       2.1045919762829826       13807.017789989019                                                 13692.052705381837                                              114.96508460718186
                       2       6856.0438283369167     0.023058595539487921      0.11467280158664096       68.818574632458521       2.9704328427953661       1.0630749714749903         0.05515026520151       3.0582856459925787   1.9500358359193283e-09       2.1045919762829826       2.1045919762829826       13707.878472721268                                                 13592.913388114086                                              114.96508460718186
                      11       6856.6793976820027     0.023169103648106947      0.11391824984356942       69.135492211875089       2.9819212343916921       1.0612606396446824     0.060922876678845723       3.0551439583088946   1.9725677913737739e-09       2.1045919762829826       2.1045919762829826        13709.14961141144                                                 13588.486875426772                                              120.66273598466753
                       3       6789.2805633052531     0.023169103648106947      0.11391824984356942       69.135492211875089       2.9519980419424092       1.1100266879296865     0.060922876678845723       3.0551439583088946   1.9144166387665902e-09       2.1045919762829826       2.1045919762829826       13574.351942657941                                                 13453.689206673273                                              120.66273598466753
                       3       6682.6199760658856     0.023169103648106947      0.11391824984356942       69.135492211875089        2.895741590553806       1.1855403738870638     0.060922876678845723       3.0551439583088946   1.8096916968905781e-09       2.1045919762829826       2.1045919762829826       13361.030768179206                                                 13240.368032194538                                              120.66273598466753
                      12        6653.791965440756     0.022810822241697819      0.11257968483334027       69.079416857908882       2.8894102281732521       1.1963644986948594     0.062902098336698908       3.0548026879957431   1.7982700783175971e-09       2.1045919762829826       2.1045919762829826       13303.374746928946                                                 13172.982281099088                                              130.39246582985768
                       1       6503.7060010007626     0.023601623750741534       0.1121321344527786       69.131701195421712       2.9336068080221613       1.1767004613772198     0.078685099028679276       3.1451609834058494   1.8795299425643217e-09       2.1045919762829826       2.1045919762829826        13003.20281804896                                                 12893.685654153271                                              109.51716389568949
                       2       6354.7856066876502     0.023226033509814892      0.11403054346880265       67.703764892718524       2.9103525584781544       1.1822218079497704     0.067982060961399138       3.1941611490224529   1.8363271552970489e-09       2.1045919762829826       2.1045919762829826       12705.362029422735                                                 12611.257907543839                                              94.104121878896649
                       5       6272.6089558956537     0.023226033509814892      0.11403054346880265       67.703764892718524       2.8903178085746672       1.1689528451384179     0.067982060961399138       3.1941611490224529    1.799902893840734e-09       2.1045919762829826       2.1045919762829826       12541.008727838742                                                 12446.904605959846                                              94.104121878896649
                       1       6264.4979646937127     0.023226033509814892      0.11403054346880265       67.703764892718524       2.8848340063714724       1.1778616670620503     0.067982060961399138       3.1941611490224529   1.7900595964014074e-09       2.1045919762829826       2.1045919762829826        12524.78674543486                                                 12430.682623555964                                              94.104121878896649
                       1       6120.3442453730313     0.023651271335742935      0.10988339780376123       68.058345684268076       2.8983845496742533       1.1761360647028991      0.07724705836499135        3.340252313617174   1.8144809641970814e-09       2.1045919762829826       2.1045919762829826       12236.479306793497                                                 12147.285430310738                                              89.193876482759208
                       1       6081.8356672220452     0.023883384793195218      0.11040858676847919       68.029500697415315       2.9059346406909876       1.1684170174995709     0.078149402376760685       3.3427253843904903   1.8282323072474605e-09       2.1045919762829826       2.1045919762829826       12159.462150491525                                                 12073.859166584796                                              85.602983906728127
                       1       6067.2602074109473     0.023883384793195218      0.11040858676847919       68.029500697415315       2.8968896194547136       1.1718803351637102     0.078149402376760685       3.3427253843904903   1.8117704682768426e-09       2.1045919762829826       2.1045919762829826       12130.311230869329                                                   12044.7082469626                                              85.602983906728127
                       2       6064.2389299234464     0.025225675135638115      0.10955919683238731       69.779485751674613       2.9395807541288392       1.1348172774068945     0.088078629019195318       3.2710285429978732   1.8907917583948554e-09       2.1045919762829826       2.1045919762829826       12124.268675894327                                                 12038.524011336141                                              85.744664558186457
                       7        6050.210519059362     0.025037930544166646      0.10929703485752901       69.703087944893511       2.9397985008764893       1.1392141537953753     0.090208267754922369       3.2581691362940233   1.8912035169786486e-09       2.1045919762829826       2.1045919762829826       12096.211854166158                                                 12008.328202857649                                              87.883651308509769
                       1        6050.285652105028     0.025037930544166646      0.10929703485752901       69.703087944893511       2.9399227012219815       1.1394029166673858     0.090208267754922369       3.2581691362940233   1.8914384196960511e-09       2.1045919762829826       2.1045919762829826        12096.36212025749                                                 12008.478468948981                                              87.883651308509769
                       2        5994.090271166875     0.025307246070733862      0.10973192278659402       70.012649219481432       2.9485448658898856       1.1273134462577685     0.091118080057934453       3.1896438334457562   1.9078172221066865e-09       2.1045919762829826       2.1045919762829826       11983.971358381184                                                  11897.06283772015                                              86.908520661033663
                       3       5970.6054929727352     0.025307246070733862      0.10973192278659402       70.012649219481432       2.9293336687337765       1.1504296792393107     0.091118080057934453       3.1896438334457562   1.8715155847516645e-09       2.1045919762829826       2.1045919762829826       11937.001801992905                                                  11850.09328133187                                              86.908520661033663
                       1       5968.0893477231893     0.025307246070733862      0.10973192278659402       70.012649219481432        2.925046522345141       1.1510085304821516     0.091118080057934453       3.1896438334457562   1.8635092977960336e-09       2.1045919762829826       2.1045919762829826       11931.969511493813                                                 11845.060990832779                                              86.908520661033663
                       2        5933.706508102433     0.024896482720147203      0.11371152150232659       69.071333580297619       2.9472430271918513       1.1501335021915329     0.099909122069376188       3.0895882205123306   1.9053351677858999e-09       2.1045919762829826       2.1045919762829826         11863.2038322523                                                 11786.218277546095                                              76.985554706206088
                       2       5927.5262112986329     0.025468445848123543      0.11397792059669255       69.520217812345535        2.980363972171503       1.1340615560733354      0.11081341952230002        3.084952785696514   1.9694983766376036e-09       2.1045919762829826       2.1045919762829826         11850.8432386447                                                 11777.368409553847                                              73.474829090853106
                       4       5838.2703024642369     0.025847550450716385      0.11273849910545834       69.431956140639016        2.991113722777428       1.1278951013570948      0.11483552543884014       3.1846432189360998   1.9907841966565795e-09       2.1045919762829826       2.1045919762829826       11672.331420975908                                                 11604.120137331935                                              68.211283643973218
                       1       5818.3862833429775     0.025543232774727972      0.11238630561762199       69.121003145831565       2.9981865745032517       1.1363601389659235      0.12169252795103419        3.199788814673393   2.0049146304225995e-09       2.1045919762829826       2.1045919762829826        11632.56338273339                                                 11563.051563870746                                              69.511818862643935
                       1       5809.9137853702396     0.025543232774727972      0.11238630561762199       69.121003145831565       2.9938131780596215       1.1590899921103239      0.12169252795103419        3.199788814673393   1.9961654895839444e-09       2.1045919762829826       2.1045919762829826       11615.618386787914                                                  11546.10656792527                                              69.511818862643935
                       2       5801.4077706863927      0.02569000143090357      0.11294756098866679       69.179549961057845       3.0072798398263467       1.1531825211279574      0.12619697084797443       3.1808966837754515   2.0232289935917523e-09       2.1045919762829826       2.1045919762829826        11598.60635742022                                                 11530.221982176676                                              68.384375243543587
                       1       5800.4121355661764      0.02569000143090357      0.11294756098866679       69.179549961057845       3.0063632488500724       1.1520436833031085      0.12619697084797443       3.1808966837754515   2.0213753697904894e-09       2.1045919762829826       2.1045919762829826       11596.615087179787                                                 11528.230711936243                                              68.384375243543587
                       2        5762.320097334331     0.025700711345002084      0.11294251853286448       69.009211671123424       3.0182004546851031       1.1512045026579261       0.1320548758401803       3.1957417236911225   2.0454449835476864e-09       2.1045919762829826       2.1045919762829826       11520.431010716096                                                 11452.649293924696                                              67.781716791399205
                       1       5762.2786636187429     0.025310136868862375      0.11265979892196398       68.727553689168772       3.0096094196661589       1.1619572997158316      0.13173776287625852       3.1969106060043737   2.0279477613055749e-09       2.1045919762829826       2.1045919762829826        11520.34814328492                                                 11450.147025118542                                              70.201118166379175
                       3       5716.7936666613605     0.025343821603943099      0.11340573330237315       68.545660562921654       3.0043052931222776       1.1580694241409821       0.1276315718855151       3.1777897660675993   2.0172197462814589e-09       2.1045919762829826       2.1045919762829826       11429.378149370155                                                 11359.042617998124                                              70.335531372032023
                       1       5579.1495307048817     0.024747338740685697       0.1113186804213489       67.508818681450819       3.0063447644952443       1.1785838880694675      0.13751083215719484       3.3079295449034518   2.0213380063162343e-09       2.1045919762829826       2.1045919762829826       11154.089877457198                                                 11077.201618829669                                               76.88825862752816
                       5       5573.5627284902412     0.024548865446135628      0.11189711817407637       67.209128003760611       2.9875236090502209       1.1828017377294218      0.12909589909645011       3.3024976177650074    1.983649869170588e-09       2.1045919762829826       2.1045919762829826       11142.916273027917                                                 11061.301466593506                                              81.614806434409942
                       4       5565.6394215862074     0.024548865446135628      0.11189711817407637       67.209128003760611       2.9737491343025613       1.1914805276528926      0.12909589909645011       3.3024976177650074   1.9565134581058098e-09       2.1045919762829826       2.1045919762829826       11127.069659219849                                                 11045.454852785439                                              81.614806434409942
                       2       5398.0792357220835       0.0248894689456426      0.10890335941932656       67.196866160890465       2.9609736104477031       1.1885204893721799      0.12426215464906629       3.4263147379122025   1.9316769611833156e-09       2.1045919762829826       2.1045919762829826       10791.949287491601                                                 10714.896045390704                                              77.053242100897123
                       1       5381.2602288003982     0.024633814477758389      0.10871313555916831        66.65556136841262       2.9752617482900869        1.197340628508528      0.13425065917063062       3.4892544025335064   1.9594751471107347e-09       2.1045919762829826       2.1045919762829826       10758.311273648231                                                 10671.837536326137                                               86.47373732209482
                       3       5367.1807564583351     0.024929675572195147      0.10907679804451305       66.825920735668944       2.9998690740736769       1.1876235083173496       0.1432493806968263       3.4767188578913508   2.0082907377801892e-09       2.1045919762829826       2.1045919762829826       10730.152328964105                                                 10644.749664635265                                              85.402664328839563
                       2       5355.1124212691393     0.025024111665936863       0.1090470395722635       66.856703122752066       2.9981128236651915       1.1851969243752556      0.14157168416334787       3.4825844470089877   2.0047667717407848e-09       2.1045919762829826       2.1045919762829826       10706.015658585713                                                  10620.62781621351                                              85.387842372204005
                       1       5309.3369885128714     0.024965216762437605      0.10908392848484263       66.692796235176033       2.9951772646844486       1.1852465418802143      0.14054351617524763       3.4767195509865889   1.9988902902387812e-09       2.1045919762829826       2.1045919762829826       10614.464793073177                                                 10526.065131125442                                               88.39966194773568
                       8       5287.9486421911006     0.024957895596155522      0.10816354966524903       66.703159177073502        2.996603430619154       1.1876592699951658      0.14273961417856523        3.508367283771205   2.0017430732653844e-09       2.1045919762829826       2.1045919762829826       10571.688100429636                                                 10485.712474047044                                              85.975626382591187
                       1       5276.1678399762714     0.024945181693766565      0.10764751669390493       66.699992833955264       2.9983299808613753       1.1892286331119446      0.14451290176669165       3.5263373381490224   2.0052021685450017e-09       2.1045919762829826       2.1045919762829826       10548.126495999977                                                 10463.334045415522                                              84.792450584455651
                       1       5275.7412688027816     0.024939403419496242      0.10763550221142357       66.698751238919272       2.9978867317579314        1.189382878585989      0.14435981679916865       3.5259965572218492   2.0043135614332722e-09       2.1045919762829826       2.1045919762829826       10547.273353652998                                                 10462.542256555627                                              84.731097097370991
                       1       5157.9907718064069     0.025358958972660169      0.10746169623699497       66.566641588759097       2.9878352093492873        1.177702725547072      0.13588556147803824       3.5704391794249002   1.9842680713740579e-09       2.1045919762829826       2.1045919762829826       10311.772359660248                                                 10219.598290172167                                               92.17406948808005
                       4       5105.5466678683315      0.02487250157930751      0.10823621665518811        65.64189357542034       2.9833959293519685       1.1888624690511784      0.13711795244926839       3.5993796953471722    1.975478873105729e-09       2.1045919762829826       2.1045919762829826       10206.884151784097                                                 10086.757773351845                                              120.12637843225322
                       6       5070.5715640942799     0.024872058870480017       0.1073524524060398       65.614803665320849       2.9829316808839943       1.1907092503085563      0.13824796843850742        3.630600161911814   1.9745619729165964e-09       2.1045919762829826       2.1045919762829826       10136.933944235994                                                 10018.634680704828                                              118.29926353116609
                       2       5035.6218740520962     0.024631460074080985      0.10816877634359877       65.019791494542787       3.0053405870013923        1.194228997158497      0.15047861008667951       3.6372314592766593    2.019309242972548e-09       2.1045919762829826       2.1045919762829826       10067.034564151627                                                 9923.9904968578085                                              143.04406729381856
                       4       5017.9615983251788     0.024647028327910624      0.10868541660357305       64.876778151208086       3.0078219127702743       1.1920679910875389      0.15080516651103623       3.6299318582725535   2.0243260285981829e-09       2.1045919762829826       2.1045919762829826       10031.714012697792                                                  9878.934841944827                                               152.7791707529652
                       1       4967.4851326765256     0.024668807957257559      0.10767052994761055       64.530926460622069        3.027815289940174       1.1949658764376485      0.16236183269902171       3.7207025121558313   2.0652064494701778e-09       2.1045919762829826       2.1045919762829826       9930.7610814004856                                                 9761.0418778022922                                              169.71920359819384
                       1       4933.0383960645304     0.024920393725323637      0.10755142183679046       64.563256625098731       3.0165843541737591       1.1892250997311333      0.15473483038358188       3.7491961015579882   2.0421420085525255e-09       2.1045919762829826       2.1045919762829826       9861.8676081764952                                                 9686.2232021892032                                              175.64440598729254
                       1       4909.4721261803797     0.024986306169992627        0.106648288466483       64.629317378109135       3.0094870125853088       1.1900545049677431      0.15200021469113076       3.7838683147481316    2.027699541332248e-09       2.1045919762829826       2.1045919762829826       9814.7350684081939                                                 9644.6807602746412                                              170.05430813355179
                       7       4896.8302532593798     0.024815775545310999      0.10736131600457348       64.305506213600708       2.9888342858263339       1.1931494209726081       0.1422202360466579       3.7776565349562583   1.9862514975605657e-09       2.1045919762829826       2.1045919762829826        9789.451322566194                                                 9601.5768656871915                                              187.87445687900239
                       1       4895.8878424293134     0.024815775545310999      0.10736131600457348       64.305506213600708       3.0030410275533863       1.1874591003752395       0.1422202360466579       3.7776565349562583   2.0146710562613448e-09       2.1045919762829826       2.1045919762829826       9787.5665009060613                                                 9599.6920440270587                                              187.87445687900239
                       1       4851.7477400886492     0.024478495964058249      0.10637840192922841       63.844551792190067       2.9752069206381493       1.1999205439255483      0.13304780026750265       3.8411776345474835   1.9593677166344959e-09       2.1045919762829826       2.1045919762829826       9699.2862962247327                                                 9496.6606832272664                                              202.62561299746653
                       3       4806.0973866351269     0.024637714410385331      0.10584513732767187       63.767133958623141       2.9865743576776564       1.1969332130820984      0.13817088320379478       3.8840610746337076   1.9817677802386672e-09       2.1045919762829826       2.1045919762829826       9607.9855893176882                                                 9396.0855404961258                                              211.90004882156174
                       1       4793.0777525955591     0.024674118577161463      0.10600250975335035       63.728968116520242       2.9854750166606676       1.1952751813373235      0.13705167530985629       3.8818880303380427   1.9795903387263826e-09       2.1045919762829826       2.1045919762829826       9581.9463212385526                                                 9365.1557432688023                                              216.79057796975118
                       1       4698.7038328428962     0.025209437878442351      0.10695295209624157       63.493058272473732       3.0284562116336637       1.1766761668830785      0.15229186736155495        3.903064206063672   2.0665305093492035e-09       2.1045919762829826       2.1045919762829826       9393.1984817332268                                                 9129.4272520177747                                              263.77122971545185
                       2       4669.0911684336925     0.025362571623021565      0.10578388945640226       63.594613388903518        3.026017269293368       1.1761836906514485      0.15153311034511735       3.9560280289721002   2.0614965019147495e-09       2.1045919762829826       2.1045919762829826       9333.9731529148194                                                 9077.4918584524548                                              256.48129446236413
                       1        4566.263329297939      0.02542734632884195      0.10607968212939484       63.226167386320519       3.0021813025342654       1.1718260596222358      0.13861053783035004       3.9642612469824559   2.0129397374846517e-09       2.1045919762829826       2.1045919762829826       9128.3174746433124                                                  8834.945833643369                                              293.37164099994357
                       3       4546.4205534606162     0.025552295620600799      0.10516567747708491       63.626283985086836       3.0069337589458547       1.1686973172181678      0.14102632325442482       3.9429246333941057   2.0225289138693035e-09       2.1045919762829826       2.1045919762829826       9088.6319229686669                                                 8830.5891770289236                                              258.04274593974327
                       2       4496.7700169080263     0.025094191982235524      0.10454846243723989       63.176583603891054       2.9887819181049426        1.181213783183507      0.13705678754666434       3.9569548530625536   1.9861474848190072e-09       2.1045919762829826       2.1045919762829826       8989.3308498634869                                                  8718.321270263119                                              271.00957960036743
                       3       4494.6644170816717     0.025094191982235524      0.10454846243723989       63.176583603891054       3.0026487514940503       1.1769496476779389      0.13705678754666434       3.9569548530625536   2.0138809040275713e-09       2.1045919762829826       2.1045919762829826       8985.1196502107778                                                 8714.1100706104098                                              271.00957960036743
                       1        4456.027978599277     0.025125791036967483      0.10544156490444367       62.752222923469326       3.0066519865779182       1.1737036318350016      0.13753844998194209       3.9707352173083406   2.0219591013904985e-09       2.1045919762829826       2.1045919762829826       8907.8467732459885                                                 8590.3148930164152                                              317.53188022957249
                       1       4416.8784412573805     0.025379782418224268      0.10486967335222108       62.868578047753509       2.9867073330920069       1.1688347805081201      0.12619476240713259       4.0034781589927046   1.9820313241524327e-09       2.1045919762829826       2.1045919762829826       8829.5476985621954                                                 8512.5524355074904                                              316.99526305470545
                       2       4362.4095786268817     0.025333247079693661      0.10325813445907697       62.675408731241831       2.9996795777658232       1.1743152051864054      0.13567261847539239       4.0844971353522901   2.0079102101557116e-09       2.1045919762829826       2.1045919762829826       8720.6099733011979                                                 8396.2999939141919                                              324.30997938700659
                       1       4216.9036103562521     0.024545160011191901      0.10242825100112496       61.678279652698507       2.9600697028909124       1.1933026650940903      0.12425922885378823       4.0999006538700149   1.9299316926803486e-09       2.1045919762829826       2.1045919762829826       8429.5980367599386                                                 8054.1045914704446                                              375.49344528949467
                       1       4192.8008997515881     0.024866172975258734      0.10138281119451377       62.540817246884416       2.9926229391611527       1.1825332048352386      0.13870498466136774       4.0240391957200634   1.9937909891621674e-09       2.1045919762829826       2.1045919762829826       8381.3926155506106                                                 8084.2885544018054                                               297.1040611488051
                       1       4137.6705825270847     0.025203206293608865      0.10150123851832028       62.529017274767781       2.9938039912102856       1.1724360165276859       0.1360844513978588       4.0408604229992973   1.9961471511965779e-09       2.1045919762829826       2.1045919762829826       8271.1319811016037                                                 7953.4847115851671                                              317.64726951643701
