#                 weight             minuslogpost                 omegabh2                 omegach2                       H0                     logA                       ns                      tau                      mnu                       As            minuslogprior         minuslogprior__0                     chi2 chi2__sbt_spt_audit.likelihoods.candl_cobaya.CandlCobayaLikelihood chi2__sbt_spt_audit.likelihoods.desi_dr2_bao.DESIDR2BAOGaussian
                       1       6261.4858933476498     0.022217902169128924      0.11502757080040332        68.65313838265196       3.0405022575533094      0.97346198608380974     0.057071738887618212       1.5342911601683449   2.0915745688658886e-09       2.1045919762829826       2.1045919762829826       12518.762602742734                                                 12456.435401186169                                              62.327201556564646
                       2       6219.8628656643232     0.022217902169128924      0.11502757080040332        68.65313838265196       3.0503890228445418      0.97003340056099785     0.057071738887618212       1.5342911601683449   2.1123560371883726e-09       2.1045919762829826       2.1045919762829826       12435.516547376081                                                 12373.189345819515                                              62.327201556564646
                       1       6169.5279641144962     0.022217902169128924      0.11502757080040332        68.65313838265196       3.0390399478666659      0.98240386179786654     0.057071738887618212       1.5342911601683449    2.088518274282705e-09       2.1045919762829826       2.1045919762829826       12334.846744276427                                                 12272.519542719861                                              62.327201556564646
                       3       6168.5732311082311     0.022169860879875623      0.11498092966903191       68.641305155151386       3.0409320321976381      0.98402223907839148     0.058586045583546277       1.5320628779117451   2.0924736677734274e-09       2.1045919762829826       2.1045919762829826       12332.937278263897                                                 12269.806804397862                                               63.13047386603381
                       1       6167.8740799209663     0.022222498044820571       0.1149889413836379       68.736476418002326       3.0472583731890013      0.98198575378427677     0.061186258105581114       1.5254942549082231   2.1057533312604304e-09       2.1045919762829826       2.1045919762829826       12331.538975889367                                                 12267.306392767801                                              64.232583121565597
                       4       6158.9863975695571     0.022038068960420449      0.11683072294490787       67.996670385554253       3.0630527075473095      0.98552884199724822     0.068478927094169834       1.5413814685319835   2.1392763433942078e-09       2.1045919762829826       2.1045919762829826       12313.763611186549                                                  12261.58574133734                                              52.177869849209046
                       1       6046.7176060493239     0.022038068960420449      0.11683072294490787       67.996670385554253       3.0544892048165355       1.0026043743126707     0.068478927094169834       1.5413814685319835    2.121034861551418e-09       2.1045919762829826       2.1045919762829826       12089.226028146082                                                 12037.048158296873                                              52.177869849209046
                       1        6030.993611201473     0.022038068960420449      0.11683072294490787       67.996670385554253       3.0378441217592642       1.0159783676497791     0.068478927094169834       1.5413814685319835     2.08602226230012e-09       2.1045919762829826       2.1045919762829826        12057.77803845038                                                 12005.600168601171                                              52.177869849209046
                       1         6031.91369124423     0.022038068960420449      0.11683072294490787       67.996670385554253       3.0429166999987469        1.012246645654135     0.068478927094169834       1.5413814685319835   2.0966306566430058e-09       2.1045919762829826       2.1045919762829826       12059.618198535894                                                 12007.440328686685                                              52.177869849209046
                       1       5860.1960762340241     0.022226298515139117      0.11783567782250864       67.544409172894035       3.0662450394255782       1.0015744609893893      0.07657627824673334       1.5591330526629439   2.1461165357346596e-09       2.1045919762829826       2.1045919762829826       11716.182968515483                                                 11670.896331645996                                               45.28663686948591
                       1       5812.5227435950337     0.022207655392595827      0.11722817412536145       67.418750523956362        3.060305880277792       1.0033697245917159     0.074681245078279723       1.5888872966628615   2.1334081838970374e-09       2.1045919762829826       2.1045919762829826       11620.836303237502                                                 11576.058799403361                                              44.777503834140383
                       1       5811.3177104262686     0.022272520654915536      0.11713643150229315       67.519237435893402       3.0601564473848937       1.0011603031056056     0.074040229625781315       1.5851507212206659   2.1330894063589025e-09       2.1045919762829826       2.1045919762829826       11618.426236899972                                                 11573.935909065762                                              44.490327834209175
                       2       5784.1782669714685     0.022343428609946394      0.11905102515493748       66.997386273687113        3.034159396684303      0.99487991050294211     0.057364137790609726       1.5807596897442613   2.0783499875555267e-09       2.1045919762829826       2.1045919762829826       11564.147349990371                                                 11517.715339106655                                              46.432010883716757
                       2       5731.7266562094874     0.022343428609946394      0.11905102515493748       66.997386273687113       3.0267420900229967       1.0063130921393721     0.057364137790609726       1.5807596897442613   2.0629912589634004e-09       2.1045919762829826       2.1045919762829826       11459.244128466409                                                 11412.812117582693                                              46.432010883716757
                       1       5721.1097661081894     0.022082964563485932      0.11912312755064285       66.907248431533205       3.0457513204053241       1.0142172781489365     0.069482931840057313       1.5607845241788265   2.1025822399420006e-09       2.1045919762829826       2.1045919762829826       11438.010348263813                                                 11390.756262632071                                              47.254085631742257
                       1       5558.0280676152051     0.022377818815090211      0.11992584990291454       67.353761516146179       3.0508703115418569      0.99608823493707155     0.067087624457966219       1.4547846316139794   2.1133729349648507e-09       2.1045919762829826       2.1045919762829826       11111.846951277845                                                 11068.839961131591                                              43.006990146253649
                       1       5462.8216938564074     0.022377818815090211      0.11992584990291454       67.353761516146179       3.0396775306777561       1.0157558649684029     0.067087624457966219       1.4547846316139794   2.0898503022289729e-09       2.1045919762829826       2.1045919762829826       10921.434203760249                                                 10878.427213613995                                              43.006990146253649
                       1       5007.9109481282085     0.022982760555498333      0.12386945706771033       65.635040332545159       3.1045016279303335      0.98215612462887669     0.087167424766084495       1.5350623524750089   2.2298103453705289e-09       2.1045919762829826       2.1045919762829826       10011.612712303851                                                 9914.2352985035195                                              97.377413800331936
                       1       4993.5408805883835     0.022932860028288531      0.12409109826651454       65.519523956209071       3.1014194245792259      0.98317888865268199     0.085786056638517266       1.5330990058348706    2.222948197152331e-09       2.1045919762829826       2.1045919762829826       9982.8725772242015                                                 9880.8278843527933                                               102.0446928714085
                       3       4899.2019129519986     0.022912337430635706      0.12237601467304386        65.35897857252732        3.098007559630505      0.98712307061063198     0.086822670630687923       1.6014558823396758   2.2153767218860286e-09       2.1045919762829826       2.1045919762829826       9794.1946419514315                                                  9691.987894323569                                              102.20674762786211
                       2       4844.3182510252582     0.022912337430635706      0.12237601467304386        65.35897857252732       3.0844014711742074       1.0068606446378221     0.086822670630687923       1.6014558823396758   2.1854382448907061e-09       2.1045919762829826       2.1045919762829826       9684.4273180979508                                                 9582.2205704700882                                              102.20674762786211
                       1        4833.381105270747     0.022921452274054052      0.12253408620203429       65.314893196181131       3.0815746334782119       1.0060017972844595     0.085044662570516363        1.599247019797885   2.1792690893865934e-09       2.1045919762829826       2.1045919762829826       9662.5530265889283                                                 9557.5281381696968                                              105.02488841923059
                       3       4737.8375365862339     0.022997953960089607      0.12255530857858583       65.213364602392758       3.0917479435842412       1.0013939249907737     0.089146920239536395       1.6005455722564068   2.2015526261139126e-09       2.1045919762829826       2.1045919762829826       9471.4658892199022                                                 9359.6883756604329                                              111.77751355946845
                       5       4731.9243625696945     0.022997953960089607      0.12255530857858583       65.213364602392758       3.0845504763240985       1.0086257557115998     0.089146920239536395       1.6005455722564068    2.185763910706303e-09       2.1045919762829826       2.1045919762829826       9459.6395411868234                                                 9347.8620276273541                                              111.77751355946845
                       3       4609.9344451906209     0.023289819423590125      0.12335191584191646        65.12206154583599       3.0778904212978371      0.99404706468694537     0.081242080425564078        1.581929802052376   2.1712549715832869e-09       2.1045919762829826       2.1045919762829826       9215.6597064286761                                                 9087.4899887883494                                              128.16971764032749
                       1       4555.7708112310293     0.023938759174914389      0.12653300107580406       65.383067036497138       3.0992039898455852      0.96119622844591479     0.080009195455895174       1.4742482610299552   2.2180288517616723e-09       2.1045919762829826       2.1045919762829826       9107.3324385094929                                                 8958.0388098217009                                              149.29362868779239
                       4       4547.5642914219625     0.023938759174914389      0.12653300107580406       65.383067036497138       3.0920196855127924      0.96895793913346284     0.080009195455895174       1.4742482610299552   2.2021509615630719e-09       2.1045919762829826       2.1045919762829826       9090.9193988913594                                                 8941.6257702035673                                              149.29362868779239
                       1       4441.0075842028509     0.024174013655392321      0.12669349246210201         64.9828081069181        3.105711580259094      0.95982848029797552     0.084161448940118427       1.5292941224012295   2.2325099424531455e-09       2.1045919762829826       2.1045919762829826       8877.8059844531363                                                 8692.2897079483337                                              185.51627650480222
                       1       4435.1764149225401     0.024174013655392321      0.12669349246210201         64.9828081069181       3.1227714605580146      0.94513885458843827     0.084161448940118427       1.5292941224012295   2.2709230244890551e-09       2.1045919762829826       2.1045919762829826       8866.1436458925145                                                  8680.627369387712                                              185.51627650480222
                       1        4353.005880372938     0.023192849306259932      0.12380486723958943       63.613886459189828       3.0920520962284268       0.9894142387634407     0.083820636688079583       1.7216885015794974   2.2022223360083138e-09       2.1045919762829826       2.1045919762829826       8701.8025767933104                                                 8472.6261895945026                                              229.17638719880782
                       2       4332.1569384676905     0.023192849306259932      0.12380486723958943       63.613886459189828       3.0902448471867601      0.99596954943061122     0.083820636688079583       1.7216885015794974   2.1982459660297266e-09       2.1045919762829826       2.1045919762829826       8660.1046929828153                                                 8430.9283057840075                                              229.17638719880782
                       3       4298.6499725148797     0.023197175557717862      0.12437161023583188       63.412452812356655       3.0750830793858759       0.9940256155103645     0.075226715076058048       1.7164154344299636   2.1651680645123355e-09       2.1045919762829826       2.1045919762829826       8593.0907610771937                                                 8343.3062842909894                                              249.78447678620441
                       3       4225.8445276616385     0.023369787981157311      0.12240713869481039       63.588103472888221       3.1079100056636317       0.9919371294003827     0.092882566798261873       1.7818510641540808   2.2374233479253195e-09       2.1045919762829826       2.1045919762829826       8447.4798713707114                                                 8216.1815376639915                                              231.29833370671901
                       1       4152.7588834151866     0.023707567656106644      0.12302223249366386       63.636131595446216       3.1104000435067776      0.97704038688671657     0.089468150526849796       1.7681881208646888   2.2430015588287058e-09       2.1045919762829826       2.1045919762829826       8301.3085828778076                                                 8053.4108498744472                                              247.89773300336074
                       1       4147.4780860307001     0.023707567656106644      0.12302223249366386       63.636131595446216       3.1141334938577385        0.975023135286329     0.089468150526849796       1.7681881208646888   2.2513913454664638e-09       2.1045919762829826       2.1045919762829826       8290.7469881088346                                                 8042.8492551054742                                              247.89773300336074
                       2       3997.1773572374441     0.023358859582712919       0.1231722361775847       63.744031842820569       3.1110134781268628       0.9800549427159243     0.090619388534744508       1.6589865325397148   2.2443779157471273e-09       2.1045919762829826       2.1045919762829826       7990.1455305223226                                                 7766.8140289023722                                               223.3315016199503
                       3       3986.5500067340217     0.023358859582712919       0.1231722361775847       63.744031842820569       3.1204836762983645      0.97410187832452266     0.090619388534744508       1.6589865325397148      2.2657335809658e-09       2.1045919762829826       2.1045919762829826       7968.8908295154779                                                 7745.5593278955275                                               223.3315016199503
                       1       3964.0933122618399     0.023358859582712919       0.1231722361775847       63.744031842820569       3.1045276033162335      0.99465213582186129     0.090619388534744508       1.6589865325397148   2.2298682663069899e-09       2.1045919762829826       2.1045919762829826       7923.9774405711141                                                 7700.6459389511638                                               223.3315016199503
                       1       3655.8891981265069     0.023534729413637455      0.12227067626186132       63.109757333342557       3.0870384531805657      0.98570084477797126      0.08084328730397565       1.7252244645777592   2.1912088113145172e-09       2.1045919762829826       2.1045919762829826       7307.5692123004483                                                 7024.9556353286207                                              282.61357697182768
                       1       3650.7663416052542     0.023585782482037066      0.12238630406539945       63.136046809569457       3.0902921419782934      0.98343673890607419     0.081747120442079893       1.7212602707352653   2.1983499340729834e-09       2.1045919762829826       2.1045919762829826       7297.3234992579428                                                 7013.5168101884456                                                283.806689069497
                       8       3557.2597684620341     0.023875249271590699      0.12191906403763746       63.467042116557046       3.0902337028723021      0.97118247997728457      0.07902376500734544       1.6961580720940905    2.198221468221931e-09       2.1045919762829826       2.1045919762829826       7110.3103529715027                                                 6843.9243368035204                                              266.38601616798235
                       2       3548.3630666181675     0.023875249271590699      0.12191906403763746       63.467042116557046       3.0738192869879257      0.99165065690118936      0.07902376500734544       1.6961580720940905   2.1624334699160196e-09       2.1045919762829826       2.1045919762829826       7092.5169492837695                                                 6826.1309331157872                                              266.38601616798235
                       3       3388.6626426197945     0.023878144294703002      0.12078168306174344        63.19441507092953       3.0099232346417888      0.99125461162488882     0.048204426414444425       1.7257958590126479   2.0285842615492981e-09       2.1045919762829826       2.1045919762829826       6773.1161012870234                                                  6488.163630550097                                              284.95247073692627
                       3        3351.515964095729     0.023572023684940383      0.12097568597219679        63.09614631413784       3.0110199128481243      0.99974675358592902     0.051507959384658838       1.6882865910110514   2.0308101860369981e-09       2.1045919762829826       2.1045919762829826       6698.8227442388925                                                 6420.1757293211576                                              278.64701491773513
                       3       3349.9547776838685     0.023537904122121936      0.12135879060284249       63.049730462590354       3.0164636972022034      0.99977738605980881     0.054004148981267236       1.6756110584311059   2.0418956247465477e-09       2.1045919762829826       2.1045919762829826       6695.7003714151715                                                 6411.9014458459251                                              283.79892556924636
                       3       3343.0354135986245     0.023537904122121936      0.12135879060284249       63.049730462590354       3.0247331043109114      0.99328107403863519     0.054004148981267236       1.6756110584311059   2.0588508993541838e-09       2.1045919762829826       2.1045919762829826       6681.8616432446834                                                 6398.0627176754369                                              283.79892556924636
                       2       3341.8068066670453     0.023537904122121936      0.12135879060284249       63.049730462590354       3.0090693118905745       1.0146255074486956     0.054004148981267236       1.6756110584311059   2.0268527466907878e-09       2.1045919762829826       2.1045919762829826        6679.404429381525                                                 6395.6055038122786                                              283.79892556924636
                       1       3337.5559235015298     0.023590151203715017      0.12242565318194693       63.173713830775888       3.0116443483100359       1.0088832625386313     0.052970685576546411       1.6162569914008162    2.032078691942388e-09       2.1045919762829826       2.1045919762829826       6670.9026630504941                                                 6388.1741069340824                                              282.72855611641188
                       2       3335.3283747750838     0.023597158011238892      0.12246138335934988       63.156734099952615       3.0109773874577392       1.0085406723853554      0.05250555233793721       1.6171460889143432   2.0307238268772804e-09       2.1045919762829826       2.1045919762829826       6666.4475655976021                                                 6381.4601230327462                                              284.98744256485628
                       1       3300.7316005698735      0.02332905848057026       0.1234881579361599       62.608840600799745       3.0106795033812404       1.0151441378718316     0.053607939616502551       1.6145269975099774   2.0301189966746025e-09       2.1045919762829826       2.1045919762829826       6597.2540171871815                                                 6266.2912450173162                                              330.96277216986516
                       1       3290.0436432965553      0.02332905848057026       0.1234881579361599       62.608840600799745        3.027521315089484      0.99985988326385056     0.053607939616502551       1.6145269975099774     2.06459941994263e-09       2.1045919762829826       2.1045919762829826        6575.878102640545                                                 6244.9153304706797                                              330.96277216986516
                       2       3268.8379467344998     0.023476411045560121      0.12368744474639762       62.472791816066184        3.034059302446988      0.99445555031985911     0.055080461111204015       1.6377085377254437   2.0781419671096464e-09       2.1045919762829826       2.1045919762829826       6533.4667095164341                                                 6177.3421022924449                                               356.1246072239889
                       1       3246.9365597584324     0.023357081451396099      0.12537873377820349       62.036785475029042       3.0314501228449804      0.99400449663364676     0.052399433427946063       1.6085797031540097     2.07272678913707e-09       2.1045919762829826       2.1045919762829826       6489.6639355642992                                                 6078.6704248428487                                              410.99351072145066
                       2       3229.9518774233602     0.023193383210753704      0.12453298211839782       61.556620305526053       2.9996200364117258       1.0030974823889236     0.039531533147280501       1.6831987139517739   2.0077906600220169e-09       2.1045919762829826       2.1045919762829826       6455.6945708941548                                                 6006.0933015398177                                              449.60126935433721
                       2       3229.9066975260334     0.023193383210753704      0.12453298211839782       61.556620305526053       2.9996267824911853         1.00318158807048     0.039531533147280501       1.6831987139517739   2.0078042047830343e-09       2.1045919762829826       2.1045919762829826       6455.6042110995013                                                 6006.0029417451642                                              449.60126935433721
                       3       3206.9177862226898     0.023102588619950098      0.12504470964546446       61.442810965717229       2.9897072159194091       1.0040317904092733     0.034593167694026553       1.6575055946107897   1.9879861132541725e-09       2.1045919762829826       2.1045919762829826       6409.6263884928139                                                 5947.6937306770596                                                461.932657815754
                       1       3064.7692820652101      0.02272544209844235      0.12199527360922838       60.749496483339051       2.9723137689795558       1.0243461327218477     0.034480502772485232       1.8055038702576984   1.9537071610466052e-09       2.1045919762829826       2.1045919762829826       6125.3293801778545                                                 5630.1848202812444                                              495.14455989661025
                       3       3041.2013184237408      0.02280851281727812      0.12277152813940416       60.357434080386447       2.9688230588717137       1.0199167594737562     0.030715417188085504       1.8293451044202882    1.946899224890476e-09       2.1045919762829826       2.1045919762829826       6078.1934528949159                                                  5515.310882298204                                              562.88257059671173
                       1       2950.1904279037285     0.022155846401581494       0.1239562045436846       59.631823396492862       2.9847819746971576       1.0367461958024575     0.043539645963500892        1.785631485038363   1.9782188748469897e-09       2.1045919762829826       2.1045919762829826       5896.1716718548914                                                 5271.7056456680448                                              624.46602618684688
                       2       2948.2881397756651     0.022155846401581494       0.1239562045436846       59.631823396492862       2.9945086761844943       1.0252266333663953     0.043539645963500892        1.785631485038363   1.9975543018410635e-09       2.1045919762829826       2.1045919762829826       5892.3670955987645                                                 5267.9010694119179                                              624.46602618684688
                       2       2946.1593712983245     0.022155846401581494       0.1239562045436846       59.631823396492862       3.0132303438500512       1.0153046722771562     0.043539645963500892        1.785631485038363   2.0353041167633613e-09       2.1045919762829826       2.1045919762829826       5888.1095586440833                                                 5263.6435324572367                                              624.46602618684688
                       3       2925.9544668398153     0.022155656766544046      0.12462595954837154       59.062194194973358        3.020178100072866       1.0147092315147146     0.046160022761827797       1.8339108293418127   2.0494941509742465e-09       2.1045919762829826       2.1045919762829826        5847.699749727065                                                 5127.1326011993806                                              720.56714852768414
                       4       2922.4267656485658     0.022136457286443249      0.12466472741952964       59.047212699777461       3.0197576959489245       1.0151164218657935     0.046073834615130781       1.8308903167120223   2.0486327162692218e-09       2.1045919762829826       2.1045919762829826       5840.6443473445661                                                 5119.0155819103538                                              721.62876543421237
                       2       2886.6123646670494     0.022341413162354447      0.12402281427532399       59.310537924477863       3.0051897833668746       1.0084339511428959      0.03742333591077758       1.8296695616560164   2.0190047467596374e-09       2.1045919762829826       2.1045919762829826       5769.0155453815332                                                 5076.2949031519447                                              692.72064222958852
                       1       2820.2540055057384     0.022248099671512103      0.12342720653785129       58.974877247607935       3.0005648046907116       1.0124029980039051     0.036929126901775799       1.8720555373966843   2.0096884532947297e-09       2.1045919762829826       2.1045919762829826       5636.2988270589112                                                 4903.8146010881574                                               732.4842259707541
                       1       2761.6654329129001     0.022329892240522474      0.12413605907182333       58.885841346482273       3.0104821261579349       1.0058007879188489     0.039776711827104703       1.8462361722077663   2.0297183369659097e-09       2.1045919762829826       2.1045919762829826       5519.1216818732346                                                 4754.8531963420455                                              764.26848553118896
                       2       2761.4190286915714     0.022339578603877041      0.12318369956511324       59.375487208404259       2.9976125248338383       1.0067133172888605     0.034503556761397977       1.8160648717751053   2.0037640401213912e-09       2.1045919762829826       2.1045919762829826       5518.6288734305772                                                 4843.4049534520282                                              675.22391997854936
                       4       2758.4243668183153      0.02237318080752148      0.12228651991328078       59.608934293004545       3.0113582259938285       1.0078730051797371     0.042461299024038349       1.8302695544249876   2.0314973520514582e-09       2.1045919762829826       2.1045919762829826       5512.6395496840651                                                 4879.9964230443147                                              632.64312663975045
                       1       2749.2803663008617     0.022192220345084765      0.12205576482496643       59.483578918297518       3.0088746573127585       1.0145200972250008     0.043450647998936748       1.8344887729643466   2.0264582489217294e-09       2.1045919762829826       2.1045919762829826       5494.3515486491578                                                 4861.3920047942411                                              632.95954385491666
                       2       2475.7279969135175     0.022490239118904728      0.12059411871690209       58.088924095635321       3.0353105253445456        1.005621960275711     0.055758080877559305       2.0496826664656864   2.0807438133286068e-09       2.1045919762829826       2.1045919762829826       4947.2468098744694                                                 4061.6567401031134                                              885.59006977135618
                       1       2472.6859391474145     0.022495905170352107      0.12044473279037528       58.103949429757535       3.0303594259215019       1.0057934167194731     0.053429966124821836       2.0529764094108081    2.070467304835229e-09       2.1045919762829826       2.1045919762829826       4941.1626943422634                                                 4059.4115979630888                                              881.75109637917478
                       2       2470.1767656785692     0.022528174393339311      0.11994739078496996       58.273585796817002       3.0327246044816318       1.0058550788704379     0.055033848770903504       2.0555895567498079   2.0753701254516188e-09       2.1045919762829826       2.1045919762829826       4936.1443474045727                                                 4087.9005733450508                                              848.24377405952225
