#                 weight             minuslogpost                 omegabh2                 omegach2                       H0                     logA                       ns                      tau               mnu_sample                 A_planck               TT_tSZ_Amp               TT_kSZ_Amp                       As                      mnu                chi2__CMB            minuslogprior         minuslogprior__0                     chi2 chi2__sbt_spt_audit.likelihoods.candl_cobaya.CandlCobayaLikelihood chi2__sbt_spt_audit.likelihoods.desi_dr2_bao.DESIDR2BAOGaussian chi2__planck_2018_lowl.TT chi2__planck_2018_lowl.EE_sroll2 chi2__planck_2018_highl_plik.TT_lite_native chi2__planckpr4lensing.PlanckPR4Lensing
                       5       1517.6450568208256      0.02297141484315391      0.11659930981994315        69.07774523009634       3.0417774674164071       0.9816586356093141     0.059209877243077823     0.019714473183513426      0.99676419748523593       2.4879598899542108       9.3839770810879788   2.0942434667262772e-09     0.019714473183513426       495.59215048574879       5.7934714303969193       5.7934714303969193       3023.7031707808574                                                  2517.430399916851                                              10.680620378258165        20.970551238357132               390.30305422918627                          75.919281712671108                       8.399263305534296
                       1        1518.589544122749     0.022752138285865132      0.11599285689010391       68.957939782757649       3.0286700015616765      0.98273184712623329     0.052888055416125901     0.017157567919988841      0.99809408085242179       2.5695367497184276        9.396315339205854   2.0669723599879584e-09     0.017157567919988841       497.43400118116506       5.7934714303969193       5.7934714303969193       3025.5921453847041                                                 2517.4665995222472                                               10.69154468129174        20.624241661950407               391.22987715395527                          76.019742913832445                      9.5601394514269344
                       3       1517.8260682546515     0.022752138285865132      0.11599285689010391       68.957939782757649       3.0286700015616765      0.98273184712623329     0.052888055416125901     0.017157567919988841      0.99798551272651936       2.5233973028377767       9.6237115496454226   2.0669723599879584e-09     0.017157567919988841       497.35477029048394       5.7934714303969193       5.7934714303969193       3024.0651936485092                                                 2516.0188786767335                                               10.69154468129174        20.632282000953467               391.22049467029592                          75.991977733509458                       9.510015885725041
                       1       1517.8983233417453     0.022752138285865132      0.11599285689010391       68.957939782757649       3.0286700015616765      0.98273184712623329     0.052888055416125901     0.017157567919988841      0.99817771304570724       2.5233973028377767       9.6237115496454226   2.0669723599879584e-09     0.017157567919988841       497.49928046467141       5.7934714303969193       5.7934714303969193       3024.2097038226966                                                 2516.0188786767335                                               10.69154468129174        20.618072148822819               391.22987715395527                          76.051938634189412                      9.5993925277039232
                      14       1516.0594468367242     0.022755778281981224      0.11607270273701942       69.183601834894944       3.0400712024686261      0.98247882180328672     0.058598098997668893      0.01249553700470909      0.99795753342825377       2.5687368978228977       9.6626799200018745   2.0906731793012192e-09      0.01249553700470909       493.74362887352942       5.7934714303969193       5.7934714303969193       3020.5319508126545                                                 2515.7164961112621                                              11.071825827862787         20.76046885227521                390.3517087474213                          73.738347731904881                      8.8931035419280473
                      11        1516.119491668356     0.022793643581420289      0.11597069138867831       69.244514740946641       3.0406741030405002      0.98188985787862881     0.058326631739183454     0.020054508352908947      0.99857744560929695       2.5506204646498847       9.6644978666852897   2.0919340274014504e-09     0.020054508352908947       493.26540947504583       5.7934714303969193       5.7934714303969193       3020.6520404759181                                                  2516.093126615498                                              11.293504385374005        20.836610354396043               390.32600736269228                           72.99441034297989                       9.108381414977627
                       2       1516.2194079265971     0.022790644622537663      0.11598712703248419        69.15357285164994       3.0345307476160222       0.9845187170549069     0.056746961434539119     0.021177112554322922      0.99691778778042872       2.5360449498477817       9.6602186922511866     2.07912192808139e-09     0.021177112554322922       495.14327496336159       5.7934714303969193       5.7934714303969193       3020.8518729924003                                                 2514.7618120605775                                              10.946785968461601        20.538020486227481               390.42964709970119                          74.841246491921154                      9.3343608855117868
                       1        1515.877075382193     0.022821231088529906      0.11615504916106813       69.171646667105946       3.0421023298598548       0.9822446978743804     0.059114007223049013      0.01880061266879849      0.99815939730886027       2.5112158432958083       9.6409719711123909   2.0949239182966479e-09      0.01880061266879849       493.63009154841694       5.7934714303969193       5.7934714303969193        3020.167207903592                                                 2515.6470934285321                                               10.89002292664264        20.820983044182753               390.33319933735947                           73.72569658614097                      8.7502125807337201
                       1       1516.0889383631006     0.022811503050909329      0.11606457163663111       69.197300648452057        3.042350312995262      0.98249991540112136     0.059700742144351948     0.017052871209416332      0.99783619706184579       2.5320394011200764       9.6479663396593516   2.0954434885180104e-09     0.017052871209416332       493.74268650396505       5.7934714303969193       5.7934714303969193       3020.5909338654074                                                 2515.8260346481457                                               11.02221271329638        20.797182560799854               390.38848033329703                          73.788353076487041                      8.7686705333811332
                       3       1516.0973092444392     0.022811503050909329      0.11606457163663111       69.197300648452057        3.042350312995262      0.98249991540112136     0.059700742144351948     0.017052871209416332      0.99705439397610618       2.5320394011200764       9.6479663396593516   2.0954434885180104e-09     0.017052871209416332       493.75942826664186       5.7934714303969193       5.7934714303969193       3020.6076756280845                                                 2515.8260346481457                                               11.02221271329638        20.862679501886248               390.37322275250415                          73.964694394185017                      8.5588316180664297
                       2       1515.8944245326429      0.02278372017532123      0.11630995071709971       69.135444710214941       3.0424635412536429      0.98262432442141867     0.059709169494281455    0.0099200963926209546      0.99683995498038624       2.5348409220554062       9.6447361297704965   2.0956807653677194e-09    0.0099200963926209546       493.86837809683033       5.7934714303969193       5.7934714303969193       3020.2019062044919                                                 2515.5368867212842                                              10.796641386377726        20.843947873506806               390.40700187653567                           74.23115392795944                      8.3862744188283962
                       4        1515.491502366674      0.02278372017532123      0.11630995071709971       69.135444710214941       3.0424635412536429      0.98262432442141867     0.059709169494281455    0.0099200963926209546      0.99686250643780738       2.3099820606811607       9.5989568126846354   2.0956807653677194e-09    0.0099200963926209546       493.85527518172148       5.7934714303969193       5.7934714303969193       3019.3960618725541                                                 2514.7441453044548                                              10.796641386377726        20.842048405142293               390.40700187653567                          74.216162218499761                      8.3900626815437924
                       4       1515.6168763471837     0.022871099530904583      0.11648513189688924       69.180544103185539       3.0428424499146511      0.98312564942834979     0.059563502418877569    0.0051982202754588362      0.99669080903698504       2.2457582970955707        9.571548634822225   2.0964749874197304e-09    0.0051982202754588362       494.33968377260112       5.7934714303969193       5.7934714303969193       3019.6468098335736                                                 2514.5402098206946                                              10.766916240278036        20.823715821817018               390.37260239121684                          74.853575616507172                      8.2897899430600823
                       2         1516.71155027703     0.022846515646170108      0.11590550337924939       69.327930442478433       3.0471427274533767      0.98663581635830233     0.062443706517363896    0.0070972146008150619      0.99671270966914671       2.2004583412376775       9.5443155089332006   2.1055098239479553e-09    0.0070972146008150619       495.55164672923968       5.7934714303969193       5.7934714303969193       3021.8361576932662                                                 2514.7179289530454                                              11.566582010980984        20.488373213771638               390.80898633626219                          75.942747754679573                      8.3115394245262681
                       3       1516.0462999680958     0.022846515646170108      0.11590550337924939       69.327930442478433       3.0471427274533767      0.98663581635830233     0.062443706517363896    0.0070972146008150619      0.99655118172987556       1.8485894282115967       9.8843936355693653   2.1055098239479553e-09    0.0070972146008150619       495.65710689339755       5.7934714303969193       5.7934714303969193       3020.5056570753977                                                 2513.2819681710189                                              11.566582010980984        20.499606039282639               390.81446687153061                          76.051673393724585                      8.2913605888597566
                       2       1516.7601949081654     0.022846515646170108      0.11590550337924939       69.327930442478433       3.0471427274533767      0.98663581635830233     0.062443706517363896    0.0070972146008150619      0.99554842971301649       1.8485894282115967       9.8843936355693653   2.1055098239479553e-09    0.0070972146008150619       497.08489677353657       5.7934714303969193       5.7934714303969193        3021.933446955537                                                 2513.2819681710189                                              11.566582010980984        20.571256371485163               390.77804463993681                          77.521792736781137                      8.2138030253334513
                       3       1515.8415998281116     0.022713455244521549      0.11708361433604231       68.728497740410404       3.0458652124467895      0.98233810022899948     0.058895281248985965      0.04125097510493992      0.99725117772647465       1.8281882383655217       9.9108687432328857   2.1028217209628885e-09      0.04125097510493992       494.81034981254101       5.7934714303969193       5.7934714303969193       3020.0962567954293                                                 2514.4895974225983                                              10.796309560290561         20.96861135575358                390.3093494981141                          75.236874856408747                      8.2955141022645744
                       2       1516.3529003119947     0.022787564469685304      0.11671560157637241       68.791435132730385       3.0434264819926571      0.98468788746066693     0.058995596807919534     0.060400681685288157      0.99603643856305935       1.7902904243359925       9.9153350426786275   2.0976997536796991e-09     0.060400681685288157       495.62623554020382       5.7934714303969193       5.7934714303969193       3021.1188577631956                                                 2514.8884657884032                                              10.604156434588786        20.723954143562082               390.35710771415847                          76.076668112874643                      8.4685055696086042
                       4       1517.3904397513768     0.022787564469685304      0.11671560157637241       68.791435132730385       3.0434264819926571      0.98468788746066693     0.058995596807919534     0.060400681685288157      0.99626909995081436       2.4165889454686456        9.424752423625705   2.0976997536796991e-09     0.060400681685288157       495.12545398373868       5.7934714303969193       5.7934714303969193       3023.1939366419597                                                 2517.4643262236323                                              10.604156434588786        20.705795958258818                390.3251364427332                          75.584563623757859                      8.5099579589887924
                       3       1517.4723274406492     0.022741975085412269      0.11670458613032304       68.769906613959023       3.0442980351044384      0.98446069964740657     0.058677426768403575     0.060687166352536466      0.99721009637966085       2.4092161690116174       9.4185007675484531   2.0995288073705396e-09     0.060687166352536466       494.86213822229132       5.7934714303969193       5.7934714303969193       3023.3577120205046                                                 2517.9344612856758                                              10.561112512537452         20.70449319288258               390.31791723097598                           75.31724290025258                      8.5224848981801511
                       8        1517.006822263578     0.022741975085412269      0.11670458613032304       68.769906613959023       3.0442980351044384      0.98446069964740657     0.058677426768403575     0.060687166352536466      0.99709344620945484       2.4337799654333181       9.6623647983632637   2.0995288073705396e-09     0.060687166352536466       495.08017596133175       5.7934714303969193       5.7934714303969193       3022.4267016663621                                                 2516.7854131924933                                              10.561112512537452        20.713565518996063               390.31791723097598                          75.547981919448887                      8.5007112919108376
                       1       1516.1944992370784     0.022741975085412269      0.11670458613032304       68.769906613959023       3.0442980351044384      0.98446069964740657     0.058677426768403575     0.060687166352536466       0.9969668751249946       2.2819368721698137       9.9280766880528954   2.0995288073705396e-09     0.060687166352536466       495.33905490650494       5.7934714303969193       5.7934714303969193       3020.8020556133629                                                 2514.9018881943207                                              10.561112512537452        20.723459404909761               390.31791723097598                          75.819342065400406                      8.4783362052188149
                       4        1517.190088114477     0.022741975085412269      0.11670458613032304       68.769906613959023       3.0442980351044384      0.98446069964740657     0.058677426768403575     0.060687166352536466      0.99705322549386755       1.6909378064858409        9.751110612482023   2.0995288073705396e-09     0.060687166352536466       495.15992357165965       5.7934714303969193       5.7934714303969193       3022.7932333681601                                                 2517.0721972839633                                              10.561112512537452         20.71670380438178               390.31791723097598                          75.631842541446986                      8.4934599948548968
                       2       1515.6375421722362     0.022585496373151728      0.11659227949990984       69.008922397980797       3.0345362264762814      0.97941283487470054     0.053563487997045162    0.0080034738795993834       0.9982909019646321       1.9777107354041934       9.8427128868411184   2.0791333193311012e-09    0.0080034738795993834       493.65473078756457       5.7934714303969193       5.7934714303969193       3019.6881414836785                                                 2515.4077155612358                                              10.625695134878903        21.146444223430649               390.77486045479338                          73.156540679764248                      8.5768854295763024
                       2       1516.5222040319447     0.022605442844953156       0.1162547668779518       69.096133395617116       3.0314542044745973      0.98058081735421965     0.052026282217560622     0.017908778810070483      0.99863423502918125       1.9534997258460005       9.8443791835302665   2.0727352492573859e-09     0.017908778810070483       494.89329894758873       5.7934714303969193       5.7934714303969193       3021.4574652030956                                                 2515.5823989985097                                              10.981767256997431        20.976125000612797               391.33291203029279                          73.495218873911242                      9.0890430427718698
                       3       1516.6846133872536     0.022621811905760427      0.11701395238372229       68.954927448311395       3.0295665576638822      0.98111601491358846     0.050949903736162372     0.011604635838908738      0.99756235437778507       1.9226424075581201       9.8447586905279181   2.0688263476481831e-09     0.011604635838908738       495.47301617669518       5.7934714303969193       5.7934714303969193       3021.7822839137134                                                 2515.8756347341955                                              10.433633002823242        20.938640327373435               391.78035064886819                           74.12630163064307                       8.627723569810458
                       2       1516.4666566261462     0.022621811905760427      0.11701395238372229       68.954927448311395       3.0295665576638822      0.98111601491358846     0.050949903736162372     0.011604635838908738      0.99980785975832442       1.9226424075581201       9.8447586905279181   2.0688263476481831e-09     0.011604635838908738       495.03710265448012       5.7934714303969193       5.7934714303969193       3021.3463703914986                                                 2515.8756347341955                                              10.433633002823242        20.752333272638339               391.81333923708149                          73.118685039178942                      9.3527451055813291
                       1       1516.4680586714292     0.022764980359277723      0.11713994447889746       69.001938350481907       3.0275741698198235      0.97946719156000195     0.050757945867655703    0.0088897542984923677      0.99846285311901906       1.9375129444761232       9.8528930998777629    2.064708546672137e-09    0.0088897542984923677       494.93354432504293       5.7934714303969193       5.7934714303969193       3021.3491744820644                                                 2515.9284283586194                                              10.487201798401935        21.001974224917547               391.91439323060132                          72.769823790380116                      9.2473530791439753
                       3       1518.0262868402051      0.02269967795903665      0.11666025827510711       68.957769286458515       3.0285876738905593      0.98512943010712795     0.055803875932003318     0.037070735464266966      0.99426872664113164       1.9976060042957224       9.9122123078366844   2.0668021979719142e-09     0.037070735464266966       495.79067187481331       5.7934714303969193       5.7934714303969193       3024.4656308196163                                                   2518.24028507188                                              10.434673872922886        20.464254092018109                390.5415438058277                          74.846440750051713                      9.9384332269157927
                       2       1519.2821534691725     0.022927268104948845      0.11675293405911032       69.028914674408398       3.0240865011352835      0.98626482936125515     0.053834951363097329     0.046372201815036831      0.99310411966343515       1.8775380755614248       9.8780874049806275   2.0575200701300864e-09     0.046372201815036831       497.37849748310896       5.7934714303969193       5.7934714303969193       3026.9773640775511                                                 2519.1168120835559                                              10.482054510886154        20.432679725327944               391.03981638559969                          75.674696712992372                      10.231304659188927
