#                 weight             minuslogpost                 omegabh2                 omegach2                       H0                     logA                       ns                      tau               mnu_sample                 A_planck               TT_tSZ_Amp               TT_kSZ_Amp                       As                      mnu                chi2__CMB            minuslogprior         minuslogprior__0                     chi2 chi2__sbt_spt_audit.likelihoods.candl_cobaya.CandlCobayaLikelihood chi2__sbt_spt_audit.likelihoods.desi_dr2_bao.DESIDR2BAOGaussian chi2__planck_2018_lowl.TT chi2__planck_2018_lowl.EE_sroll2 chi2__planck_2018_highl_plik.TT_lite_native chi2__planckpr4lensing.PlanckPR4Lensing
                       1       951.19448195429641     0.022048597770904163        0.119541819090354       67.913601134374048       3.0547072961346529      0.95810147497738285     0.054775104995296003      0.02261130713528206       1.0067068748165799       1.2869330378959967       2.3276010137800527   2.1214974912860768e-09      0.02261130713528206       491.32861362735969       5.7934714303969193       5.7934714303969193       1890.8020210477989                                                 1384.3042579303656                                              15.169149490073792        25.028821749507301               389.86986964396215                          67.731857275169546                      8.6980649587206997
                       6       951.28755905665548     0.022048597770904163        0.119541819090354       67.913601134374048       3.0547072961346529      0.95810147497738285     0.054775104995296003      0.02261130713528206       1.0080183910430727       1.2869330378959967       2.3276010137800527   2.1214974912860768e-09      0.02261130713528206       491.51476783207789       5.7934714303969193       5.7934714303969193       1890.9881752525171                                                 1384.3042579303656                                              15.169149490073792        24.795353435414597               389.90376901270298                          68.320127290504047                      8.4955180934562584
                       2       951.12227689234953     0.022108643580080956      0.11943104735790024       67.946362564774304       3.0502935460014466      0.96046149243888757     0.053362133035252293     0.033709770754358895       1.0068341523231989       1.2976344044970491       2.1611986345773149    2.112154365730079e-09     0.033709770754358895       490.99165370124291       5.7934714303969193       5.7934714303969193       1890.6576109239052                                                 1384.6845291162031                                              14.981428106459241        24.235147891627435               390.04196881383785                          68.269286848493934                      8.4452501472836463
                       2       950.34384597141661     0.022159213034468609      0.11938289582272611       68.008556558994187       3.0477867697668377      0.96125802871814403     0.053434614788052032     0.029669248833267586       1.0054431891505655       1.2795589586177745       2.1888914656047209   2.1068662981324841e-09     0.029669248833267586       490.85572808152568       5.7934714303969193       5.7934714303969193       1889.1007490820393                                                 1383.5938579309311                                              14.651163069582482        24.076506917366657               390.07720009848526                          68.268819273785113                      8.4332017918886386
                      11       951.99195460691965     0.022153984267318721      0.11946750166728921       67.777449956531569       3.0668464810690321      0.95651733569654784     0.059653322962408918     0.042613216203529231       1.0091529923326747       1.2365215480717671       2.1447297660315434   2.1474076878283531e-09     0.042613216203529231       493.12860335918856       5.7934714303969193       5.7934714303969193       1892.3969663530454                                                  1381.542383586471                                              17.725979407385861        25.451405632331443               390.55645379141998                          68.358063929809376                      8.7626800056277645
                       2       952.54815162570787     0.022153984267318721      0.11946750166728921       67.777449956531569       3.0668464810690321      0.95651733569654784     0.059653322962408918     0.042613216203529231       1.0072148636952278       1.2365215480717671       2.1447297660315434   2.1474076878283531e-09     0.042613216203529231       494.24099739676507       5.7934714303969193       5.7934714303969193       1893.5093603906219                                                  1381.542383586471                                              17.725979407385861        25.818645800371371               390.54850020785568                          68.483830548331824                      9.3900208402062297
                       3       950.44893665086681     0.022264386509532354      0.11944362683951065       68.099967938418956       3.0606856336231494      0.95617849821899814     0.058794679971376482    0.0050052551935112627       1.0052829056934072       1.1865286007061213       2.3025982621038521   2.1342185066435338e-09    0.0050052551935112627       494.28477538325564       5.7934714303969193       5.7934714303969193       1889.3109304409397                                                 1380.1671558066062                                              14.858999251077979         25.89392722372736               390.23895416337024                          68.905847688686563                      9.2460463074714827
                       1       950.88285201268945     0.022248597714185185       0.1195322988285098       67.987056527902681       3.0601620324597851      0.95621384244687346     0.058741563771392225    0.0099396261934214178       1.0049275854036088       1.1853464107846505       2.3317793192528922   2.1331013198562564e-09    0.0099396261934214178       494.37033137999043       5.7934714303969193       5.7934714303969193        1890.178761164585                                                 1379.5716453376399                                              16.236784446954857        25.870849760550414               390.24385910079184                          68.894539815539886                       9.361082703108309
                       1       952.98032319152867     0.022277099967326547      0.11940945573060688       68.000001453872144       3.0648347725510017      0.95401583668517498     0.060636218817906228     0.015376589153098991       1.0057189485235454       1.1491364110636844       2.4507382100301993    2.143092071827231e-09     0.015376589153098991       497.07602262917243       5.7934714303969193       5.7934714303969193       1894.3737035222634                                                 1381.1833941685709                                              16.114286724520085        26.581527678729003               390.79641690758791                          70.276581924069134                      9.4214961187863526
                       6       952.87989479261114     0.022287595866387216      0.11934932979084505       68.035805546336874       3.0672011823423313      0.95539629767101908     0.062372731122384756       0.0121903983126962       1.0051372670956249        1.152720456266402       2.3601712440091154   2.1481695111713859e-09       0.0121903983126962       497.08389749545279       5.7934714303969193       5.7934714303969193       1894.1728467244284                                                  1381.365373856238                                              15.723575372737452        26.284889849707952               391.38764603318617                          69.670353698457163                      9.7410079141015053
