#                 weight             minuslogpost                 omegabh2                 omegach2                       H0                     logA                       ns                      tau                      mnu                       As            minuslogprior         minuslogprior__0                     chi2 chi2__sbt_spt_audit.likelihoods.candl_cobaya.CandlCobayaLikelihood chi2__sbt_spt_audit.likelihoods.desi_dr2_bao.DESIDR2BAOGaussian
                       1       3549.2714486546975     0.023027916999999998               0.11612066       68.927728000000002       3.0005598926656738       1.0354643235949623              0.050845913                      1.5   2.0096785816789735e-09       2.1045919762829826       2.1045919762829826       7094.3337133568293                                                 7045.2527540500196                                               49.08095930680981
                       1       3535.2976753971798     0.023030696089240354      0.11682860790577115       69.000557783233958       3.0041809195920735       1.0324100034199493     0.051434304896129157       1.4528845501537702   2.0169688731417284e-09       2.1045919762829826       2.1045919762829826        7066.386166841794                                                 7017.4658216396829                                              48.920345202111527
                       1       3486.4022328083925     0.022999435186605556      0.11697817728094236       68.684241365206134       2.9986352024375202       1.0319605943051589     0.048769195608711215       1.4670868488689619   2.0058142929234064e-09       2.1045919762829826       2.1045919762829826       6968.5952816642193                                                 6924.7508737757153                                              43.844407888504215
                       1       3472.5590375771972     0.022864520338089816      0.11572498814917707       68.834967188009131       2.9841773323964218       1.0378587129715298     0.044575808433342641       1.4736805635106933   1.9770231215730784e-09       2.1045919762829826       2.1045919762829826       6940.9088912018287                                                 6891.8134350911441                                              49.095456110685014
                       3       3427.9534970873942     0.023177089059814807      0.11618514315423593        68.66707557774339       3.0052791719229037       1.0281245916445736     0.051689073850322259       1.5023405146775548   2.0191852307450474e-09       2.1045919762829826       2.1045919762829826       6851.6978102222229                                                 6810.3520045610239                                              41.345805661198924
                       1       3424.8414134627128     0.023241180131306063      0.11603453381528381       68.801012214600135       3.0090711371276182       1.0264902050217244     0.053183427958884436       1.4962904894798035   2.0268564461808793e-09       2.1045919762829826       2.1045919762829826         6845.47364297286                                                 6803.2634272702599                                              42.210215702599996
                       1       3399.6074183384526     0.023651110385967601      0.11706023192088694       69.000749222461181       2.9952324418830796       1.0120096496503725     0.040916160914836762       1.4586068164636432    1.999000586448257e-09       2.1045919762829826       2.1045919762829826       6795.0056527243396                                                 6756.9323692040643                                              38.073283520275496
                       2       3397.9893235706322     0.023651110385967601      0.11706023192088694       69.000749222461181       2.9895737753843692       1.0141685684698125     0.040916160914836762       1.4586068164636432    1.987720853022195e-09       2.1045919762829826       2.1045919762829826       6791.7694631886989                                                 6753.6961796684236                                              38.073283520275496
                       4        3383.541584022988     0.023563319948230556      0.11657860786709405        68.99997824725618       2.9877976274644857        1.017141968848934     0.041518536206777916       1.4620648270752807   1.9841935002412549e-09       2.1045919762829826       2.1045919762829826       6762.8739840934104                                                 6723.6437649327208                                              39.230219160689856
                       1       3347.4394395427535     0.024008117667799683      0.11643673297002767       69.408448813684132        3.032713354295967       1.0042483063228731      0.06001767203279211       1.4537041198779077     2.07534677728372e-09       2.1045919762829826       2.1045919762829826       6690.6696951329413                                                 6652.1302461143659                                              38.539449018574942
                       2       3342.9869993261118     0.024008117667799683      0.11643673297002767       69.408448813684132       3.0449785184204696       1.0096775426666644      0.06001767203279211       1.4537041198779077   2.1009579879070884e-09       2.1045919762829826       2.1045919762829826        6681.764814699658                                                 6643.2253656810835                                              38.539449018574942
                       1       3341.2438715150893     0.024008117667799683      0.11643673297002767       69.408448813684132       3.0442999197707343       1.0124126523382084      0.06001767203279211       1.4537041198779077    2.099532764285449e-09       2.1045919762829826       2.1045919762829826        6678.278559077613                                                 6639.7391100590376                                              38.539449018574942
                       1       3290.2092966932919      0.02439908682986721      0.11583919985879032       69.629371837368311       3.0412425133650935       1.0022942609450842      0.05580408110319672       1.4717858265816297   2.0931234423068255e-09       2.1045919762829826       2.1045919762829826       6576.2094094340182                                                 6539.8250106714977                                               36.38439876252086
                       1       3163.0069911567725     0.023953399727695703      0.11514031692045187       68.480130981815677       3.0347745598466589       1.0140176873121414     0.057907784457617108       1.5591245780261358   2.0796289052375454e-09       2.1045919762829826       2.1045919762829826       6321.8047983609795                                                 6291.2025124612064                                              30.602285899773268
                       2       3122.6507979902058     0.024921353076291675      0.12291723088931868       67.632913907361299       3.0912518279276049      0.96800646896883213     0.065773160599252881       1.4461615036794608   2.2004606722772828e-09       2.1045919762829826       2.1045919762829826        6241.092412027846                                                 6182.9907998274939                                              58.101612200351887
                       1       3120.4680524780283     0.024875459881921747      0.12309914358136921       67.602972864641501       3.0863925598760504      0.96855872242306718      0.06346668058171219       1.4353349471152579   2.1897939811783362e-09       2.1045919762829826       2.1045919762829826        6236.726921003491                                                 6177.9968768694534                                              58.730044134037307
                       1        3109.276497599938     0.024875459881921747      0.12309914358136921       67.602972864641501       3.0744370362770606      0.98074011560903662      0.06346668058171219       1.4353349471152579   2.1637697243474796e-09       2.1045919762829826       2.1045919762829826       6214.3438112473104                                                 6155.6137671132728                                              58.730044134037307
                       1       3103.4225867220484     0.024875459881921747      0.12309914358136921       67.602972864641501        3.060075241650547      0.98986233612706354      0.06346668058171219       1.4353349471152579   2.1329161943002336e-09       2.1045919762829826       2.1045919762829826       6202.6359894915313                                                 6143.9059453574937                                              58.730044134037307
                       1       3030.4201119460436     0.024521570654913238      0.12411538987602952       66.570826710375655       3.0634011261562231       0.9951576976949339     0.066968398719569583       1.4597237719449323   2.1400218369462263e-09       2.1045919762829826       2.1045919762829826       6056.6310399395215                                                 5963.2596200016624                                               93.37141993785923
                       1       3026.3630508701522     0.024308831414699823       0.1251464385586383       66.759979099265351       3.0866026641772497       0.9961440097408879     0.078653103548665296       1.3625508419665804   2.1902541146488405e-09       2.1045919762829826       2.1045919762829826       6048.5169177877387                                                 5964.6294141771659                                              83.887503610572523
                       3       2985.9485518301049     0.025392792028404519      0.12388055949294324       67.202049619783921        3.163766108035361       0.9696857761073101      0.10938303076572675       1.4606787152042939   2.3659532707432594e-09       2.1045919762829826       2.1045919762829826       5967.6879197076441                                                 5881.5985095555579                                              86.089410152086444
                       4       2816.4962103950061      0.02602056875518401      0.12262779602318051       67.547793803551684       3.1459850738494999      0.94917516576513339     0.096344251863698951       1.4417933066392887   2.3242559837931023e-09       2.1045919762829826       2.1045919762829826       5628.7832368374466                                                 5546.9039850521258                                              81.879251785320349
                       1       2813.8968816413621     0.026011231669359498       0.1226595730276229       67.538809609868323       3.1461271175239469      0.94919466221985482     0.096442953209007004       1.4390667758770828   2.3245861531020718e-09       2.1045919762829826       2.1045919762829826       5623.5845793301587                                                 5541.4280733404985                                              82.156505989660488
                       1        2806.756633901728     0.025947177738077878      0.12230850313736789        67.50603208083831        3.140453891862808       0.9517068967918314     0.094726514781434429       1.4482373741022705   2.3114355896153048e-09       2.1045919762829826       2.1045919762829826       5609.3040838508905                                                 5528.5696841914241                                              80.734399659466163
                       1       2803.8425708333539     0.025947177738077878      0.12230850313736789        67.50603208083831       3.1392839340110905      0.95416291507044237     0.094726514781434429       1.4482373741022705   2.3087328887298443e-09       2.1045919762829826       2.1045919762829826       5603.4759577141422                                                 5522.7415580546758                                              80.734399659466163
                       2       2784.7943263935008     0.025884459289955197      0.12183530848703943       67.274201150840909        3.150088503707952        0.956711368532835      0.10148222429742827       1.4834799003928714   2.3338130000584436e-09       2.1045919762829826       2.1045919762829826        5565.379468834436                                                 5477.7370946140281                                              87.642374220408257
                       1       2752.5029709609275      0.02574326925747817      0.12176635764045524       67.099296093684316        3.149690213403844      0.95922491547550592      0.10261898329797606       1.4760931793499761   2.3328836500567523e-09       2.1045919762829826       2.1045919762829826       5500.7967579692895                                                 5409.0317656583275                                              91.764992310961816
                       2       2750.6076830253451      0.02574326925747817      0.12176635764045524       67.099296093684316       3.1685830006851696      0.94677663670906609      0.10261898329797606       1.4760931793499761   2.3773773057492232e-09       2.1045919762829826       2.1045919762829826       5497.0061820981246                                                 5405.2411897871625                                              91.764992310961816
                       1       2700.1348273635472     0.025710471373639587      0.12030216214090043       66.397757434433075       3.1588611598799128      0.95197964697030668      0.10061827174879132       1.6086580208741288   2.3543768067991551e-09       2.1045919762829826       2.1045919762829826       5396.0604707745288                                                 5275.1605019699218                                              120.89996880460727
                       2       2693.0955618238258     0.025710471373639587      0.12030216214090043       66.397757434433075       3.1537032327313983      0.96062699674733387      0.10061827174879132       1.6086580208741288   2.3422643671436812e-09       2.1045919762829826       2.1045919762829826       5381.9819396950861                                                 5261.0819708904792                                              120.89996880460727
                       2       2683.3245158858253     0.025679759942576035      0.12039390810780307       66.340669664614865       3.1519681008383245      0.96076556652595513     0.099874658709437389       1.6032252636004098   2.3382037534072078e-09       2.1045919762829826       2.1045919762829826       5362.4398478190851                                                 5238.8487081311659                                              123.59113968791956
                       1       2674.8569997161012     0.025679759942576035      0.12039390810780307       66.340669664614865       3.1467080778753145      0.97190809068383766     0.099874658709437389       1.6032252636004098   2.3259370378576076e-09       2.1045919762829826       2.1045919762829826       5345.5048154796368                                                 5221.9136757917177                                              123.59113968791956
                       1       2624.8880483759021     0.025806054921216067      0.11774569659759036       66.397772715098768       3.1122240454968551      0.97533880582938781     0.085618469278526149       1.7023295479396521   2.2470965316196906e-09       2.1045919762829826       2.1045919762829826       5245.5669127992387                                                  5132.819680306683                                               112.7472324925553
                       2       2589.5125163804873     0.025869740706686285      0.11678756909040562       66.416807769522521       3.1291832806483391      0.97472137028128769     0.094931345842842879       1.7290522006925251   2.2855305547443559e-09       2.1045919762829826       2.1045919762829826       5174.8158488084091                                                 5065.1515174552715                                               109.6643313531377
                       1       2586.5483316736031     0.025869740706686285      0.11678756909040562       66.416807769522521         3.11426930631113      0.98745945666553525     0.094931345842842879       1.7290522006925251   2.2516971332130576e-09       2.1045919762829826       2.1045919762829826       5168.8874793946406                                                  5059.223148041503                                               109.6643313531377
                       1       2528.1417775982354     0.025226492938408705      0.11562402131112733        65.98783918897729       3.1242509096164404       1.0047707600495863      0.10741099914512181       1.7325415570146732    2.274285225908998e-09       2.1045919762829826       2.1045919762829826       5052.0743712439053                                                 4944.3258061958622                                              107.74856504804275
                       1       2525.7278248639686     0.025290444574948934      0.11582098915795047       65.956369835811174       3.1303483993455985       1.0023652086816675      0.10958616352222326       1.7327830252634158   2.2881950210351749e-09       2.1045919762829826       2.1045919762829826       5047.2464657753717                                                 4934.9150413659754                                              112.33142440939642
                       6       2496.5728548895795     0.025237555202066077      0.11564202896042695       65.601495259595865       3.1208411174604103        1.003951144257331      0.10569415147776176       1.7680838721953429   2.2665435921669146e-09       2.1045919762829826       2.1045919762829826       4988.9365258265934                                                 4858.6626163419287                                              130.27390948466476
                       1       2462.7699673235225     0.025443573676761415      0.11599803380435794       65.360086664983086       3.1428191084176045      0.99584708147708567      0.11428907789071999       1.7824672726911053   2.3169091058110842e-09       2.1045919762829826       2.1045919762829826       4921.3307506944793                                                 4765.9217687866603                                              155.40898190781894
                       3       2462.8275279502031     0.025537933743961318       0.1161638227076261       65.432984380313513       3.1419394990995682      0.99281338074448866      0.11272431568446513       1.7753351804003485   2.3148720270206551e-09       2.1045919762829826       2.1045919762829826       4921.4458719478407                                                 4766.3346702801909                                              155.11120166764957
                       1       2451.8820677493395     0.025537933743961318       0.1161638227076261       65.432984380313513       3.1354209972517393        1.012008694556833      0.11272431568446513       1.7753351804003485   2.2998316032069267e-09       2.1045919762829826       2.1045919762829826       4899.5549515461134                                                 4744.4437498784637                                              155.11120166764957
                       1       2447.7021808559703     0.025918291371628162      0.11414707028099144       65.873135693794993       3.1409540988852549       1.0078970460281453      0.11514829026881522       1.8481505014610766   2.3125920751461426e-09       2.1045919762829826       2.1045919762829826       4891.1951777593749                                                  4760.053398823472                                              131.14177893590332
                       3       2442.1892916832489     0.025959006183279426      0.11410478694099052         66.1243956022155       3.1332215326668695       1.0062296188998783      0.11085564195527976        1.817099546753181    2.294778763852102e-09       2.1045919762829826       2.1045919762829826       4880.1693994139323                                                 4762.6920705644015                                              117.47732884953058
                       1       2441.0837514223917     0.025959006183279426      0.11410478694099052         66.1243956022155       3.1371858915280475       1.0143700100759256      0.11085564195527976        1.817099546753181   2.3038941467653173e-09       2.1045919762829826       2.1045919762829826       4877.9583188922179                                                 4760.4809900426872                                              117.47732884953058
                       1       2439.8069384404416     0.025959006183279426      0.11410478694099052         66.1243956022155       3.1243895715188996       1.0295574911431649      0.11085564195527976        1.817099546753181   2.2746006044901491e-09       2.1045919762829826       2.1045919762829826       4875.4046929283177                                                 4757.9273640787869                                              117.47732884953058
                       4       2414.3416528863504     0.026210484472555431      0.11383449543841534       66.240488318984987       3.1372684226423528       1.0221779659931158      0.11536272750621822       1.8230694588625809   2.3040842975630625e-09       2.1045919762829826       2.1045919762829826       4824.4741218201352                                                 4706.2742154882608                                              118.19990633187413
                       3        2414.392649939321     0.026210484472555431      0.11383449543841534       66.240488318984987       3.1373295656252851       1.0223748676956299      0.11536272750621822       1.8230694588625809   2.3042251804568991e-09       2.1045919762829826       2.1045919762829826       4824.5761159260765                                                  4706.376209594202                                              118.19990633187413
                       1       2342.6425852218736     0.025418041972417475      0.11143224090637929       65.594062320502445        3.100924530962736       1.0485119870937367      0.10808435413813211        1.895104987679977   2.2218483464567644e-09       2.1045919762829826       2.1045919762829826       4681.0759864911815                                                  4563.060087201281                                              118.01589928990097
                       1       2289.4494803064317     0.025552919355168076       0.1120208074530188       65.129555236383524       3.1081288258270843       1.0410981678821436       0.1096090809377559       1.9088838330403397   2.2379129948383805e-09       2.1045919762829826       2.1045919762829826       4574.6897766602979                                                 4419.0500844867047                                              155.63969217359352
                       4       2289.1066822874764     0.025553406910974855      0.11201721026220202       65.127921915145691       3.1081588952468922       1.0410809131667467      0.10962518199951238       1.9090866665645905   2.2379802885954527e-09       2.1045919762829826       2.1045919762829826       4574.0041806223871                                                 4418.2488115423057                                              155.75536908008161
                       1       2272.4635869680419     0.025412388511138813      0.11139963778316325        65.06102437601912       3.0864750337365638       1.0464683669568653      0.10102309566632771       1.9242097261189701    2.189974589389319e-09       2.1045919762829826       2.1045919762829826       4540.7179899835182                                                 4389.2501456424034                                               151.4678443411151
                       2       2245.8381566199005     0.025678644626682689      0.11312778316114019       65.631413014960771       3.0814390267160099       1.0311067677193764     0.093025302708445445       1.7758532199314971   2.1789735857980098e-09       2.1045919762829826       2.1045919762829826       4487.4671292872354                                                 4353.9476700848409                                               133.5194592023947
                       1       2245.8196466263644     0.025678644626682689      0.11312778316114019       65.631413014960771       3.0860558284793864       1.0271057234448904     0.093025302708445445       1.7758532199314971    2.189056732926931e-09       2.1045919762829826       2.1045919762829826       4487.4301093001632                                                 4353.9106500977687                                               133.5194592023947
                       2       2240.6627998889644      0.02563593536438331      0.11372099804988269       65.011989911549421       3.0755826421576566       1.0275043734314295     0.087520561027465693       1.8232612605911673   2.1662499720898885e-09       2.1045919762829826       2.1045919762829826       4477.1164158253632                                                 4299.8949583939357                                              177.22145743142747
                       1       2140.3923784777621     0.025335750309674703      0.11040714577811697       64.845944530236167       3.0401721836962818       1.0412499752155957     0.077527798140474613       1.9025673345337324   2.0908843087053661e-09       2.1045919762829826       2.1045919762829826       4276.5755730029587                                                 4117.7210244261887                                              158.85454857676993
                       4        2142.747010898986     0.025838843970098016      0.11063364260658204       65.287949522190232       3.0301432805119553       1.0271281075880572     0.067540942169146398       1.8869964281900087   2.0700198311931015e-09       2.1045919762829826       2.1045919762829826       4281.2848378454064                                                 4131.0340538803484                                              150.25078396505836
                       1       2136.2182776652489     0.025680083816401824      0.11131719940457899       65.193106770352571       3.0309448625652764       1.0285291409420834      0.06825445324648502       1.8452969456707642   2.0716797871463742e-09       2.1045919762829826       2.1045919762829826       4268.2273713779323                                                 4114.2909704201747                                              153.93640095775737
                       2       2078.3297964937051     0.025748895002863273      0.10909437109047977       65.638621480587872        3.015347679185759        1.029939970408698     0.062995861419348528       1.8566386013286804   2.0396181035553598e-09       2.1045919762829826       2.1045919762829826       4152.4504090348446                                                 4034.9260343900505                                              117.52437464479446
                       2       2061.9490228799496     0.025256885913592507      0.10877793225243647       64.970651431813124         2.98778300695276       1.0442265263798896     0.054332106340751675       1.8969901331144075   1.9841644905289872e-09       2.1045919762829826       2.1045919762829826       4119.6888618073335                                                 3980.3109997963506                                              139.37786201098334
                       2       2062.5634065651175     0.025256885913592507      0.10877793225243647       64.970651431813124       2.9888381766569312       1.0384711993115729     0.054332106340751675       1.8969901331144075    1.986259225743701e-09       2.1045919762829826       2.1045919762829826       4120.9176291776694                                                 3981.5397671666856                                              139.37786201098334
                       6       2064.5011887158471     0.025256885913592507      0.10877793225243647       64.970651431813124       2.9832180236958719       1.0407161148739248     0.054332106340751675       1.8969901331144075   1.9751274555012205e-09       2.1045919762829826       2.1045919762829826       4124.7931934791286                                                 3985.4153314681453                                              139.37786201098334
                       1       2060.4387759337292     0.024942418414137735      0.11110607624045138       64.586170388350268       3.0128781757238037       1.0406654391418366      0.06831390421614851       1.7996327508674905   2.0345874737230421e-09       2.1045919762829826       2.1045919762829826       4116.6683679148928                                                  3951.388615203628                                              165.27975271126508
                       1       2025.6576350037028     0.025090958731597515      0.11082699207273473       64.831256881548327       3.0030218901574011       1.0350225286188361     0.062274087108738732       1.7674801718030153   2.0146325010724856e-09       2.1045919762829826       2.1045919762829826       4047.1060860548396                                                 3893.8754488535378                                               153.2306372013017
                       1       2013.0110659158991     0.025128432923509636      0.11053010999323176       64.756136552409089       3.0070477791926908        1.034326191658542     0.064416287480207862       1.7853888952720236   2.0227595362628577e-09       2.1045919762829826       2.1045919762829826       4021.8129478792321                                                 3863.2669716545288                                              158.54597622470325
                       4       2013.2720715023745     0.025128432923509636      0.11053010999323176       64.756136552409089       3.0057923113975775       1.0355854615975444     0.064416287480207862       1.7853888952720236   2.0202216202770696e-09       2.1045919762829826       2.1045919762829826        4022.334959052183                                                 3863.7889828274797                                              158.54597622470325
                       2       2014.3259500366958     0.025128432923509636      0.11053010999323176       64.756136552409089       3.0198883951673952       1.0178003035550027     0.064416287480207862       1.7853888952720236   2.0489004884625985e-09       2.1045919762829826       2.1045919762829826       4024.4427161208255                                                 3865.8967398961222                                              158.54597622470325
                       1       2003.1034095265234     0.025422959941947345      0.11205125495623038       64.940452058823382       2.9976591148698346       1.0035201851241702     0.048116504544972967       1.7007236882927463   2.0038573977348988e-09       2.1045919762829826       2.1045919762829826       4001.9976351004807                                                 3835.0798618018193                                              166.91777329866144
                       1       1992.1881268187099     0.025549653129881722      0.11254763612870988        64.58117312337491       3.0068458922683261      0.99812471071166164     0.050902445347757522       1.7243643909454158   2.0223512087807287e-09       2.1045919762829826       2.1045919762829826       3980.1670696848537                                                 3776.7284393633945                                              203.43863032145904
                       4       1987.5054131634186     0.025549653129881722      0.11254763612870988        64.58117312337491       3.0096273654738424      0.99960856554472022     0.050902445347757522       1.7243643909454158   2.0279841547926451e-09       2.1045919762829826       2.1045919762829826       3970.8016423742711                                                 3767.3630120528119                                              203.43863032145904
                       1       1987.8415688794053     0.025549653129881722      0.11254763612870988        64.58117312337491       3.0164835149465667      0.99220425883564223     0.050902445347757522       1.7243643909454158   2.0419360909130286e-09       2.1045919762829826       2.1045919762829826       3971.4739538062445                                                 3768.0353234847853                                              203.43863032145904
                       2       1987.1371392897031     0.025549653129881722      0.11254763612870988        64.58117312337491       3.0164039972960848        0.993067265200545     0.050902445347757522       1.7243643909454158   2.0417737274081122e-09       2.1045919762829826       2.1045919762829826       3970.0650946268402                                                  3766.626464305381                                              203.43863032145904
                       1        1968.518807652423      0.02570140453889511      0.11067554307304166       64.985924647227819       3.0134438120640579       0.9937962715181059     0.050840217977134665       1.7641148674491196   2.0357386358744867e-09       2.1045919762829826       2.1045919762829826       3932.8284313522799                                                 3764.4988936626623                                               168.3295376896175
                       1       1949.2620758630096     0.025341992875713856      0.11017666338506803       64.640817833175348        2.999349312906737       1.0042631290184416     0.047855485229053557       1.7818939242318588   2.0072471774673222e-09       2.1045919762829826       2.1045919762829826       3894.3149677734532                                                 3719.0854969219654                                              175.22947085148778
                       2       1950.2085957692004     0.025431797299652042      0.11016758104595678       64.557469011286969       2.9954002257068253       1.0021206654763255     0.045145299645117702       1.8008827335500706   1.9993360145492391e-09       2.1045919762829826       2.1045919762829826       3896.2080075858348                                                 3710.5702673786318                                              185.63774020720291
                       1       1952.8012307320002     0.025431797299652042      0.11016758104595678       64.557469011286969       2.9980648921792548      0.99647014753294982     0.045145299645117702       1.8008827335500706   2.0046706825933245e-09       2.1045919762829826       2.1045919762829826       3901.3932775114345                                                 3715.7555373042314                                              185.63774020720291
                       1       1942.2905010199522     0.025325384112946915       0.1099354253082724       64.464890172843042       2.9942279642262286      0.99947754884041062     0.044538966193902157       1.8048192349080645   1.9969936431567316e-09       2.1045919762829826       2.1045919762829826       3880.3718180873384                                                 3693.7508071348807                                              186.62101095245785
                       1       1941.8331999053662     0.025325384112946915       0.1099354253082724       64.464890172843042       3.0022118850053157      0.99265409878897348     0.044538966193902157       1.8048192349080645   2.0130012990972477e-09       2.1045919762829826       2.1045919762829826       3879.4572158581664                                                 3692.8362049057087                                              186.62101095245785
                       1       1906.6664989971498     0.025858780355159365       0.1082709489030983       65.381256761825355        3.006669330244395      0.98022040168716607     0.044149394436778441       1.7879308456777048   2.0219941698788897e-09       2.1045919762829826       2.1045919762829826       3809.1238140417336                                                 3673.5050608493125                                              135.61875319242088
                       1        1902.868236505745     0.025783029193302255      0.10846168770415145       65.386854308183814       3.0195087598557371      0.98124979662171918     0.050908392947595651       1.7699910506048018   2.0481228011152341e-09       2.1045919762829826       2.1045919762829826        3801.527289058924                                                 3668.2287102207074                                              133.29857883821677
                       4       1884.0139902999815     0.025891558988352416      0.10657151253827202       65.294816944740703       3.0332745643648438      0.98398860734252769     0.059846979985950288       1.8720672859634206   2.0765118096749192e-09       2.1045919762829826       2.1045919762829826        3763.818796647397                                                  3629.809351967137                                              134.00944468025992
                       1       1785.0071742672926      0.02564499360282671     0.099498858305989535       65.987342955427039       2.9368082455424722       1.0070375633408983     0.024458112911294835       2.0083626924749023   1.8855567823710135e-09       2.1045919762829826       2.1045919762829826       3565.8051645820192                                                  3504.844890128652                                              60.960274453367397
                       1       1749.5005872830711     0.025579112292804639      0.10059703408388979       65.509283450834886       2.9274779214695821       1.0022520359122928     0.018623969666992136       1.9678273986034693   1.8680457453935981e-09       2.1045919762829826       2.1045919762829826       3494.7919906135762                                                 3409.3932775777571                                               85.39871303581927
                       1       1748.3036078252437     0.025579112292804639      0.10059703408388979       65.509283450834886       2.9308593649471257       1.0004834590552174     0.018623969666992136       1.9678273986034693   1.8743731283099336e-09       2.1045919762829826       2.1045919762829826       3492.3980316979214                                                 3406.9993186621023                                               85.39871303581927
                       1       1722.3360388217063     0.025127809723846099       0.1000216676760157       65.353341218618439       2.9375701885466534       1.0130805806920589     0.026869554666282852       1.9579100948980892   1.8869940166460953e-09       2.1045919762829826       2.1045919762829826       3440.4628936908466                                                 3363.0371593464411                                              77.425734344405356
                       1       1694.5727913591022     0.024889978404930267      0.10100115380601969       65.191944956361453       2.9306438129477099       1.0132610465536291     0.023831620403127057       1.8743951612843777    1.873969146975532e-09       2.1045919762829826       2.1045919762829826       3384.9363987656384                                                 3302.6020574007334                                              82.334341364904844
                       1       1670.6572920542499      0.02463105296555208      0.10171078544535997       64.035436276604287       2.9495342012510086       1.0171368379767822     0.034813623859284493       1.9383071907596177   1.9097056271259785e-09       2.1045919762829826       2.1045919762829826       3337.1054001559337                                                 3191.9120883768937                                              145.19331177903985
                       1        1653.667408245773     0.024904255779922693      0.10083331071658493       64.087440165584084       2.9416073549675645       1.0109844799100414     0.029712250567973001       1.9752905578588109   1.8946275240283719e-09       2.1045919762829826       2.1045919762829826         3303.12563253898                                                  3154.132557105775                                              148.99307543320509
