#                 weight             minuslogpost                 omegabh2                 omegach2                       H0                     logA                       ns                      tau               mnu_sample                 A_planck               TT_tSZ_Amp               TT_kSZ_Amp                       As                      mnu                chi2__CMB            minuslogprior         minuslogprior__0                     chi2 chi2__sbt_spt_audit.likelihoods.candl_cobaya.CandlCobayaLikelihood chi2__sbt_spt_audit.likelihoods.desi_dr2_bao.DESIDR2BAOGaussian chi2__planck_2018_lowl.TT chi2__planck_2018_lowl.EE_sroll2 chi2__planck_2018_highl_plik.TT_lite_native chi2__planckpr4lensing.PlanckPR4Lensing
                       3       1531.0031556268073     0.022480317499888328       0.1169241242374147       68.742879365498453       3.0383692939287572      0.97011787755619494     0.044125247484557005     0.020394908042064803       1.0097856021541467        2.122895799117209       9.3711297238903466   2.0871180708561154e-09     0.020394908042064803       497.80547759716023       5.7934714303969193       5.7934714303969193       3050.4193683928206                                                 2542.1979576178373                                              10.415933177823009        22.317488507341636               395.67619831496722                          71.295064172749889                      8.5167266021014765
                       2       1530.9555600131107     0.022485228708621345      0.11592583019690515       68.637721652635875       3.0383813643072837      0.97439192435985189     0.046098251987787615     0.080959852794297626       1.0087369354152123       2.1251614746294685       9.4647879888727111   2.0871432633133008e-09     0.080959852794297626       498.83467530345422       5.7934714303969193       5.7934714303969193       3050.3241771654275                                                 2541.1441603799462                                              10.345341482027603        21.611281998983259               394.44363563449133                          72.181054789603522                      10.598702880376107
                       5       1530.3151533220848      0.02244924694611489      0.11604172677879046       68.682619964684221       3.0409331199394667      0.97655201963357152     0.048002506817810348     0.085225432229941583       1.0078485256022294       2.1259649394197635       9.5576075663404172   2.0924759438457991e-09     0.085225432229941583        497.2318884475294       5.7934714303969193       5.7934714303969193       3049.0433637833758                                                 2541.4888832643187                                              10.322592071527476        21.353127117018118               393.19199152254794                           72.21552758842536                      10.471242219538007
                       3       1529.9252253800898      0.02244924694611489      0.11604172677879046       68.682619964684221       3.0409331199394667      0.97655201963357152     0.048002506817810348     0.085225432229941583       1.0078485256022294       2.1193702157880256       9.6877356605785696   2.0924759438457991e-09     0.085225432229941583        497.2318884475294       5.7934714303969193       5.7934714303969193       3048.2635078993858                                                 2540.7090273803287                                              10.322592071527476        21.353127117018118               393.19199152254794                           72.21552758842536                      10.471242219538007
                       3       1529.6765506798386      0.02244924694611489      0.11604172677879046       68.682619964684221       3.0409331199394667      0.97655201963357152     0.048002506817810348     0.085225432229941583       1.0109003439798916       2.1193702157880256       9.6877356605785696   2.0924759438457991e-09     0.085225432229941583       496.73453904702615       5.7934714303969193       5.7934714303969193       3047.7661584988832                                                 2540.7090273803287                                              10.322592071527476        21.064141711380046               393.28684434923372                          69.761218259654811                      12.622334726757593
                       4       1531.2501031673535      0.02248591946956548      0.11673545112338557       68.481482723294988        3.069888100424349      0.96961383099691401     0.058770730787180925     0.095199296581888943       1.0143116819446045       2.1105880304743621       9.6622056199737241   2.1539492280097969e-09     0.095199296581888943       490.22740311678825       5.7934714303969193       5.7934714303969193        3050.913263473913                                                 2550.0290274869449                                              10.656832870179592        22.361001957014878                390.1907474081313                          68.475477866806443                      9.2001758848356499
                       4       1530.1316703731629     0.022567841056845152      0.11649151988320659       68.688514207567025        3.069544098862353       0.9705477828379081     0.059508021164592813     0.091563122929572763       1.0134743062553921       2.1125652251586331       9.6243261878918354   2.1532083935423144e-09     0.091563122929572763        490.7195526436704       5.7934714303969193       5.7934714303969193        3048.676397885532                                                 2547.6449023761083                                              10.311942865753181        22.266270469917231               390.28432676877088                          68.767793763486395                      9.4011616414958947
                       5       1529.6524818651776     0.022567841056845152      0.11649151988320659       68.688514207567025        3.069544098862353       0.9705477828379081     0.059508021164592813     0.091563122929572763       1.0134743062553921       2.1768640514294364       9.8200096714359457   2.1532083935423144e-09     0.091563122929572763        490.7195526436704       5.7934714303969193       5.7934714303969193       3047.7180208695613                                                 2546.6865253601377                                              10.311942865753181        22.266270469917231               390.28432676877088                          68.767793763486395                      9.4011616414958947
                       6       1528.0830661361399     0.022618420385775096      0.11646003255248057         68.5403408528272       3.0670157313343069      0.97310232722364698     0.059504559165930761      0.10836553900338856       1.0119178183677604       2.1825667926654737       9.6875449481138372   2.1477711679078534e-09      0.10836553900338856       491.17322480886781       5.7934714303969193       5.7934714303969193       3044.5791894114859                                                 2542.7484832766804                                              10.657481325938038        21.829791503019464                390.2972694420107                          69.243469441163001                      9.8026944226746426
                       4       1529.0691205431363     0.022552373119516439      0.11660129979543062       68.505644021259599       3.0736688667937164      0.97135260289017067     0.062085992769832107      0.10269132234252605       1.0128343869823162       2.1783382084573675       9.7998420746475219   2.1621082207161474e-09      0.10269132234252605       490.94127097397637       5.7934714303969193       5.7934714303969193       3046.5512982254786                                                 2544.9395404757061                                              10.670486775796256        22.167035942026928               390.85615677084246                          68.821298273821853                      9.0967799872851138
                       1       1523.8761307791763     0.022568751038590115      0.11659139189515844       68.644845566827073       3.0700018074447915      0.97884795875699959     0.064953717183372589     0.085301872521651695       1.0076295571110849       2.1893203541954338       9.7498429003415108   2.1541941610837393e-09     0.085301872521651695        492.6316757033569       5.7934714303969193       5.7934714303969193       3036.1653186975586                                                 2533.1370804279504                                              10.396562566251282        21.140591248686462               391.67855694299317                          71.080096234609783                      8.7324312770674766
                       1       1524.4383642732171     0.022647920588380641      0.11677803505232148        68.83568818230458       3.0709174349915789      0.97867360750549404     0.065088258806900251     0.065483394881555163       1.0075595493041525       2.1912212076076769       9.5881682458530406   2.1561675038844034e-09     0.065483394881555163       492.74500751778265       5.7934714303969193       5.7934714303969193       3037.2897856856403                                                 2534.2229549901622                                              10.321823177695359        21.234644171664513               391.73356428973602                           71.38003887006731                      8.3967601863148076
                       3       1523.9212444372665     0.022636999085489846      0.11654168929177069       68.931655198151361       3.0703654629439283      0.97837550171342791       0.0651449854191338     0.065295764289597158       1.0075877224044745       2.1893263765079021       9.7087639416886624   2.1549776880949441e-09     0.065295764289597158       492.23390855655686       5.7934714303969193       5.7934714303969193       3036.2555460137391                                                 2533.5886074145901                                              10.433030042592394        21.265270581940229               391.72694086265068                          70.700673411640224                       8.541023700325777
                      10       1523.7393226636057     0.022616572624882168      0.11621059125241721       68.414353150240203       3.0719297059027624      0.97885467227350142      0.06651234278094327      0.12109396327346741       1.0074278961077276        2.190364509489187        9.731133810381241    2.158351234605297e-09      0.12109396327346741       493.49863778020693       5.7934714303969193       5.7934714303969193       3035.8917024664174                                                 2531.3190474019448                                              11.074017284265787        21.124731460427256               392.24732668936412                          70.673318611556084                      9.4532610188594273
                       6       1520.9620789849016      0.02262296999081195      0.11593902515136705       68.638282873794026       3.0671310939517227      0.98041330337570853     0.065663158000062241       0.0930523820765492       1.0061990033921799       2.1927991891994632       9.6771410757509724   2.1480189547037852e-09       0.0930523820765492       493.92486780967124       5.7934714303969193       5.7934714303969193       3030.3372151090093                                                 2525.9674591983162                                              10.444888101022315        20.932061389211356               391.89292982907773                          71.859088961624138                      9.2407876297580458
                       2       1520.4294608251366     0.022658890417574441      0.11788600309302541       68.697239672761086       3.0477923956382713      0.98279918129905319     0.056254733662425845     0.018715338489839098       1.0028914457712712       2.2041485520269286         9.43204814608759   2.1068781511247472e-09     0.018715338489839098       496.36388390473746       5.7934714303969193       5.7934714303969193       3029.2719787894794                                                 2521.8414417536637                                               11.06665313107807        20.669902460602486               390.37369251426537                          76.897123112142992                      8.4231658177266198
                       3       1519.7895835418833     0.022658890417574441      0.11788600309302541       68.697239672761086       3.0477923956382713      0.98279918129905319     0.056254733662425845     0.018715338489839098       1.0019944896589379       2.2041485520269286         9.43204814608759   2.1068781511247472e-09     0.018715338489839098       495.08412933823104       5.7934714303969193       5.7934714303969193       3027.9922242229727                                                 2521.8414417536637                                               11.06665313107807         20.73907407112705               390.37841365120357                          75.518181980393948                      8.4484596355064703
                       9        1520.768645386373     0.023091314654593405      0.11776515388139622       68.742376127841169       3.0357467532038886      0.98066007798083765     0.056038721733379634      0.06098714967041366      0.99520664293066552       2.2112576200538405       9.9762296426741379   2.0816516897542343e-09      0.06098714967041366       497.13193182889097       5.7934714303969193       5.7934714303969193       3029.9503479119521                                                  2520.519177070536                                              12.299239012524872        21.117902418052836               390.34115142940141                          76.867284230208583                      8.8055937512280966
                       3       1519.9194401281343     0.023095851940571427      0.11730808988477158       68.811075570751314        3.040214006194085      0.98039925008361795     0.057898895493947986     0.072666727115915181      0.99624449496147038       2.2090720924454943       9.9597585707771614   2.0909717565384045e-09     0.072666727115915181       496.35603154921927       5.7934714303969193       5.7934714303969193       3028.2519373954747                                                 2520.3661996551441                                              11.529706191111096        21.166769978325192               390.18629696511312                           75.89891999372395                      9.1040446120570344
                       1       1519.8880185708883     0.023095851940571427      0.11730808988477158       68.811075570751314        3.040214006194085      0.98039925008361795     0.057898895493947986     0.072666727115915181        0.995155923235718       2.2090720924454943       9.9597585707771614   2.0909717565384045e-09     0.072666727115915181       496.29318843472737       5.7934714303969193       5.7934714303969193       3028.1890942809828                                                 2520.3661996551441                                              11.529706191111096        21.271810826723936               390.17139294071222                          76.092586264889547                      8.7573984024016163
                       6         1519.77026708738     0.023079678949534142       0.1174031430524048          68.800035049342       3.0404842254889703      0.97906751857608509     0.057395476393233606     0.068749123173061505      0.99580172477192452       2.2070984874558874       9.9990242071558253   2.0915368537987341e-09     0.068749123173061505       496.24906125398718       5.7934714303969193       5.7934714303969193       3027.9535913139662                                                 2520.1091707998212                                              11.595359260157942        21.437417266210161               390.20690101345332                          75.923677978294322                      8.6810649960293542
                       2       1519.8788252632467     0.023079678949534142       0.1174031430524048          68.800035049342       3.0404842254889703      0.97906751857608509     0.057395476393233606     0.068749123173061505      0.99580172477192452       1.9193316392310629       9.9955948827698151   2.0915368537987341e-09     0.068749123173061505       496.24906125398718       5.7934714303969193       5.7934714303969193       3028.1707076656994                                                 2520.3262871515544                                              11.595359260157942        21.437417266210161               390.20690101345332                          75.923677978294322                      8.6810649960293542
                       7        1519.824676972949     0.023079678949534142       0.1174031430524048          68.800035049342       3.0404842254889703      0.97906751857608509     0.057395476393233606     0.068749123173061505      0.99665531710865285       1.9193316392310629       9.9955948827698151   2.0915368537987341e-09     0.068749123173061505       496.14076467339169       5.7934714303969193       5.7934714303969193        3028.062411085104                                                 2520.3262871515544                                              11.595359260157942        21.350384908647868               390.20396645049442                          75.661238590944478                      8.9251747233049308
                       1       1518.8745263576943     0.022966369957666339      0.11769424972163285       68.540693546170317       3.0376107361769304      0.97534003396379876     0.052986157283888211     0.044271002117651226        0.999884302605064        1.915739114660427       9.7462957874730147   2.0855354715868489e-09     0.044271002117651226       497.11808644577485       5.7934714303969193       5.7934714303969193       3026.1621098545947                                                 2515.3697962233032                                              13.674227185516459        21.717643724538959               390.76749107845205                          76.200229860734368                      8.4327217820494322
                       2       1520.1187784277986     0.022966369957666339      0.11769424972163285       68.540693546170317       3.0376107361769304      0.97534003396379876     0.052986157283888211     0.044271002117651226        0.999884302605064       1.8064201681760683       9.4572584395720849   2.0855354715868489e-09     0.044271002117651226       497.11808644577485       5.7934714303969193       5.7934714303969193       3028.6506139948033                                                 2517.8583003635117                                              13.674227185516459        21.717643724538959               390.76749107845205                          76.200229860734368                      8.4327217820494322
                       8       1519.6510259617198     0.023056891893599808      0.11725930075464541       69.218409599236992       3.0300274139275944      0.98144575163065251     0.052201616126742074    0.0050139609558749881      0.99680609727602076       1.8140783710282047       9.3320649325883522   2.0697799989602413e-09    0.0050139609558749881       497.06182018864973       5.7934714303969193       5.7934714303969193       3027.7151090626458                                                 2520.0385857625729                                              10.614703111423264        20.967425752620159               391.36310885793245                          76.064735606554379                      8.6665499715427359
                       5       1521.3553916708906     0.023056891893599808      0.11725930075464541       69.218409599236992       3.0300274139275944      0.98144575163065251     0.052201616126742074    0.0050139609558749881       0.9986157611836729       1.8140783710282047       9.3320649325883522   2.0697799989602413e-09    0.0050139609558749881       500.47055160699159       5.7934714303969193       5.7934714303969193       3031.1238404809874                                                 2520.0385857625729                                              10.614703111423264        20.815128805716711               391.42446718517112                          78.970873447687381                      9.2600821684163517
                       2       1524.2014705343993     0.023205847598031765      0.11715741309394695       69.216522336494592       3.0347482661629561      0.98365672961020889      0.05395603308201901     0.038442405035005733      0.99876583668716423       1.8193373486869873       9.0088674356926344   2.0795742248517694e-09     0.038442405035005733       501.81127473854349       5.7934714303969193       5.7934714303969193       3036.8159982080047                                                 2524.4024702306024                                              10.602253238858909        20.662451114624332               390.93639269269528                          80.787958892372004                      9.4244720388518637
                       1       1523.8867523068043     0.023193112429039084      0.11692719642956634       69.244238958939462       3.0346070839812551      0.98403707935170437     0.053965744413078991     0.044260732738315642       0.9989913577714733       1.8186692260212514       9.0312675850788864    2.079280646750182e-09     0.044260732738315642       501.40219078666513       5.7934714303969193       5.7934714303969193       3036.1865617528147                                                 2524.2202300038416                                              10.564140962307718        20.619759821030584               390.95784083372234                          80.006251698255966                       9.818338433656244
                       1       1523.2266184976481     0.023169825927305758      0.11680523267694194       69.086875559087375       3.0393277130699818      0.98400276515895191     0.055767975621287574      0.05762369314016455       0.9998321851863281       1.8183207689951317       8.9234575600217916   2.0891193636506871e-09      0.05762369314016455       500.68983969374409       5.7934714303969193       5.7934714303969193       3034.8662941345024                                                 2523.4926907228119                                              10.683763717946684        20.621851275201948               390.54309309290824                          79.820976247011203                      9.7039190786227465
                       2       1524.1579466956209     0.023169825927305758      0.11680523267694194       69.086875559087375       3.0393277130699818      0.98400276515895191     0.055767975621287574      0.05762369314016455       0.9998321851863281       1.2232467629199129       9.5272010578157129   2.0891193636506871e-09      0.05762369314016455       500.68983969374409       5.7934714303969193       5.7934714303969193       3036.7289505304479                                                 2525.3553471187574                                              10.683763717946684        20.621851275201948               390.54309309290824                          79.820976247011203                      9.7039190786227465
                       1       1521.6235925954309     0.022967494010591446      0.11586016245069626       68.950180044001939       3.0314863843186148      0.98930688183099214     0.055833642177163786     0.069312871354659827      0.99727534857550315        1.224764046765725       9.7982100545840947   2.0728019506276108e-09     0.069312871354659827       502.15676591040125       5.7934714303969193       5.7934714303969193       3031.6602423300678                                                 2518.8937590157852                                               10.60971740388155         20.12483738975078               390.71234196009527                          79.768283304173906                      11.551303256381306
                       1       1521.8514022352792     0.022963949507628905      0.11603099651813729        69.08363967632387       3.0326783583241821      0.98535719343222194     0.055158384922483254      0.02745994504406718      0.99876842715521763       1.2210080219826878       9.7255637330043072   2.0752741497773012e-09      0.02745994504406718       501.26200228175867       5.7934714303969193       5.7934714303969193       3032.1158616097646                                                 2520.1012864099639                                                10.7525729180418        20.370758214776856               390.72109182871048                          80.184453570072634                      9.9856986681986779
                       3       1522.4144832258476      0.02297719005186484      0.11597142064706201       69.032403548733157       3.0324648071079978      0.98559317667610524     0.054897248452507444      0.03561464022457872      0.99893913206382012       1.2217387751374051       9.6679662628503298   2.0748310197758596e-09      0.03561464022457872       501.76100790819083       5.7934714303969193       5.7934714303969193       3033.2420235909012                                                  2520.725439773686                                                 10.755575909024        20.350470602599898               390.81041232353738                          80.393348220815852                      10.206776761237689
                       2       1522.0364580618175     0.022940779790382743      0.11575177374239466       69.048090667172318       3.0362328158631962      0.98497946365670674     0.056057545675861541     0.041442061870138144       1.0001204426128794       1.2188315885703993       9.6882510909899935    2.082663748852451e-09     0.041442061870138144       500.78600532642037       5.7934714303969193       5.7934714303969193       3032.4859732628411                                                 2520.9697276043785                                               10.73024033204209        20.395303173348452               390.60110689504165                          79.405946761784094                      10.383648496246185
                      12       1521.9644918517604     0.022940779790382743      0.11575177374239466       69.048090667172318       3.0362328158631962      0.98497946365670674     0.056057545675861541     0.041442061870138144       1.0000733626570997       1.2188315885703993       9.6882510909899935    2.082663748852451e-09     0.041442061870138144       500.64207290630634       5.7934714303969193       5.7934714303969193       3032.3420408427269                                                 2520.9697276043785                                               10.73024033204209        20.398282043868335               390.60110689504165                          79.286625094505098                      10.356058872891246
                      27       1520.7795150317027     0.022940779790382743      0.11575177374239466       69.048090667172318       3.0362328158631962      0.98497946365670674     0.056057545675861541     0.041442061870138144      0.99906924925927554       1.2188315885703993       9.6882510909899935    2.082663748852451e-09     0.041442061870138144       498.27211926619043       5.7934714303969193       5.7934714303969193       3029.9720872026114                                                 2520.9697276043785                                               10.73024033204209        20.463252409147344               390.55688207499651                          77.442551338723035                      9.8094334433235684
                       4       1519.8219967290865     0.022847455068496121      0.11633955464584289       69.035162493868981       3.0377107207112952      0.98366918944087756     0.055116279222207701     0.014781746175960703       1.0003100874059119       1.2162942357925062       9.6642148481480845   2.0857440033046762e-09     0.014781746175960703       496.66770040823423       5.7934714303969193       5.7934714303969193       3028.0570505973792                                                 2520.7192795092519                                              10.670070679893412        20.559360489917822               390.63422732710933                          76.633381304204647                      8.8407312870024022
                       2       1519.4049351160538     0.022847455068496121      0.11633955464584289       69.035162493868981       3.0377107207112952      0.98366918944087756     0.055116279222207701     0.014781746175960703       0.9987629817792899       1.2162942357925062       9.6642148481480845   2.0857440033046762e-09     0.014781746175960703       495.83357718216877       5.7934714303969193       5.7934714303969193       3027.2229273713137                                                 2520.7192795092519                                              10.670070679893412        20.673280715722797               390.59903185447467                          76.115060519809006                       8.446204092162283
                       1       1519.5111376270536     0.022817685712591837      0.11637025796435334       68.986569640904392       3.0372192686072661      0.98526900407066187     0.055217814418981596     0.018239126854364331      0.99831780283957638       1.2178804167122068       9.6380716238738184   2.0847192118643665e-09     0.018239126854364331       496.37304156951552       5.7934714303969193       5.7934714303969193       3027.4353323933133                                                 2520.4239207008163                                              10.638370122981899        20.518471644990825               390.66162530216263                          76.744876667436671                      8.4480679549253583
                       5       1519.4102410575188     0.022817685712591837      0.11637025796435334       68.986569640904392       3.0372192686072661      0.98526900407066187     0.055217814418981596     0.018239126854364331      0.99831780283957638       1.0811432394831548        9.971506551838198   2.0847192118643665e-09     0.018239126854364331       496.37304156951552       5.7934714303969193       5.7934714303969193       3027.2335392542436                                                 2520.2221275617467                                              10.638370122981899        20.518471644990825               390.66162530216263                          76.744876667436671                      8.4480679549253583
                       2        1519.727866573382     0.022844448553061107      0.11621252074714672       69.025592734531045        3.036830595050898      0.98623663054277122     0.055553591332033921     0.022306712179771628      0.99786410679916693        1.082633983392622       9.9359501507823502   2.0839090940801411e-09     0.022306712179771628       496.85487039585598       5.7934714303969193       5.7934714303969193       3027.8687902859701                                                 2520.3562449744486                                              10.657674915666329        20.444302163880934               390.61863858038896                          77.254633887054965                       8.537295764531093
                       4       1517.4217463651614     0.022844448553061107      0.11621252074714672       69.025592734531045        3.036830595050898      0.98623663054277122     0.055553591332033921     0.022306712179771628      0.99786410679916693       2.4835011622496603       9.7586986976552463   2.0839090940801411e-09     0.022306712179771628       496.85487039585598       5.7934714303969193       5.7934714303969193        3023.256549869529                                                 2515.7440045580074                                              10.657674915666329        20.444302163880934               390.61863858038896                          77.254633887054965                       8.537295764531093
                       1       1518.2235284820997     0.022844448553061107      0.11621252074714672       69.025592734531045        3.036830595050898      0.98623663054277122     0.055553591332033921     0.022306712179771628      0.99673758393416045       2.4835011622496603       9.7586986976552463   2.0839090940801411e-09     0.022306712179771628       498.45843462973204       5.7934714303969193       5.7934714303969193       3024.8601141034055                                                 2515.7440045580074                                              10.657674915666329        20.519567829971265               390.63964777570368                           78.96288566972531                       8.336333354331769
                      26       1517.7517879972345     0.022747368775314785      0.11605707513607223       69.123150789187576       3.0351100927207026      0.98698685392602392     0.055368866793103537    0.0058922268252512705      0.99649496347638644       2.4816287559824604       9.8939702431075052   2.0803268061788711e-09    0.0058922268252512705       498.76600897366012       5.7934714303969193       5.7934714303969193       3023.9166331336751                                                 2514.2416165426189                                              10.909007617396218        20.426345576454025               390.68461020686595                          79.272992896454596                      8.3820602938855604
                      14       1517.3258407611268     0.022708701690741132      0.11635275944720876       68.962527696303098       3.0346129922852234      0.98612133731728802     0.055084164701929304    0.0024083800328643578      0.99630165404248605        2.481201133128236       9.9472593909152209   2.0792929318085702e-09    0.0024083800328643578       498.84071841219907       5.7934714303969193       5.7934714303969193       3023.0647386614596                                                 2513.5777626701624                                              10.646257579098538        20.485364927803801                390.6804416703668                          79.379579060695207                        8.29533275333322
                       3       1516.9023573522886     0.022708701690741132      0.11635275944720876       68.962527696303098       3.0346129922852234      0.98612133731728802     0.055084164701929304    0.0024083800328643578      0.99877066419928451        2.481201133128236       9.9472593909152209   2.0792929318085702e-09    0.0024083800328643578       497.99375159452273       5.7934714303969193       5.7934714303969193       3022.2177718437833                                                 2513.5777626701624                                              10.646257579098538        20.329278677734408               390.76632157323229                          78.107401121586562                      8.7907502219694624
                      16       1516.6512655569222     0.022712718210064698      0.11638283375601781       68.970367409903346       3.0344904562822128      0.98597085385591432     0.054952306744264642    0.0002776392475665225      0.99880453605443764       2.4812235220693357         9.93769577185145   2.0790381591733471e-09    0.0002776392475665225       497.57896558120143       5.7934714303969193       5.7934714303969193       3021.7155882530506                                                 2513.4915304409656                                              10.645092230884236        20.341762862858161               390.78256451231044                          77.668347659928429                      8.7862905461043983
                       8       1516.3897776073536     0.022712718210064698      0.11638283375601781       68.970367409903346       3.0344904562822128      0.98597085385591432     0.054952306744264642    0.0002776392475665225      0.99829096304728882       2.4812235220693357         9.93769577185145   2.0790381591733471e-09    0.0002776392475665225       497.05598968206374       5.7934714303969193       5.7934714303969193       3021.1926123539133                                                 2513.4915304409656                                              10.645092230884236        20.373056537404864               390.78809249779471                          77.251365164657386                      8.6434754822067941
                       2       1517.0390915816831     0.022737882692695284      0.11625315644508899       69.005896414437274       3.0327024327928225      0.98712430141989627     0.054858432614561102     0.001751735689139276      0.99751599268240354       2.4832371936714517       9.9131399353610199   2.0753241115011386e-09     0.001751735689139276       498.28393965542438       5.7934714303969193       5.7934714303969193       3022.4912403025724                                                 2513.5147649765836                                              10.692535670564277        20.290433747316513               390.83971319549607                          78.401223105810445                      8.7525696068013481
                      24       1517.2384742299628     0.022741003491802796      0.11623751888648395       68.995006010839958       3.0322718199831655      0.98734075161050616     0.054604149734795618    0.0045050900610964784      0.99753980530000275       2.4835843754714113       9.8962780418198104   2.0744306427378895e-09    0.0045050900610964784       498.45161116109273       5.7934714303969193       5.7934714303969193       3022.8900055991317                                                  2513.752139769907                                              10.686254668131815        20.274038768115815               390.90585238302469                          78.500927249240078                      8.7707927607121494
                       6       1518.4809029971218     0.022741003491802796      0.11623751888648395       68.995006010839958       3.0322718199831655      0.98734075161050616     0.054604149734795618    0.0045050900610964784      0.99900315566138242       2.4835843754714113       9.8962780418198104   2.0744306427378895e-09    0.0045050900610964784       500.93646869541067       5.7934714303969193       5.7934714303969193       3025.3748631334497                                                  2513.752139769907                                              10.686254668131815        20.196036881555983               390.92177039264078                          80.528859292783466                      9.2898021284304466
                       2       1518.4918874089426     0.022741003491802796      0.11623751888648395       68.995006010839958       3.0322718199831655      0.98734075161050616     0.054604149734795618    0.0045050900610964784      0.99516368223062601       2.4835843754714113       9.8962780418198104   2.0744306427378895e-09    0.0045050900610964784       500.95843751905255       5.7934714303969193       5.7934714303969193       3025.3968319570913                                                  2513.752139769907                                              10.686254668131815        20.414763511324622               390.88303569785222                          81.362903774211091                      8.2977345356646151
                       3       1520.2971789210924     0.022743683381680896      0.11629383854366136       68.715605210858641       3.0322214143165978      0.98965290326370114      0.05565317169903175     0.029774461060453828      0.99381150325305345       2.4879616588655509       9.8341977654617541   2.0743260823138348e-09     0.029774461060453828       503.59391503247213       5.7934714303969193       5.7934714303969193       3029.0074149813909                                                 2514.3618589855955                                              11.051640963323479        20.256117421016029                390.6828034856249                          84.344996389413126                      8.3099977364181132
                       1       1520.8716506672258     0.022743683381680896      0.11629383854366136       68.715605210858641       3.0322214143165978      0.98965290326370114      0.05565317169903175     0.029774461060453828      0.99381150325305345         2.58468150636378       9.7151139059762812   2.0743260823138348e-09     0.029774461060453828       503.59391503247213       5.7934714303969193       5.7934714303969193       3030.1563584736577                                                 2515.5108024778624                                              11.051640963323479        20.256117421016029                390.6828034856249                          84.344996389413126                      8.3099977364181132
                       2       1519.9273525785343     0.022743683381680896      0.11629383854366136       68.715605210858641       3.0322214143165978      0.98965290326370114      0.05565317169903175     0.029774461060453828      0.99681189672036519         2.58468150636378       9.7151139059762812   2.0743260823138348e-09     0.029774461060453828       501.70531885508893       5.7934714303969193       5.7934714303969193       3028.2677622962747                                                 2515.5108024778624                                              11.051640963323479        20.111223425386299               390.78618645406937                          81.847686367426149                      8.9602226082071219
                       1       1519.8630529968143     0.022760328776199386      0.11631780649884346       68.785346041953957       3.0321194245133523       0.9894309090489003     0.055357114209179492     0.022393270795674821      0.99701255887587825       2.5847913636470876       9.6660559498398246   2.0741145329929526e-09     0.022393270795674821       501.39046291971925       5.7934714303969193       5.7934714303969193       3028.1391631328347                                                 2515.8314694631435                                              10.917230749972052        20.124369009697716               390.81648547920639                          81.578320344098131                      8.8712880867170298
                       9       1519.9564132029006     0.022761272666411692       0.1163658769844787       68.807390922174108       3.0323217650383079      0.98989158549424472     0.055646378628489909     0.018164260894532897      0.99673722443605872       2.5855653992044103       9.6433946942139777   2.0745342528781154e-09     0.018164260894532897       501.76891908595695       5.7934714303969193       5.7934714303969193       3028.3258835450074                                                 2515.6700612908353                                              10.886903168214571        20.102639282536018               390.81662062200604                           82.07490029024784                      8.7747588911670427
                       5        1520.368981296062     0.022751803343446494      0.11674763702816877       68.614658674936777       3.0405233072777205        0.987033818491454     0.056306280038301626     0.033790429478709944      0.99987826545529856       2.5819089708693088       9.4736287397164407   2.0916185963975306e-09     0.033790429478709944       498.79085409283869       5.7934714303969193       5.7934714303969193       3029.1510197313301                                                 2518.7608473040409                                              11.599318334450629        20.282347899668991               390.54613302802068                          79.490000107558615                      8.4723730575904099
                       3       1518.9923490679653     0.022751803343446494      0.11674763702816877       68.614658674936777       3.0405233072777205        0.987033818491454     0.056306280038301626     0.033790429478709944      0.99987826545529856       1.6391048125925183       9.7474912897083623   2.0916185963975306e-09     0.033790429478709944       498.79085409283869       5.7934714303969193       5.7934714303969193       3026.3977552751367                                                 2516.0075828478475                                              11.599318334450629        20.282347899668991               390.54613302802068                          79.490000107558615                      8.4723730575904099
                       7       1517.1719255068749     0.022691742472066637      0.11691175715110609       68.812368535109385       3.0358614026115931      0.98585503032551181     0.053747369328606659    0.0072057405433276489       1.0000768547051317       1.6356333108581569       9.9535875911756495   2.0818903635691558e-09    0.0072057405433276489       498.18153490298459       5.7934714303969193       5.7934714303969193       3022.7569081529559                                                 2513.8229703596758                                               10.75240289029588        20.343250319409719               391.03726855993921                          78.268678287356309                      8.5323377362793806
                      15       1516.7731557921038     0.022691742472066637      0.11691175715110609       68.812368535109385       3.0358614026115931      0.98585503032551181     0.053747369328606659    0.0072057405433276489      0.99907236147135503       1.6356333108581569       9.9535875911756495   2.0818903635691558e-09    0.0072057405433276489        497.3839954734421       5.7934714303969193       5.7934714303969193       3021.9593687234137                                                 2513.8229703596758                                               10.75240289029588        20.404887349538171               391.02775794062831                          77.578799388400967                      8.3725507948746554
                      20        1516.785044173223      0.02269085299680287      0.11692055002836106       68.810177477284029       3.0356829893859238        0.985830042299214      0.05364776920393019    0.0070295307333492216      0.99907250769807154        1.635618138112455       9.9558981652934566    2.081518959926548e-09    0.0070295307333492216       497.41577503791433       5.7934714303969193       5.7934714303969193       3021.9831454856521                                                 2513.8094100624539                                               10.75796038528358         20.40608932399914               391.06876100145445                          77.566286257808741                      8.3746384546520289
                       5       1520.9350465629175     0.022792737351094005      0.11698479350496727       68.687747459938365        3.023371331249515      0.99047990421527532     0.048872076782615501      0.03638431242965641      0.99678565428927868       1.6453187105498421       9.7768991182946525   2.0560491197889539e-09      0.03638431242965641       504.28640226318294       5.7934714303969193       5.7934714303969193       3030.2831502650411                                                 2514.6607435483993                                               11.33600445345909        20.128921536397286                393.6056079839006                          81.602487880360698                      8.9493848625243846
                       1       1522.4158179818253     0.022792737351094005      0.11698479350496727       68.687747459938365        3.023371331249515      0.99047990421527532     0.048872076782615501      0.03638431242965641      0.99678565428927868       2.0124100135925289        8.954135722180709   2.0560491197889539e-09      0.03638431242965641       504.28640226318294       5.7934714303969193       5.7934714303969193       3033.2446931028567                                                 2517.6222863862149                                               11.33600445345909        20.128921536397286                393.6056079839006                          81.602487880360698                      8.9493848625243846
                       2       1521.8305656793241     0.022638624472793897      0.11800170909048249       68.044187622176992       3.0229908637860374      0.98757669475428833     0.050425211213189998     0.049128483768550647      0.99420652788434793       2.0088581252715194       9.5948727703902534   2.0552670087888916e-09     0.049128483768550647         503.532744852598       5.7934714303969193       5.7934714303969193       3032.0741884978543                                                 2511.1835376009617                                              17.357906044294797        20.291831161329355               392.34071595482845                            82.2711911732423                      8.6290065631978656
                       1       1521.9470737101942     0.022676725717483092      0.11816715434527343       68.205713258252842       3.0222214941844592      0.98718254034479291     0.048920722683647049     0.031384810826585154      0.99504119264793212       2.0094353393034878       9.4246302527254517   2.0536863569599062e-09     0.031384810826585154       503.89610973572849       5.7934714303969193       5.7934714303969193       3032.3072045595945                                                 2512.5410979887324                                              15.869996835133348        20.330427191860906               393.23395494062589                          81.793709587208625                      8.5380180160330692
                       6        1520.784356135503     0.022513900277616097      0.11656253717447072       68.325468166108863       3.0279282810064623      0.98801342322902963     0.051352884316350836       0.1025486981430595      0.99779602570509718       1.9975245484661599       9.9713912728482335   2.0654398125327311e-09       0.1025486981430595       502.84479992862629       5.7934714303969193       5.7934714303969193       3029.9817694102121                                                 2515.6801132134956                                               11.45685626809043        20.205362978122423               391.95822379819276                          79.176852820208978                      11.504360332102108
                       6       1520.7844218770636     0.022513900277616097      0.11656253717447072       68.325468166108863       3.0279282810064623      0.98801342322902963     0.051352884316350836       0.1025486981430595      0.99776679958241887       1.9975245484661599       9.9713912728482335   2.0654398125327311e-09       0.1025486981430595       502.84493141174727       5.7934714303969193       5.7934714303969193       3029.9819008933332                                                 2515.6801132134956                                               11.45685626809043         20.20676034919137               391.95822379819276                          79.196469686837204                      11.483477577525933
                       8       1521.1156578637035     0.022513900277616097      0.11656253717447072       68.325468166108863       3.0279282810064623      0.98801342322902963     0.051352884316350836       0.1025486981430595      0.99679722590990349       1.9975245484661599       9.9713912728482335   2.0654398125327311e-09       0.1025486981430595       503.50740338502698       5.7934714303969193       5.7934714303969193       3030.6443728666131                                                 2515.6801132134956                                               11.45685626809043        20.254661053965208               391.91936265804446                          80.504064340234024                      10.829315332783263
                       1       1522.8565779483249     0.022820239847282264      0.11547533872244742       68.377175073441634       3.0360021013354048      0.99311030487528118     0.056984100940128901      0.15766628502707292      0.99563415241418385       2.0094658501693723       9.3077369649153425   2.0821833034940797e-09      0.15766628502707292       503.85328109063209       5.7934714303969193       5.7934714303969193       3034.1262130358559                                                 2518.6448891921968                                               11.62804275302735        20.045241444462761               390.59029003190079                           80.48230564714811                      12.735443967120426
                       3       1522.1698290759625     0.022999423866431487      0.11600655426546574       68.805856503155383       3.0378486287983635      0.99113767105817718     0.058255870972908255      0.12737494059209947      0.99424946258975544       2.0100306067355267       9.4121676749866392   2.0860316641052052e-09      0.12737494059209947       499.61304811835669       5.7934714303969193       5.7934714303969193       3032.7527152911312                                                 2522.5905526963738                                              10.549114476400362        20.203263656768854               390.39643193448222                           77.91583616610518                      11.097516361000437
                       3       1522.8045870082942     0.023031486477049206      0.11667543406303557       69.196284400607937       3.0478268324570847      0.98410328311736217     0.056804661701111911     0.053184758769338647       1.0004506463674674       2.0029810126337693       8.8438082132909948   2.1069507065551812e-09     0.053184758769338647       494.76759104035619       5.7934714303969193       5.7934714303969193       3034.0222311557945                                                 2528.7218305372653                                              10.532809578173262        20.827851120235323                390.3226198082798                          75.176201966567149                      8.4409181452739439
                       4        1522.619675272078     0.023031486477049206      0.11667543406303557       69.196284400607937       3.0478268324570847      0.98410328311736217     0.056804661701111911     0.053184758769338647       1.0007788854707367       2.0029810126337693       8.8438082132909948   2.1069507065551812e-09     0.053184758769338647       494.39776756792321       5.7934714303969193       5.7934714303969193       3033.6524076833621                                                 2528.7218305372653                                              10.532809578173262        20.801163269997915               390.33828572404673                          74.759075374568411                      8.4992431993101647
                       5       1518.8694747385466     0.022898592855042747      0.11624178460804309       68.902540468870825       3.0477945877565276      0.98508936072720565     0.058952406980923099     0.076785307327761759      0.99948957012313788       2.0010121168746413       9.1656104135166938   2.1068827696558678e-09     0.076785307327761759       494.30744158259051       5.7934714303969193       5.7934714303969193       3026.1520066162993                                                 2521.3636718879861                                              10.480893145722678        20.627007785310127               390.31900700503388                          74.437827637931164                      8.9235991543153581
                       2       1519.3699367536549     0.022889898490139626      0.11720795429826573       68.666195757360285       3.0533264151045727      0.98193778132206422     0.060198803399153442     0.057849671867651331       1.0000373923801613       2.0002240796160717       9.0888573409963147   2.1185699773843932e-09     0.057849671867651331       494.22073606563612       5.7934714303969193       5.7934714303969193       3027.1529306465159                                                 2521.2593106692084                                              11.672883911670974        21.026126066946063               390.42571095903969                          74.490571380651929                      8.2783276589983981
                      12       1519.6536369647879     0.022699630699266057      0.11692213705642382       68.048836763001191       3.0555149004297584      0.98364614295020736     0.064141543506913742      0.12636661933396282      0.99780340971097226       1.9969645211237905       9.7392087954568467   2.1232115138049085e-09      0.12636661933396282       495.12166741555063       5.7934714303969193       5.7934714303969193       3027.7203310687819                                                 2517.2811929845811                                              15.317470668650218        20.750965662083274               391.40071638006191                          74.202941174647535                      8.7670441987579153
                       6       1519.7011882242846      0.02277989309825856      0.11664532588793847        68.01880308894647       3.0528663581354283       0.9814563400090468     0.061765301579211521      0.14217549010866146      0.99913769669240804       1.9957979622947526       9.6616324587327611   2.1175955386675256e-09      0.14217549010866146       494.20434224521216       5.7934714303969193       5.7934714303969193       3027.8154335877753                                                 2517.6235750947676                                              15.987516247795801         20.94896478468786               390.72668636941552                          73.042205544153774                      9.4864855469550111
                       3        1519.544946467367      0.02277989309825856      0.11664532588793847        68.01880308894647       3.0528663581354283       0.9814563400090468     0.061765301579211521      0.14217549010866146      0.99971913956205205       1.9957979622947526       9.6616324587327611   2.1175955386675256e-09      0.14217549010866146        493.8918587313766       5.7934714303969193       5.7934714303969193       3027.5029500739402                                                 2517.6235750947676                                              15.987516247795801         20.89876675058764               390.72363243872849                          72.513243406066039                      9.7562161359944817
                       1       1519.2703374736193     0.022778469678512537      0.11682592289128126       68.047263719105629       3.0532150105600544      0.98077024032688498     0.061505560044390201      0.12886626986613209      0.99999675506872143       1.9955850480356252       9.6110151413034632   2.1183339722073014e-09      0.12886626986613209       493.50035851879613       5.7934714303969193       5.7934714303969193       3026.9537320864447                                                 2517.4705556668468                                              15.982817900801763        20.990447555653702               390.67735959401494                          72.610908733705898                      9.2216426354216008
                       4       1519.0846366194121     0.022831061005055203      0.11596294387898688       68.427573611816229       3.0402412826437906      0.98691752581955106     0.057146192261913135      0.10960989318681408       0.9984678014058519       2.0042691511026374       9.2389790887280583   2.0910287916022105e-09      0.10960989318681408       497.30233033436048       5.7934714303969193       5.7934714303969193       3026.5823303780303                                                 2517.1882332576424                                              12.091766786027101        20.349377477469602               390.44210077650297                          76.154072364718019                      10.356779715669843
                       1       1519.0802422344129     0.022873449856985532      0.11622392545547899       68.536361541695328       3.0379328364621783      0.98779115470604317     0.056131134098616135     0.098032779966467976      0.99777337303404123       2.0068156319095674       9.1733039414243489    2.086207331354444e-09     0.098032779966467976       497.53548329535062       5.7934714303969193       5.7934714303969193        3026.573541608032                                                 2517.3030187295353                                              11.735039583146314        20.307077340534249               390.56687471869645                          76.712960895513518                      9.9485703406063877
                       2       1518.9025867765163     0.022763211824481412      0.11623453661684134       68.563178840553704       3.0401034408464831      0.98661600991193166     0.055706065691995425     0.091417088352749379      0.99962763157576107       2.0017168387576705       9.2595951733483606   2.0907405802995931e-09     0.091417088352749379       496.39624116578199       5.7934714303969193       5.7934714303969193       3026.2182306922386                                                  2518.673045627685                                              11.148943898771448        20.366901802196423               390.59971795908467                           75.60084523398686                      9.8287761705140113
                       6        1519.078897874937     0.022496443863977516      0.11708721619152178       68.114506978154665       3.0241488238306511      0.98362130513356971     0.048836667731547129     0.075295865715553301      0.99807093497284627       1.9955199998726476       9.9957518341496527   2.0576483043225383e-09     0.075295865715553301       500.35836635949852       5.7934714303969193       5.7934714303969193         3026.57085288908                                                 2512.3478117938612                                              13.864674735720358        20.497886938325166               393.04561401707087                          76.840409968737703                      9.9744554353647974
                       4       1519.7589744651616     0.022496443863977516      0.11708721619152178       68.114506978154665       3.0241488238306511      0.98362130513356971     0.048836667731547129     0.075295865715553301      0.99949865688218409       1.9955199998726476       9.9957518341496527   2.0576483043225383e-09     0.075295865715553301       501.71851953994832       5.7934714303969193       5.7934714303969193       3027.9310060695293                                                 2512.3478117938612                                              13.864674735720358        20.407726831123455               393.11546510467826                            77.4041188606231                       10.79120874352351
                       9       1517.2567203258523     0.022549414766851374      0.11736761333387943       68.401977368715436       3.0368638496789457      0.98045510168328132     0.053180995264624248     0.022890825035441022       1.0015333252666321       1.9933736887267901       9.6502953070195474   2.0839783948542293e-09     0.022890825035441022        496.1102895207012       5.7934714303969193       5.7934714303969193       3022.9264977909106                                                 2514.4249844797509                                               12.39122379045885        20.761161127534763               390.95373538144815                          75.848573951216537                      8.5468190605017433
                       1       1515.4131983781033     0.022509947593838193      0.11644685712982603       68.787860226326842       3.0405112772182501      0.97806764633677357     0.056050878304186653    0.0017522400360906396       1.0021637456149561       1.9856129519959698       9.9595439154285685   2.0915934342527779e-09    0.0017522400360906396       494.14016005021631       5.7934714303969193       5.7934714303969193       3019.2394538954127                                                 2514.5516477392043                                              10.547646105992108        21.036539795810199               390.36430227074169                          73.864533243417924                      8.8747847402464632
                      12       1515.7159474676062     0.022609651229575971      0.11658505102344209       68.938941091301871       3.0498286265422494      0.97680883095566584     0.059010962077314072   0.00062415878670861458       1.0035755685176126       1.9851681539571433       9.7476410411294196   2.1111726123004436e-09   0.00062415878670861458       492.70068393045199       5.7934714303969193       5.7934714303969193       3019.8449520744184                                                  2516.599232528964                                              10.545035615002652        21.311979226988399               390.28307590342746                          72.660543408073025                      8.4450853919631186
                      19       1515.2596414482555     0.022609651229575971      0.11658505102344209       68.938941091301871       3.0498286265422494      0.97680883095566584     0.059010962077314072   0.00062415878670861458        1.002976614019516       1.9851681539571433       9.7476410411294196   2.1111726123004436e-09   0.00062415878670861458       491.78807189175018       5.7934714303969193       5.7934714303969193       3018.9323400357171                                                  2516.599232528964                                              10.545035615002652        21.372779736767427               390.28339762639354                           71.79210306343461                      8.3397914651545744
                       2       1516.4390827433792     0.022524132579179148      0.11620485600138201       68.865007087148271       3.0449313628381325      0.97792930756227259     0.056075075546675471     0.015009044592981149       1.0040312599657932       1.9839625379140258        9.748491810218189   2.1008589183455625e-09     0.015009044592981149       492.58022940908575       5.7934714303969193       5.7934714303969193       3021.2912226259646                                                 2518.1666469731044                                              10.544346243774086        21.116346275654109               390.35183431982091                          72.346963856242937                      8.7650849573677494
                       4       1516.5175731134004     0.022529795303320079      0.11616933918203885       68.865180947305689       3.0450462494016297      0.97829109333856346     0.056256434029959133     0.016701569030028968        1.003917113750038       1.9845180756478298       9.7276406831406881   2.1011002926721519e-09     0.016701569030028968       492.72144484351099       5.7934714303969193       5.7934714303969193        3021.448203366007                                                 2518.1791641396599                                              10.547594382836607        21.075135911864095               390.36050209308928                          72.504989623351378                      8.7808172152062607
                       2       1516.6363320733703     0.022462351837508963      0.11647062528195887       68.999656991818767       3.0462347230426743      0.98042770405682855     0.057043709744271663    0.0085347218093454781       1.0032640899754446       1.9843838554359554       9.8592631084490634   2.1035988794453452e-09    0.0085347218093454781       492.62153976089007       5.7934714303969193       5.7934714303969193       3021.6857212859468                                                 2518.2344938017936                                              10.829687723263367        20.851900554114195               390.30840707496202                          72.781462143712901                      8.6797699881009365
                      11       1516.4587923244462     0.022462351837508963      0.11647062528195887       68.999656991818767       3.0462347230426743      0.98042770405682855     0.057043709744271663    0.0085347218093454781       1.0027835076368203       1.9843838554359554       9.8592631084490634   2.1035988794453452e-09    0.0085347218093454781       492.26646026304189       5.7934714303969193       5.7934714303969193       3021.3306417880985                                                 2518.2344938017936                                              10.829687723263367        20.892719794208119               390.30840707496202                            72.5026115172179                      8.5627218766538356
                      18       1516.4062199913583     0.022462351837508963      0.11647062528195887       68.999656991818767       3.0462347230426743      0.98042770405682855     0.057043709744271663    0.0085347218093454781       1.0027835076368203       1.9903090950110232       9.8729234197952866   2.1035988794453452e-09    0.0085347218093454781       492.26646026304189       5.7934714303969193       5.7934714303969193       3021.2254971219227                                                 2518.1293491356178                                              10.829687723263367        20.892719794208119               390.30840707496202                            72.5026115172179                      8.5627218766538356
                       1       1516.7621255778229     0.022675154136077628      0.11624287742062145        69.21042572985418       3.0433485347789411      0.98269224158258583     0.056452142651289963    0.0099653592782030474       1.0015476688974845       1.9983655706212478       9.4941578608252435   2.0975362502010903e-09    0.0099653592782030474       492.70426727611027       5.7934714303969193       5.7934714303969193       3021.9373082948518                                                 2517.9361507290241                                              11.296890289717259        20.703388483761103               390.39311790415201                          72.914076940070942                      8.6936839481262425
                       8        1517.046499774694     0.022680098315224738      0.11642033913258049       69.231051616150467       3.0466430429562781      0.98098162927310906     0.057102207302239784   0.00041698894706479646       1.0024641562429468        1.996533440525551       9.4544470835115906   2.1044579961433492e-09   0.00041698894706479646       491.61863535533229       5.7934714303969193       5.7934714303969193       3022.5060566885941                                                 2519.6118839382807                                              11.275537394981423        20.904435948259049               390.26943503071402                          71.955335804704404                      8.4894285716547806
                       7        1518.888785555122     0.022680098315224738      0.11642033913258049       69.231051616150467       3.0466430429562781      0.98098162927310906     0.057102207302239784   0.00041698894706479646       1.0024641562429468       2.7927069998523457       9.4191755453762411   2.1044579961433492e-09   0.00041698894706479646       491.61863535533229       5.7934714303969193       5.7934714303969193       3026.1906282494501                                                 2523.2964554991372                                              11.275537394981423        20.904435948259049               390.26943503071402                          71.955335804704404                      8.4894285716547806
                       1       1519.1095146537559     0.022680098315224738      0.11642033913258049       69.231051616150467       3.0466430429562781      0.98098162927310906     0.057102207302239784   0.00041698894706479646       1.0029961781560335       2.7927069998523457       9.4191755453762411   2.1044579961433492e-09   0.00041698894706479646       492.06009355259965       5.7934714303969193       5.7934714303969193       3026.6320864467179                                                 2523.2964554991372                                              11.275537394981423        20.859150446174397               390.27063902551606                          72.320272649894378                      8.6100314310148072
