[camb] `camb` module loaded successfully from /mnt/8tb/six-birds-ml/tmp/neutrino_CAMB204_sigma_probe_20261005/source_v3/camb
 AUDIT_NEGATIVE_HALO_BASE   6.6074977571208553        1.5398929463117370E-005  -6.4249294190361037E-237   2.4890755540887103E-016  0.50000000000000000     
AUDIT_SIGMA_NODE 1 0.10209845302649865E-3 0.45731045977343440E-1 0.45731034493408713E-1 0.45731155340703607E-1 0.45731155340703607E-1 17 17
AUDIT_SIGMA_NODE 2 0.10778257978489423E-3 0.45716844216117519E-1 0.45705152649791393E-1 0.45715899066104154E-1 0.45715899066104154E-1 17 17
AUDIT_SIGMA_NODE 3 0.11378315890909718E-3 0.45702254576127560E-1 0.45700942026995060E-1 0.45700696209009947E-1 0.45700696209009947E-1 17 17
AUDIT_SIGMA_NODE 4 0.12011780825037677E-3 0.45687345814195708E-1 0.45685461233006500E-1 0.45685545831517155E-1 0.45685545831517155E-1 17 17
AUDIT_SIGMA_NODE 5 0.12680512649856403E-3 0.45672186605627704E-1 0.45670770735982254E-1 0.45670454950776339E-1 0.45670454950776339E-1 18 18
AUDIT_SIGMA_NODE 6 0.13386474778827304E-3 0.45656845539941308E-1 0.45654734228182149E-1 0.45655382964336133E-1 0.45655382964336133E-1 16 16
AUDIT_SIGMA_NODE 7 0.14131739934521398E-3 0.45641391117625642E-1 0.45640405803679986E-1 0.45640424072519226E-1 0.45640424072519226E-1 17 17
AUDIT_SIGMA_NODE 8 0.14918496234184942E-3 0.45625891747929109E-1 0.45626053356138667E-1 0.45625497398362511E-1 0.45625497398362511E-1 17 17
AUDIT_SIGMA_NODE 9 0.15749053614106710E-3 0.45610415747673744E-1 0.45610399638936386E-1 0.45610620330058277E-1 0.45610620330058277E-1 18 18
AUDIT_SIGMA_NODE 10 0.16625850611649034E-3 0.45595031341093509E-1 0.45595624018548449E-1 0.45595801512822012E-1 0.45595801512822012E-1 16 16
AUDIT_SIGMA_NODE 11 0.17551461524854884E-3 0.45580111399402372E-1 0.45581044737084457E-1 0.45581026335992619E-1 0.45581026335992619E-1 17 17
AUDIT_SIGMA_NODE 12 0.18528603970651640E-3 0.45565354333904115E-1 0.45567298658131680E-1 0.45566301728339281E-1 0.45566301728339281E-1 17 17
AUDIT_SIGMA_NODE 13 0.19560146863842792E-3 0.45550716657088361E-1 0.45551299649162713E-1 0.45551642561020234E-1 0.45551642561020234E-1 16 16
AUDIT_SIGMA_NODE 14 0.20649118840313974E-3 0.45536175573006481E-1 0.45535836082289428E-1 0.45537027483257789E-1 0.45537027483257789E-1 17 17
AUDIT_SIGMA_NODE 15 0.21798717149184102E-3 0.45521690097899144E-1 0.45523178329391491E-1 0.45522472822413965E-1 0.45522472822413965E-1 16 16
AUDIT_SIGMA_NODE 16 0.23012317040009233E-3 0.45507196461929460E-1 0.45507246314929778E-1 0.45507955390090664E-1 0.45507955390090664E-1 17 17
AUDIT_SIGMA_NODE 17 0.24293481672600187E-3 0.45492758823923396E-1 0.45493586237326550E-1 0.45493568854042078E-1 0.45493568854042078E-1 14 14
AUDIT_SIGMA_NODE 18 0.25645972578549367E-3 0.45478377129657417E-1 0.45478895181733855E-1 0.45479098544774901E-1 0.45479098544774901E-1 17 17
AUDIT_SIGMA_NODE 19 0.27073760705182163E-3 0.45464051325118257E-1 0.45465067486451988E-1 0.45464750971362759E-1 0.45464750971362759E-1 17 17
AUDIT_SIGMA_NODE 20 0.28581038074358206E-3 0.45449770795606553E-1 0.45450002989787727E-1 0.45450452132597789E-1 0.45450452132597789E-1 17 17
AUDIT_SIGMA_NODE 21 0.30172230090352983E-3 0.45435538137047156E-1 0.45436142883057529E-1 0.45436197161687140E-1 0.45436197161687140E-1 17 17
AUDIT_SIGMA_NODE 22 0.31852008532956138E-3 0.45421369897504109E-1 0.45422851628914671E-1 0.45422003764662641E-1 0.45422003764662641E-1 17 17
AUDIT_SIGMA_NODE 23 0.33625305273934485E-3 0.45407271821128227E-1 0.45407027148797324E-1 0.45407853126966456E-1 0.45407853126966456E-1 17 17
AUDIT_SIGMA_NODE 24 0.35497326757131533E-3 0.45393249645172211E-1 0.45393837385386070E-1 0.45393756173696446E-1 0.45393756173696446E-1 17 17
AUDIT_SIGMA_NODE 25 0.37473569284717678E-3 0.45379362398394928E-1 0.45379875803037900E-1 0.45379713841189807E-1 0.45379713841189807E-1 17 17
AUDIT_SIGMA_NODE 26 0.39559835154471564E-3 0.45365563855634755E-1 0.45361397962626337E-1 0.45365716301533764E-1 0.45365716301533764E-1 16 16
AUDIT_SIGMA_NODE 27 0.41762249695472377E-3 0.45351824555928247E-1 0.45352700312220377E-1 0.45351781633355653E-1 0.45351781633355653E-1 17 17
AUDIT_SIGMA_NODE 28 0.44087279252220138E-3 0.45338131176681347E-1 0.45337900723617097E-1 0.45337881818043504E-1 0.45337881818043504E-1 17 17
AUDIT_SIGMA_NODE 29 0.46541750169985791E-3 0.45324469112634283E-1 0.45324713035394343E-1 0.45324040976044609E-1 0.45324040976044609E-1 17 17
AUDIT_SIGMA_NODE 30 0.49132868837132649E-3 0.45310803038526200E-1 0.45310155597669717E-1 0.45310248642990610E-1 0.45310248642990610E-1 17 17
AUDIT_SIGMA_NODE 31 0.51868242843254001E-3 0.45297150366702989E-1 0.45296349113493485E-1 0.45296527854978175E-1 0.45296527854978175E-1 15 15
AUDIT_SIGMA_NODE 32 0.54755903315247445E-3 0.45283504818779609E-1 0.45283417110587025E-1 0.45282792453360768E-1 0.45282792453360768E-1 16 16
AUDIT_SIGMA_NODE 33 0.57804328496905571E-3 0.45269860123932346E-1 0.45269083201079294E-1 0.45269173871183579E-1 0.45269173871183579E-1 16 16
AUDIT_SIGMA_NODE 34 0.61022468641253015E-3 0.45256180372255608E-1 0.45255716484611172E-1 0.45255573059249224E-1 0.45255573059249224E-1 17 17
AUDIT_SIGMA_NODE 35 0.64419772288714522E-3 0.45242437142123573E-1 0.45241768264094463E-1 0.45242031726955026E-1 0.45242031726955026E-1 16 16
AUDIT_SIGMA_NODE 36 0.68006214008267272E-3 0.45228708498563482E-1 0.45228821384196254E-1 0.45228512196665273E-1 0.45228512196665273E-1 15 15
AUDIT_SIGMA_NODE 37 0.71792323683026404E-3 0.45215012604709157E-1 0.45215273696097236E-1 0.45215085263736722E-1 0.45215085263736722E-1 17 17
AUDIT_SIGMA_NODE 38 0.75789217426246755E-3 0.45201367601725877E-1 0.45201415214196315E-1 0.45201685518198524E-1 0.45201685518198524E-1 17 17
AUDIT_SIGMA_NODE 39 0.80008630218510906E-3 0.45187837726246786E-1 0.45188575755785484E-1 0.45188333920373962E-1 0.45188333920373962E-1 16 16
AUDIT_SIGMA_NODE 40 0.84462950361927579E-3 0.45174412641037998E-1 0.45174961767469719E-1 0.45174979128635065E-1 0.45174979128635065E-1 14 14
AUDIT_SIGMA_NODE 41 0.89165255852498185E-3 0.45161059272171525E-1 0.45294616179584246E-1 0.45161786093310410E-1 0.45161786093310410E-1 16 16
AUDIT_SIGMA_NODE 42 0.94129352777442090E-3 0.45147774889314200E-1 0.45149211313972232E-1 0.45148575569532001E-1 0.45148575569532001E-1 17 17
AUDIT_SIGMA_NODE 43 0.99369815850216072E-3 0.45134556765598050E-1 0.45135363357195153E-1 0.45135406160367875E-1 0.45135406160367875E-1 16 16
AUDIT_SIGMA_NODE 44 0.10490203120223963E-2 0.45121394040793988E-1 0.45122668703112198E-1 0.45122279490585830E-1 0.45122279490585830E-1 15 15
AUDIT_SIGMA_NODE 45 0.11074224155696404E-2 0.45108293291588393E-1 0.45109230879561535E-1 0.45109243665270082E-1 0.45109243665270082E-1 17 17
AUDIT_SIGMA_NODE 46 0.11690759391891679E-2 0.45095255479652513E-1 0.45096586757220739E-1 0.45096233672261767E-1 0.45096233672261767E-1 15 15
AUDIT_SIGMA_NODE 47 0.12341618991773854E-2 0.45082280453567998E-1 0.45084265019451689E-1 0.45083259755878118E-1 0.45083259755878118E-1 14 14
AUDIT_SIGMA_NODE 48 0.13028713895502292E-2 0.45069373311122728E-1 0.45070791925349664E-1 0.45070345476762835E-1 0.45070345476762835E-1 16 16
AUDIT_SIGMA_NODE 49 0.13754061431000054E-2 0.45056553730550453E-1 0.45057768556009029E-1 0.45057466159861004E-1 0.45057466159861004E-1 17 17
AUDIT_SIGMA_NODE 50 0.14519791236879416E-2 0.45043786281465048E-1 0.45043773553563940E-1 0.45044641641140831E-1 0.45044641641140831E-1 15 15
AUDIT_SIGMA_NODE 51 0.15328151515114424E-2 0.45031062053116543E-1 0.45031688001255184E-1 0.45031859139371751E-1 0.45031859139371751E-1 15 15
AUDIT_SIGMA_NODE 52 0.16181515631818429E-2 0.45018372144921312E-1 0.45020636245133937E-1 0.45019127569924933E-1 0.45019127569924933E-1 15 15
AUDIT_SIGMA_NODE 53 0.17082389085506737E-2 0.45005694917027363E-1 0.45004461073645433E-1 0.45006439769186612E-1 0.45006439769186612E-1 15 15
AUDIT_SIGMA_NODE 54 0.18033416863303257E-2 0.44993021498601043E-1 0.44994753402555598E-1 0.44993794191687718E-1 0.44993794191687718E-1 16 16
AUDIT_SIGMA_NODE 55 0.19037391206689243E-2 0.44980367111693190E-1 0.44980934075050917E-1 0.44981200552186053E-1 0.44981200552186053E-1 16 16
AUDIT_SIGMA_NODE 56 0.20097259809594534E-2 0.44967730764120334E-1 0.44974548655187123E-1 0.44968649364885552E-1 0.44968649364885552E-1 17 17
AUDIT_SIGMA_NODE 57 0.21216134472901104E-2 0.44955111464820466E-1 0.44957419476250184E-1 0.44956142196639043E-1 0.44956142196639043E-1 15 15
AUDIT_SIGMA_NODE 58 0.22397300240768682E-2 0.44942436761136149E-1 0.44943234706227325E-1 0.44943687419596645E-1 0.44943687419596645E-1 17 17
AUDIT_SIGMA_NODE 59 0.23644225045607115E-2 0.44929768034116829E-1 0.44931315428456839E-1 0.44931247775135519E-1 0.44931247775135519E-1 14 14
AUDIT_SIGMA_NODE 60 0.24960569890013140E-2 0.44917160552134794E-1 0.44917278862079621E-1 0.44918906321905767E-1 0.44918906321905767E-1 16 16
AUDIT_SIGMA_NODE 61 0.26350199595566101E-2 0.44904640728900547E-1 0.44908321721105877E-1 0.44906585112150448E-1 0.44906585112150448E-1 16 16
AUDIT_SIGMA_NODE 62 0.27817194150041359E-2 0.44892234949036623E-1 0.44892199114840513E-1 0.44894310514222574E-1 0.44894310514222574E-1 15 15
AUDIT_SIGMA_NODE 63 0.29365860686357023E-2 0.44880128119280639E-1 0.44882075433222895E-1 0.44882065909185441E-1 0.44882052325971020E-1 13 14
AUDIT_SIGMA_NODE 64 0.31000746128424556E-2 0.44868144233582069E-1 0.44869994906256740E-1 0.44869872767679904E-1 0.44869872767679904E-1 15 15
AUDIT_SIGMA_NODE 65 0.32726650541031782E-2 0.44856263834267059E-1 0.44857464343152333E-1 0.44857741006606944E-1 0.44857741006606944E-1 17 17
AUDIT_SIGMA_NODE 66 0.34548641222953863E-2 0.44844468413925268E-1 0.44845107354776606E-1 0.44845660282895640E-1 0.44845660282895640E-1 14 14
AUDIT_SIGMA_NODE 67 0.36472067584669937E-2 0.44832743703250189E-1 0.44834758298995116E-1 0.44833586320475398E-1 0.44833586320475398E-1 16 16
AUDIT_SIGMA_NODE 68 0.38502576854366984E-2 0.44821076919611319E-1 0.44820639533921805E-1 0.44820635926539114E-1 0.44821577159787893E-1 12 16
AUDIT_SIGMA_NODE 69 0.40646130658343700E-2 0.44809434384511772E-1 0.44810432755033471E-1 0.44809608517235928E-1 0.44809608517235928E-1 16 16
AUDIT_SIGMA_NODE 70 0.42909022524495388E-2 0.44797793492774532E-1 0.44797187260715791E-1 0.44797684347106001E-1 0.44797684347106001E-1 16 16
AUDIT_SIGMA_NODE 71 0.45297896360270169E-2 0.44786131662713641E-1 0.44785938945304332E-1 0.44785807418891529E-1 0.44785807418891529E-1 16 16
AUDIT_SIGMA_NODE 72 0.47819765959348373E-2 0.44774333527771763E-1 0.44774016824601325E-1 0.44773975365099035E-1 0.44773975365099035E-1 16 16
AUDIT_SIGMA_NODE 73 0.50482035594317269E-2 0.44762418455108414E-1 0.44762009026241827E-1 0.44762175208488852E-1 0.44762175208488852E-1 15 15
AUDIT_SIGMA_NODE 74 0.53292521755801663E-2 0.44750486223269346E-1 0.44750889906837059E-1 0.44750403733486939E-1 0.44750403733486939E-1 14 14
AUDIT_SIGMA_NODE 75 0.56259476101876921E-2 0.44738560281424297E-1 0.44739055130787499E-1 0.44738724351228526E-1 0.44738724351228526E-1 16 16
AUDIT_SIGMA_NODE 76 0.59391609685144802E-2 0.44726664053763951E-1 0.44726885999464686E-1 0.44727058399525697E-1 0.44727058399525697E-1 15 15
AUDIT_SIGMA_NODE 77 0.62698118528602981E-2 0.44714876593998330E-1 0.44711678173052445E-1 0.44715442129646607E-1 0.44715442129646607E-1 15 15
AUDIT_SIGMA_NODE 78 0.66188710625399915E-2 0.44703162076305106E-1 0.44703282429751606E-1 0.44703866648114481E-1 0.44703866648114481E-1 15 15
AUDIT_SIGMA_NODE 79 0.69873634441746978E-2 0.44691513274331282E-1 0.44692862535562476E-1 0.44692336687878656E-1 0.44692336687878656E-1 16 16
AUDIT_SIGMA_NODE 80 0.73763709006673074E-2 0.44679934891845227E-1 0.44679682629704683E-1 0.44680846410980087E-1 0.44680846410980087E-1 16 16
AUDIT_SIGMA_NODE 81 0.77870355676966053E-2 0.44668436551110746E-1 0.44669591358903839E-1 0.44669400717839258E-1 0.44669400717839258E-1 16 16
AUDIT_SIGMA_NODE 82 0.82205631670563568E-2 0.44657056933048431E-1 0.44661576609015971E-1 0.44657996699254729E-1 0.44657996699254729E-1 15 15
AUDIT_SIGMA_NODE 83 0.86782265466848283E-2 0.44645747920558081E-1 0.44646807088102314E-1 0.44646624307593363E-1 0.44646624307593363E-1 15 15
AUDIT_SIGMA_NODE 84 0.91613694177783526E-2 0.44634501662296489E-1 0.44636172749598746E-1 0.44635257238987459E-1 0.44635257238987459E-1 14 14
AUDIT_SIGMA_NODE 85 0.96714102999612139E-2 0.44623310315068394E-1 0.44623742777635873E-1 0.44624040333930047E-1 0.44624040333930047E-1 15 15
AUDIT_SIGMA_NODE 86 0.10209846686094941E-1 0.44951737550730154E-1 0.44611859531490827E-1 0.44612804154520749E-1 0.44612804154520749E-1 16 16
AUDIT_SIGMA_NODE 87 0.10778259438955030E-1 0.45738492105451820E-1 0.44601987701016435E-1 0.44601613143492952E-1 0.44601613143492952E-1 15 15
AUDIT_SIGMA_NODE 88 0.11378317432683822E-1 0.46195383897691983E-1 0.44590244367200070E-1 0.44590478139367666E-1 0.44590478139367666E-1 14 14
AUDIT_SIGMA_NODE 89 0.12011782452646971E-1 0.46064851726963181E-1 0.44579358344201681E-1 0.44579355573019411E-1 0.44579355573019411E-1 15 15
AUDIT_SIGMA_NODE 90 0.12680514368079583E-1 0.45109510521591178E-1 0.44570984587552445E-1 0.44568062699251815E-1 0.44568295774511470E-1 12 16
AUDIT_SIGMA_NODE 91 0.13386476592709114E-1 0.40977649651747113E-1 0.44556551313405433E-1 0.44557274642335609E-1 0.44557274642335609E-1 15 15
AUDIT_SIGMA_NODE 92 0.14131741849387442E-1 0.35709976176011626E-1 0.44546719008075900E-1 0.44546275307270351E-1 0.44546275307270351E-1 14 14
AUDIT_SIGMA_NODE 93 0.14918498255657315E-1 0.31162955862505354E-1 0.44535263442395015E-1 0.44535364364565413E-1 0.44535364364565413E-1 15 15
AUDIT_SIGMA_NODE 94 0.15749055748120504E-1 0.27674167396763580E-1 0.44524466052329570E-1 0.44524484049629443E-1 0.44524484049629443E-1 15 15
AUDIT_SIGMA_NODE 95 0.16625852864469774E-1 0.25414266735076230E-1 0.44513077989995653E-1 0.44513622798331737E-1 0.44513622798331737E-1 16 16
AUDIT_SIGMA_NODE 96 0.17551463903096899E-1 0.27315587973934245E-1 0.44502377232419926E-1 0.44502820579262588E-1 0.44502820579262588E-1 16 16
AUDIT_SIGMA_NODE 97 0.18528606481297515E-1 0.30643346619790096E-1 0.44493807318248355E-1 0.44492036165677720E-1 0.44492036165677720E-1 14 14
AUDIT_SIGMA_NODE 98 0.19560149514263842E-1 0.35051383704814851E-1 0.44482170261891829E-1 0.44481357708616880E-1 0.44481337235365168E-1 13 14
AUDIT_SIGMA_NODE 99 0.20649121638291905E-1 0.40228961622214267E-1 0.44470712150336475E-1 0.44470671619284301E-1 0.44470671619284301E-1 15 15
AUDIT_SIGMA_NODE 100 0.21798720102933853E-1 0.44810872043597363E-1 0.44459828365927705E-1 0.44460001550473270E-1 0.44460043865889753E-1 13 15
AUDIT_SIGMA_NODE 101 0.23012320158203085E-1 0.45857595786469009E-1 0.44448862000216430E-1 0.44449463331293217E-1 0.44449463331293217E-1 15 15
AUDIT_SIGMA_NODE 102 0.24293484964393233E-1 0.46056041436444643E-1 0.44440270932329426E-1 0.44438918466073174E-1 0.44438918466073174E-1 15 15
AUDIT_SIGMA_NODE 103 0.25645976053606395E-1 0.45638765554008816E-1 0.44427078289702507E-1 0.44428424478458482E-1 0.44428424478458482E-1 14 14
AUDIT_SIGMA_NODE 104 0.27073764373706032E-1 0.44861898138581359E-1 0.44416932324660555E-1 0.44417988096675499E-1 0.44417988096675499E-1 15 15
AUDIT_SIGMA_NODE 105 0.28581041947119787E-1 0.44408426529013882E-1 0.44408008161924313E-1 0.44407595886375412E-1 0.44407595886375412E-1 14 14
AUDIT_SIGMA_NODE 106 0.30172234178722796E-1 0.44398240353485552E-1 0.44396216636615429E-1 0.44397236779249158E-1 0.44397236779249158E-1 14 14
AUDIT_SIGMA_NODE 107 0.31852012848937752E-1 0.44387807560310168E-1 0.44340018298397170E-1 0.44386922773267772E-1 0.44386935868243903E-1 13 14
AUDIT_SIGMA_NODE 108 0.33625309830199714E-1 0.44377221560448807E-1 0.44376186791740380E-1 0.44376680677716968E-1 0.44376680677716968E-1 14 14
AUDIT_SIGMA_NODE 109 0.35497331567057706E-1 0.44366575678324596E-1 0.44367110466961360E-1 0.44366481865505042E-1 0.44366481865505042E-1 15 15
AUDIT_SIGMA_NODE 110 0.37473574362426841E-1 0.44356183196781633E-1 0.44355087251008660E-1 0.44356329311921287E-1 0.44356329311921287E-1 15 15
AUDIT_SIGMA_NODE 111 0.39559840514872005E-1 0.44345922817044955E-1 0.44350189489179681E-1 0.44346227082007958E-1 0.44346227082007958E-1 15 15
AUDIT_SIGMA_NODE 112 0.41762255354302377E-1 0.44335742344772347E-1 0.44335828341153835E-1 0.44336181697157778E-1 0.44336181697157778E-1 14 14
AUDIT_SIGMA_NODE 113 0.44087285226094203E-1 0.44325656128484818E-1 0.44325837019116660E-1 0.44326185736864414E-1 0.44326185736864414E-1 15 15
AUDIT_SIGMA_NODE 114 0.46541756476443256E-1 0.44315686462282899E-1 0.44316646475606229E-1 0.44316250983132612E-1 0.44316250983132612E-1 14 14
AUDIT_SIGMA_NODE 115 0.49132875494689560E-1 0.44305982683303463E-1 0.44306358923187468E-1 0.44306356216341818E-1 0.44306356216341818E-1 16 16
AUDIT_SIGMA_NODE 116 0.51868249871456981E-1 0.44296371101023739E-1 0.44296313221955257E-1 0.44296524803304829E-1 0.44296524803304829E-1 15 15
AUDIT_SIGMA_NODE 117 0.54755910734731607E-1 0.44286823230873608E-1 0.44288267417290077E-1 0.44286753164003108E-1 0.44286753164003108E-1 15 15
AUDIT_SIGMA_NODE 118 0.57804336329454580E-1 0.44277310613170938E-1 0.44276200576186767E-1 0.44277040705933274E-1 0.44277040705933274E-1 15 15
AUDIT_SIGMA_NODE 119 0.61022476909863579E-1 0.44267736714021517E-1 0.44268261373053210E-1 0.44267384481104191E-1 0.44267384481104191E-1 15 15
AUDIT_SIGMA_NODE 120 0.64419781017663325E-1 0.44258022186933255E-1 0.44257070903989844E-1 0.44257792228952327E-1 0.44257792228952327E-1 15 15
AUDIT_SIGMA_NODE 121 0.68006223223182893E-1 0.44248332315157832E-1 0.44248818231884583E-1 0.44248256395412834E-1 0.44248256395412834E-1 14 14
AUDIT_SIGMA_NODE 122 0.71792333410963902E-1 0.44238694825991576E-1 0.44238857405003856E-1 0.44238790276574999E-1 0.44238782473240104E-1 13 14
AUDIT_SIGMA_NODE 123 0.75789227695767736E-1 0.44229137422693209E-1 0.44229141248410805E-1 0.44229387734368512E-1 0.44229387734368512E-1 15 15
AUDIT_SIGMA_NODE 124 0.80008641059766794E-1 0.44219790291239271E-1 0.44220370265517561E-1 0.44220051604036345E-1 0.44220051604036345E-1 15 15
AUDIT_SIGMA_NODE 125 0.84462961806748768E-1 0.44210617905791429E-1 0.44210440835672535E-1 0.44210773667547922E-1 0.44210773667547922E-1 15 15
AUDIT_SIGMA_NODE 126 0.89165267934486744E-1 0.44201534198245601E-1 0.44201213149714855E-1 0.44201575777974830E-1 0.44201575777974830E-1 14 14
AUDIT_SIGMA_NODE 127 0.94129365532071269E-1 0.44192520547696311E-1 0.44192524285578544E-1 0.44192426241763234E-1 0.44192426241763234E-1 14 14
AUDIT_SIGMA_NODE 128 0.99369829314933544E-1 0.44183558348785734E-1 0.44182901396062277E-1 0.44183371585543092E-1 0.44183371585543092E-1 14 14
AUDIT_SIGMA_NODE 129 0.10490204541657841 0.44174526955390710E-1 0.44174882536047698E-1 0.44174363659875815E-1 0.44174363659875815E-1 15 15
AUDIT_SIGMA_NODE 130 0.11074225656265761 0.44165524381183395E-1 0.44165113571402882E-1 0.44165438054599590E-1 0.44165438054599590E-1 15 15
AUDIT_SIGMA_NODE 131 0.11690760976002226 0.44156578214136738E-1 0.44156436633573048E-1 0.44156585428391876E-1 0.44156585428391876E-1 15 15
AUDIT_SIGMA_NODE 132 0.12341620664076582 0.44147702067176033E-1 0.44147670637133964E-1 0.44147802494103584E-1 0.44147802494103584E-1 14 14
AUDIT_SIGMA_NODE 133 0.13028715660907109 0.44138924060912861E-1 0.44138905099214767E-1 0.44139078466650397E-1 0.44139078466650397E-1 14 14
AUDIT_SIGMA_NODE 134 0.13754063294690261 0.44130312641742955E-1 0.44153316578989459E-1 0.44130453057599550E-1 0.44130453057599550E-1 15 15
AUDIT_SIGMA_NODE 135 0.14519793204326822 0.44121783808804813E-1 0.44122013058253445E-1 0.44121888772642004E-1 0.44121888772642004E-1 15 15
AUDIT_SIGMA_NODE 136 0.15328153592095534 0.44113326887696945E-1 0.44109859647399795E-1 0.44113394176826054E-1 0.44113394176826054E-1 15 15
AUDIT_SIGMA_NODE 137 0.16181517824431282 0.44104931212555779E-1 0.44105126327494325E-1 0.44104987194302954E-1 0.44104966514089225E-1 13 14
AUDIT_SIGMA_NODE 138 0.17082391400188937 0.44096549937110208E-1 0.44096687358837053E-1 0.44096622069284011E-1 0.44096622069284011E-1 14 14
AUDIT_SIGMA_NODE 139 0.18033419306850726 0.44088172429877247E-1 0.44088490174682381E-1 0.44088346899293925E-1 0.44088346899293925E-1 14 14
AUDIT_SIGMA_NODE 140 0.19037393786276344 0.44079856437808027E-1 0.44080228995018365E-1 0.44080239004789169E-1 0.44080141222066223E-1 12 15
AUDIT_SIGMA_NODE 141 0.20097262532794957 0.44071613676900386E-1 0.44072151405137309E-1 0.44072012913714258E-1 0.44071996458540673E-1 13 14
AUDIT_SIGMA_NODE 142 0.21216137347710265 0.44063455854690597E-1 0.44063742974367388E-1 0.44063929456760943E-1 0.44063929456760943E-1 14 14
AUDIT_SIGMA_NODE 143 0.22397303275627053 0.44055447943966090E-1 0.44056924111618191E-1 0.44055905610772016E-1 0.44055924627621673E-1 13 14
AUDIT_SIGMA_NODE 144 0.23644228249425173 0.44047555152177092E-1 0.44047335188189034E-1 0.44047965350334131E-1 0.44047965350334131E-1 15 15
AUDIT_SIGMA_NODE 145 0.24960573272197314 0.44039747219574883E-1 0.44040754120744499E-1 0.44040075247711946E-1 0.44040075247711946E-1 14 14
AUDIT_SIGMA_NODE 146 0.26350203166046637 0.44032015379093778E-1 0.44035358269880517E-1 0.44032238537394179E-1 0.44032231204967881E-1 13 14
AUDIT_SIGMA_NODE 147 0.27817197919301245 0.44024350870220767E-1 0.44024333819168981E-1 0.44024447749823316E-1 0.44024447749823316E-1 14 14
AUDIT_SIGMA_NODE 148 0.29365864665462893 0.44016806343642162E-1 0.44016804728345044E-1 0.44016711316468705E-1 0.44016695862853832E-1 13 14
AUDIT_SIGMA_NODE 149 0.31000750329059168 0.44009294699919245E-1 0.44008541708857873E-1 0.44008999651629882E-1 0.44008999651629882E-1 15 15
AUDIT_SIGMA_NODE 150 0.32726654975528313 0.44001789466897943E-1 0.44000936737583658E-1 0.44001332429657106E-1 0.44001325051772046E-1 13 14
AUDIT_SIGMA_NODE 151 0.34548645904332098 0.43994264550215129E-1 0.43993247140490514E-1 0.43993681627295826E-1 0.43993684820577909E-1 13 14
AUDIT_SIGMA_NODE 152 0.36472072526674548 0.43986646578219726E-1 0.43986019461887654E-1 0.43986050140977589E-1 0.43986069070723013E-1 13 14
AUDIT_SIGMA_NODE 153 0.38502582071507802 0.43978845732457666E-1 0.43979187990248886E-1 0.43978466077233540E-1 0.43978466077233540E-1 15 15
AUDIT_SIGMA_NODE 154 0.40646136165938374 0.43971006736227870E-1 0.43971338323848703E-1 0.43970866154463481E-1 0.43970866154463481E-1 14 14
AUDIT_SIGMA_NODE 155 0.42909028338714356 0.43963150417354234E-1 0.43963637584827998E-1 0.43963260650927309E-1 0.43963260650927309E-1 15 15
AUDIT_SIGMA_NODE 156 0.45297902498184123 0.43955297588834312E-1 0.43954431058164038E-1 0.43955643950427899E-1 0.43955643950427899E-1 15 15
AUDIT_SIGMA_NODE 157 0.47819772438978386 0.43947565444407186E-1 0.43947037310619858E-1 0.43948000344561103E-1 0.43948000344561103E-1 15 15
AUDIT_SIGMA_NODE 158 0.50482042434687691 0.43939931267402137E-1 0.43940189907384894E-1 0.43940323717934868E-1 0.43940323717934868E-1 15 15
AUDIT_SIGMA_NODE 159 0.53292528976995979 0.43932288803904103E-1 0.43932913564532786E-1 0.43932599052084249E-1 0.43932593590283273E-1 13 14
AUDIT_SIGMA_NODE 160 0.56259483725096759 0.43924611064857337E-1 0.43926023197654263E-1 0.43924796529359746E-1 0.43924796529359746E-1 14 14
AUDIT_SIGMA_NODE 161 0.59391617732772117 0.43916871080137587E-1 0.43917157786379162E-1 0.43916924410667649E-1 0.43916924410667649E-1 14 14
AUDIT_SIGMA_NODE 162 0.62698127024265904 0.43909123638692815E-1 0.43908418635619902E-1 0.43908949618187774E-1 0.43908949618187774E-1 14 14
AUDIT_SIGMA_NODE 163 0.66188719594041756 0.43901254874145562E-1 0.43899511779256599E-1 0.43900857923145957E-1 0.43900857923145957E-1 14 14
AUDIT_SIGMA_NODE 164 0.69873643909700078 0.43893192958180900E-1 0.43892445278556527E-1 0.43892619581936333E-1 0.43892629998223097E-1 13 14
AUDIT_SIGMA_NODE 165 0.73763719001735395 0.43884883631452209E-1 0.43885101627946094E-1 0.43884238537241771E-1 0.43884238537241771E-1 14 14
AUDIT_SIGMA_NODE 166 0.77870366228483523 0.43876235191124303E-1 0.43876337023355486E-1 0.43875648846739751E-1 0.43875665493062807E-1 13 14
AUDIT_SIGMA_NODE 167 0.82205642809515533 0.43866934663260082E-1 0.43866232694902571E-1 0.43866872899804468E-1 0.43866875984081496E-1 13 14
AUDIT_SIGMA_NODE 168 0.86782277225939175 0.43857330041127643E-1 0.43856934864726770E-1 0.43857843645142607E-1 0.43857843645142607E-1 14 14
AUDIT_SIGMA_NODE 169 0.91613706591538147 0.43847462762374695E-1 0.43848425401565548E-1 0.43848538614663500E-1 0.43848538614663500E-1 14 14
AUDIT_SIGMA_NODE 170 0.96714116104477776 0.43837374232781605E-1 0.43840039206012607E-1 0.43838903787879913E-1 0.43838920464742283E-1 13 14
AUDIT_SIGMA_NODE 171 1.0209848069540206 0.43827377216765530E-1 0.43829043363420445E-1 0.43828956995864345E-1 0.43828956995864345E-1 14 14
AUDIT_SIGMA_NODE 172 1.0778260899420851 0.43817599957134634E-1 0.43816930569890812E-1 0.43818589862474819E-1 0.43818589862474819E-1 14 14
AUDIT_SIGMA_NODE 173 1.1378318974458135 0.43807460006635858E-1 0.43806957589899290E-1 0.43807827042362857E-1 0.43807794015046204E-1 12 14
AUDIT_SIGMA_NODE 174 1.2011784080256487 0.43796807176508953E-1 0.43797061618838055E-1 0.43796487032471396E-1 0.43796503556886211E-1 13 14
AUDIT_SIGMA_NODE 175 1.2680516086302982 0.43785491439367157E-1 0.43785058833422777E-1 0.43784657962958447E-1 0.43784657962958447E-1 14 14
AUDIT_SIGMA_NODE 176 1.3386478406591171 0.43773017569942355E-1 0.43771266860739087E-1 0.43772230323588866E-1 0.43772211353073319E-1 13 14
AUDIT_SIGMA_NODE 177 1.4131743764253750 0.43759496668612591E-1 0.43758216492955228E-1 0.43759091617866369E-1 0.43759091617866369E-1 15 15
AUDIT_SIGMA_NODE 178 1.4918500277129969 0.43745102278944993E-1 0.43745362214926906E-1 0.43745216698033489E-1 0.43745216698033489E-1 14 14
AUDIT_SIGMA_NODE 179 1.5749057882134596 0.43729828291529875E-1 0.43731329650742334E-1 0.43730517436786624E-1 0.43730517436786624E-1 14 14
AUDIT_SIGMA_NODE 180 1.6625855117290822 0.43713668659479211E-1 0.43713363961660021E-1 0.43714891674137071E-1 0.43714891674137071E-1 14 14
AUDIT_SIGMA_NODE 181 1.7551466281339245 0.43697156647268115E-1 0.43697590397214228E-1 0.43698248025414242E-1 0.43698248025414242E-1 14 14
AUDIT_SIGMA_NODE 182 1.8528608991943734 0.43679632179590921E-1 0.43681341602739426E-1 0.43680479258646668E-1 0.43680479258646668E-1 14 14
AUDIT_SIGMA_NODE 183 1.9560152164685261 0.43660892233170726E-1 0.43662398327273567E-1 0.43661464953132050E-1 0.43661464953132050E-1 14 14
AUDIT_SIGMA_NODE 184 2.0649124436270219 0.43640770725460791E-1 0.43640450164742765E-1 0.43641078763743131E-1 0.43641078763743131E-1 14 14
AUDIT_SIGMA_NODE 185 2.1798723056683995 0.43619143941226048E-1 0.43619325680221241E-1 0.43619181840142129E-1 0.43619181840142129E-1 14 14
AUDIT_SIGMA_NODE 186 2.3012323276397346 0.43595941120998058E-1 0.43596692794789671E-1 0.43595601855041917E-1 0.43595609376836993E-1 13 14
AUDIT_SIGMA_NODE 187 2.4293488256186708 0.43570797666759697E-1 0.43570377389430821E-1 0.43570195065525598E-1 0.43570195065525598E-1 14 14
AUDIT_SIGMA_NODE 188 2.5645979528663876 0.43543497569609124E-1 0.43541669589496075E-1 0.43542751916440268E-1 0.43542751916440268E-1 14 14
AUDIT_SIGMA_NODE 189 2.7073768042230371 0.43513825670381243E-1 0.43513666332379700E-1 0.43513071606231607E-1 0.43513071606231607E-1 14 14
AUDIT_SIGMA_NODE 190 2.8581045819881870 0.43481736192786689E-1 0.43481906736138033E-1 0.43480927031570492E-1 0.43480927212999940E-1 13 14
AUDIT_SIGMA_NODE 191 3.0172238267093148 0.43446973543071518E-1 0.43444213272102392E-1 0.43446075890309736E-1 0.43446075890309736E-1 14 14
AUDIT_SIGMA_NODE 192 3.1852017164919926 0.43409061111812530E-1 0.43408071420902021E-1 0.43408237551618947E-1 0.43408237551618947E-1 14 14
AUDIT_SIGMA_NODE 193 3.3625314386465548 0.43367696272867108E-1 0.43367977106406559E-1 0.43367112857924897E-1 0.43367112857924897E-1 14 14
AUDIT_SIGMA_NODE 194 3.5497336376984547 0.43322578362578808E-1 0.43322714929560878E-1 0.43322377160430213E-1 0.43322377160430213E-1 14 14
AUDIT_SIGMA_NODE 195 3.7473579440136682 0.43273980519227477E-1 0.43272733273431438E-1 0.43273667690877655E-1 0.43273667690877655E-1 14 14
AUDIT_SIGMA_NODE 196 3.9559845875273214 0.43221048595874209E-1 0.43222274696950162E-1 0.43220592507916447E-1 0.43220592507916447E-1 14 14
AUDIT_SIGMA_NODE 197 4.1762261013133131 0.43163112667596260E-1 0.43163663743069958E-1 0.43162717555509197E-1 0.43162717555509197E-1 14 14
AUDIT_SIGMA_NODE 198 4.4087291199968961 0.43099680225322602E-1 0.43097950862437943E-1 0.43099571010246147E-1 0.43099571010246147E-1 14 14
AUDIT_SIGMA_NODE 199 4.6541762782901630 0.43030312433976731E-1 0.43030904382485510E-1 0.43030637469154157E-1 0.43030637554651155E-1 13 14
AUDIT_SIGMA_NODE 200 4.9132882152247248 0.42955351795799485E-1 0.42956112780874377E-1 0.42955354892269940E-1 0.42955354892269940E-1 14 14
AUDIT_SIGMA_NODE 201 5.1868256899660974 0.42873172086228740E-1 0.42872253163586373E-1 0.42873107708661914E-1 0.42873107708661914E-1 14 14
AUDIT_SIGMA_NODE 202 5.4755918154216641 0.42783045651879167E-1 0.42782722710587091E-1 0.42783227554065321E-1 0.42783227554065321E-1 14 14
AUDIT_SIGMA_NODE 203 5.7804344162004719 0.42684255467739678E-1 0.42686033246464368E-1 0.42684981616092507E-1 0.42684984368283482E-1 13 14
AUDIT_SIGMA_NODE 204 6.1022485178475101 0.42576610798291357E-1 0.42577232538216783E-1 0.42577585851655463E-1 0.42577584452767540E-1 13 14
AUDIT_SIGMA_NODE 205 6.4419789746613381 0.42459800018556780E-1 0.42459190503759715E-1 0.42460172740088994E-1 0.42460175571804912E-1 13 14
AUDIT_SIGMA_NODE 206 6.8006232438099588 0.42331684534148380E-1 0.42333304733443898E-1 0.42331820426849562E-1 0.42331820482937724E-1 13 14
AUDIT_SIGMA_NODE 207 7.1792343138902783 0.42191189389593924E-1 0.42188369364851042E-1 0.42191518802371916E-1 0.42191516186600893E-1 13 14
AUDIT_SIGMA_NODE 208 7.5789237965289944 0.42037265523107756E-1 0.42036991923784697E-1 0.42038180132890943E-1 0.42038181670658557E-1 13 14
AUDIT_SIGMA_NODE 209 8.0008651901024255 0.41870235431327091E-1 0.41871316684048601E-1 0.41870644786273399E-1 0.41870647580183488E-1 13 14
AUDIT_SIGMA_NODE 210 8.4462973251571505 0.41688271604718455E-1 0.41688160492830396E-1 0.41687663460076255E-1 0.41687664214244136E-1 13 14
AUDIT_SIGMA_NODE 211 8.9165280016477055 0.41488939377632671E-1 0.41486679686308946E-1 0.41487897613810866E-1 0.41487892742262437E-1 13 14
AUDIT_SIGMA_NODE 212 9.4129378286701950 0.41270744475640275E-1 0.41269774009689203E-1 0.41269911934785387E-1 0.41269911465920191E-1 13 14
AUDIT_SIGMA_NODE 213 9.9369842779652977 0.41032253778841878E-1 0.41033660449296204E-1 0.41032201499525078E-1 0.41032205095016733E-1 13 14
AUDIT_SIGMA_NODE 214 10.490205963091910 0.40774464829684040E-1 0.40772610392864117E-1 0.40773174141487484E-1 0.40773175511051751E-1 13 14
AUDIT_SIGMA_NODE 215 11.074227156835310 0.40493361889038133E-1 0.40490464825665935E-1 0.40491146084478673E-1 0.40491144942809025E-1 13 14
AUDIT_SIGMA_NODE 216 11.690762560112963 0.40186691770024006E-1 0.40185149086342672E-1 0.40184363940545260E-1 0.40184360038560712E-1 13 14
AUDIT_SIGMA_NODE 217 12.341622336379523 0.39852646102753693E-1 0.39850784428376161E-1 0.39851009683017212E-1 0.39851011130590613E-1 13 14
AUDIT_SIGMA_NODE 218 13.028717426312197 0.39490009386192730E-1 0.39489098645491917E-1 0.39489236731896561E-1 0.39489242060716197E-1 13 14
AUDIT_SIGMA_NODE 219 13.754065158380707 0.39098959816002248E-1 0.39097012381260503E-1 0.39097168789273259E-1 0.39097166618823224E-1 13 14
AUDIT_SIGMA_NODE 220 14.519795171774499 0.38675036864330783E-1 0.38673101826492910E-1 0.38672901700852573E-1 0.38672901700852573E-1 14 14
AUDIT_SIGMA_NODE 221 15.328155669076917 0.38216333380679181E-1 0.38214309914665477E-1 0.38214592770217541E-1 0.38214595052130283E-1 13 14
AUDIT_SIGMA_NODE 222 16.181520017044480 0.37721176272161934E-1 0.37720345268802948E-1 0.37720472156846985E-1 0.37720456595400693E-1 12 14
AUDIT_SIGMA_NODE 223 17.082393714871440 0.37188942117121745E-1 0.37189121072576166E-1 0.37188795344549032E-1 0.37188803644959807E-1 12 14
AUDIT_SIGMA_NODE 224 18.033421750398539 0.36618452898499271E-1 0.36617755530593148E-1 0.36618107481026084E-1 0.36618107284922694E-1 12 14
AUDIT_SIGMA_NODE 225 19.037396365863827 0.36007368227445803E-1 0.36007261578687881E-1 0.36007046475729734E-1 0.36007047295771491E-1 13 14
AUDIT_SIGMA_NODE 226 20.097265255995804 0.35354722657465837E-1 0.35354525208358752E-1 0.35354576173609605E-1 0.35354571856455547E-1 12 14
AUDIT_SIGMA_NODE 227 21.216140222519812 0.34659923618238116E-1 0.34660005301229355E-1 0.34659962817901631E-1 0.34659962442966014E-1 13 14
AUDIT_SIGMA_NODE 228 22.397306310485860 0.33921721159612589E-1 0.33922814826387537E-1 0.33922898742082208E-1 0.33922898742082208E-1 14 14
AUDIT_SIGMA_NODE 229 23.644231453243719 0.33141292550388446E-1 0.33143429284797354E-1 0.33143526252083659E-1 0.33143523214724080E-1 12 14
AUDIT_SIGMA_NODE 230 24.960576654382042 0.32320072246226135E-1 0.32322574588849164E-1 0.32322505475281954E-1 0.32322506154824827E-1 12 14
AUDIT_SIGMA_NODE 231 26.350206736527657 0.31459450580566421E-1 0.31461003383596767E-1 0.31461102919229239E-1 0.31461103875195892E-1 12 14
AUDIT_SIGMA_NODE 232 27.817201688561603 0.30561205918348742E-1 0.30561219372255751E-1 0.30561201611837570E-1 0.30561197654196053E-1 12 14
AUDIT_SIGMA_NODE 233 29.365868644569371 0.29622992491911828E-1 0.29625315274185181E-1 0.29625340419477800E-1 0.29625339594992948E-1 13 14
AUDIT_SIGMA_NODE 234 31.000754529694390 0.28653346489860919E-1 0.28656809038225119E-1 0.28656758911608411E-1 0.28656759127599522E-1 13 14
AUDIT_SIGMA_NODE 235 32.726659410025441 0.27656260740223489E-1 0.27659302012343196E-1 0.27659355707759917E-1 0.27659355396208913E-1 13 14
AUDIT_SIGMA_NODE 236 34.548650585710931 0.26635850881933359E-1 0.26637550639717955E-1 0.26637629051426606E-1 0.26637627120779751E-1 12 14
AUDIT_SIGMA_NODE 237 36.472077468679892 0.25596033689488804E-1 0.25596467975122411E-1 0.25596464601934456E-1 0.25596463123043759E-1 12 14
AUDIT_SIGMA_NODE 238 38.502587288649345 0.24540752399576028E-1 0.24540828851387291E-1 0.24540823344892739E-1 0.24540824031655927E-1 12 14
AUDIT_SIGMA_NODE 239 40.646141673533769 0.23475495443106027E-1 0.23475480750676087E-1 0.23475473836915051E-1 0.23475472728953596E-1 12 14
AUDIT_SIGMA_NODE 240 42.909034152934034 0.22404846018978353E-1 0.22404870861614530E-1 0.22404896085045544E-1 0.22404896123765328E-1 12 14
AUDIT_SIGMA_NODE 241 45.297908636098988 0.21333301715803259E-1 0.21333390799294295E-1 0.21333365231989195E-1 0.21333366389653684E-1 12 14
AUDIT_SIGMA_NODE 242 47.819778918609309 0.20263413139742104E-1 0.20265063672791576E-1 0.20265056261525409E-1 0.20265055768065740E-1 12 14
AUDIT_SIGMA_NODE 243 50.482049275059026 0.19200466461549846E-1 0.19204147172529367E-1 0.19204145915528645E-1 0.19204146493727543E-1 12 14
AUDIT_SIGMA_NODE 244 53.292536198191335 0.18150800296599823E-1 0.18154876054661130E-1 0.18154898201582923E-1 0.18154898122297512E-1 12 14
AUDIT_SIGMA_NODE 245 56.259491348317759 0.17118771938723392E-1 0.17121653850745648E-1 0.17121654953881942E-1 0.17121655634164276E-1 12 14
AUDIT_SIGMA_NODE 246 59.391625780400609 0.16108320922428997E-1 0.16108794477258933E-1 0.16108791521603206E-1 0.16108790348713736E-1 12 14
AUDIT_SIGMA_NODE 247 62.698135519929821 0.15119346422590507E-1 0.15120594553384638E-1 0.15120578571259461E-1 0.15120578755474857E-1 12 14
AUDIT_SIGMA_NODE 248 66.188728562684901 0.14159215226344552E-1 0.14161049150427095E-1 0.14161055532344298E-1 0.14161055601375400E-1 12 14
AUDIT_SIGMA_NODE 249 69.873653377654449 0.13232253967327709E-1 0.13233861381482966E-1 0.13233869207148545E-1 0.13233869268179845E-1 12 14
AUDIT_SIGMA_NODE 250 73.763728996799145 0.12341267409766510E-1 0.12342121712648590E-1 0.12342127808146268E-1 0.12342127900677385E-1 12 14
AUDIT_SIGMA_NODE 251 77.870376780002246 0.11488328440132615E-1 0.11488314505270839E-1 0.11488296607818037E-1 0.11488296726138493E-1 12 14
AUDIT_SIGMA_NODE 252 82.205653948469106 0.10674498115950469E-1 0.10674220707269538E-1 0.10674216110040739E-1 0.10674215981446642E-1 12 14
AUDIT_SIGMA_NODE 253 86.782288985031656 0.99016175527356851E-2 0.99011629128476723E-2 0.99011521638443754E-2 0.99011517388427200E-2 12 14
AUDIT_SIGMA_NODE 254 91.613719005294541 0.91702936715427827E-2 0.91698185432702688E-2 0.91698207488665699E-2 0.91698210323059842E-2 12 14
AUDIT_SIGMA_NODE 255 96.714129209344947 0.84806493143961999E-2 0.84804002460884507E-2 0.84804044057104344E-2 0.84804044083340909E-2 12 14
AUDIT_SIGMA_NODE 256 102.09849452985669 0.78327735610192149E-2 0.78325623171157464E-2 0.78325668330105989E-2 0.78325668666543169E-2 12 14
AUDIT_SIGMA_TABLE 1 0.99999997473787462E-4 0.45736372392137369E-1 0.45736372392137369E-1 0.45736372392137369E-1 0.45737026319084717E-1 13 17
AUDIT_SIGMA_TABLE 2 0.12915496329054870E-3 0.45667004352886488E-1 0.45667004352886488E-1 0.45667004352886488E-1 0.45665349133528162E-1 13 17
AUDIT_SIGMA_TABLE 3 0.16681004963980654E-3 0.45594095391652600E-1 0.45594095391652600E-1 0.45594095391652600E-1 0.45594867233884395E-1 13 16
AUDIT_SIGMA_TABLE 4 0.21544346381979803E-3 0.45524837508667045E-1 0.45524837508667045E-1 0.45524837508667045E-1 0.45525623255749402E-1 13 17
AUDIT_SIGMA_TABLE 5 0.27825593363768305E-3 0.45456829831439179E-1 0.45456829831439172E-1 0.45456829831439172E-1 0.45457524836337075E-1 12 16
AUDIT_SIGMA_TABLE 6 0.35938135802226036E-3 0.45390066664268147E-1 0.45390066664268154E-1 0.45390066664268154E-1 0.45390548060838934E-1 12 16
AUDIT_SIGMA_TABLE 7 0.46415887275236549E-3 0.45325152638637921E-1 0.45325152638637921E-1 0.45325152638637921E-1 0.45324735617579999E-1 12 16
AUDIT_SIGMA_TABLE 8 0.59948423685738880E-3 0.45260684960337833E-1 0.45260684960337833E-1 0.45260684960337833E-1 0.45260011697100026E-1 12 15
AUDIT_INTEGRATION_STEP 0.77426366560533243E-3 0.0000000000000000 5 1 0.0000000000000000 0.0000000000000000
AUDIT_INTEGRATION_STEP 0.77426366560533243E-3 0.0000000000000000 5 2 0.75075058283723206E-2 0.0000000000000000
AUDIT_INTEGRATION_STEP 0.77426366560533243E-3 0.0000000000000000 5 3 0.66812823159272221E-2 0.75075058283723206E-2
AUDIT_INTEGRATION_STEP 0.77426366560533243E-3 0.0000000000000000 5 4 0.69747567807192760E-2 0.66812823159272221E-2
AUDIT_INTEGRATION_STEP 0.77426366560533243E-3 0.0000000000000000 5 5 0.17592806572325047E-1 0.69747567807192760E-2
AUDIT_INTEGRATION_STEP 0.77426366560533243E-3 0.0000000000000000 5 6 0.24572903969618456 0.17592806572325047E-1
AUDIT_INTEGRATION_STEP 0.77426366560533243E-3 0.0000000000000000 5 7 0.78779426404606057E-1 0.24572903969618456
AUDIT_INTEGRATION_STEP 0.77426366560533243E-3 0.0000000000000000 5 8 0.10679554608405319 0.78779426404606057E-1
AUDIT_INTEGRATION_STEP 0.77426366560533243E-3 0.0000000000000000 5 9 0.11040099736173710 0.10679554608405319
AUDIT_INTEGRATION_STEP 0.77426366560533243E-3 0.0000000000000000 5 10 0.10906749695697866 0.11040099736173710
AUDIT_INTEGRATION_STEP 0.77426366560533243E-3 0.0000000000000000 5 11 0.10923250799368550 0.10906749695697866
AUDIT_INTEGRATION_STEP 0.77426366560533243E-3 0.0000000000000000 5 12 0.10921706309737589 0.10923250799368550
AUDIT_INTEGRATION_STEP 0.77426366560533243E-3 0.0000000000000000 5 13 0.10921478510299658 0.10921706309737589
AUDIT_INTEGRATION_STEP 0.77426366560533243E-3 0.0000000000000000 14 1 0.0000000000000000 0.0000000000000000
AUDIT_INTEGRATION_STEP 0.77426366560533243E-3 0.0000000000000000 14 2 0.75075058283723206E-2 0.0000000000000000
AUDIT_INTEGRATION_STEP 0.77426366560533243E-3 0.0000000000000000 14 3 0.66812823159272221E-2 0.75075058283723206E-2
AUDIT_INTEGRATION_STEP 0.77426366560533243E-3 0.0000000000000000 14 4 0.69747567807192760E-2 0.66812823159272221E-2
AUDIT_INTEGRATION_STEP 0.77426366560533243E-3 0.0000000000000000 14 5 0.17592806572325047E-1 0.69747567807192760E-2
AUDIT_INTEGRATION_STEP 0.77426366560533243E-3 0.0000000000000000 14 6 0.24572903969618456 0.17592806572325047E-1
AUDIT_INTEGRATION_STEP 0.77426366560533243E-3 0.0000000000000000 14 7 0.78779426404606057E-1 0.24572903969618456
AUDIT_INTEGRATION_STEP 0.77426366560533243E-3 0.0000000000000000 14 8 0.10679554608405319 0.78779426404606057E-1
AUDIT_INTEGRATION_STEP 0.77426366560533243E-3 0.0000000000000000 14 9 0.11040099736173710 0.10679554608405319
AUDIT_INTEGRATION_STEP 0.77426366560533243E-3 0.0000000000000000 14 10 0.10906749695697866 0.11040099736173710
AUDIT_INTEGRATION_STEP 0.77426366560533243E-3 0.0000000000000000 14 11 0.10923250799368550 0.10906749695697866
AUDIT_INTEGRATION_STEP 0.77426366560533243E-3 0.0000000000000000 14 12 0.10921706309737589 0.10923250799368550
AUDIT_INTEGRATION_STEP 0.77426366560533243E-3 0.0000000000000000 14 13 0.10921478510299658 0.10921706309737589
AUDIT_INTEGRATION_STEP 0.77426366560533243E-3 0.0000000000000000 14 14 0.10921768404921285 0.10921478510299658
AUDIT_INTEGRATION_STEP 0.77426366560533243E-3 0.0000000000000000 14 15 0.10921656573029430 0.10921768404921285
AUDIT_INTEGRATION_STEP 0.77426366560533243E-3 0.0000000000000000 14 16 0.10921683009027820 0.10921656573029430
AUDIT_INTEGRATION_STEP 0.77426366560533243E-3 0.0000000000000000 14 17 0.10921676826731043 0.10921683009027820
AUDIT_SIGMA_TABLE 9 0.77426366560533243E-3 0.45196003142806557E-1 0.45196003142806550E-1 0.45196003142806550E-1 0.45196413484197555E-1 13 17
AUDIT_SIGMA_TABLE 10 0.99999997834674878E-3 0.45133018613786005E-1 0.45133018613786005E-1 0.45133018613786005E-1 0.45133890763978203E-1 12 16
AUDIT_SIGMA_TABLE 11 0.12915496375665296E-2 0.45071443944008527E-1 0.45071443944008527E-1 0.45071443944008527E-1 0.45072415016199033E-1 11 16
AUDIT_SIGMA_TABLE 12 0.16681005024180304E-2 0.45011263187356217E-1 0.45011263187356217E-1 0.45011263187356217E-1 0.45011995625467573E-1 12 16
AUDIT_SIGMA_TABLE 13 0.21544346459730643E-2 0.44951538745801267E-1 0.44951538745801267E-1 0.44951538745801267E-1 0.44952607210984076E-1 12 15
AUDIT_SIGMA_TABLE 14 0.27825593464187396E-2 0.44892166188616620E-1 0.44892166188616620E-1 0.44892166188616620E-1 0.44894238341593756E-1 11 15
AUDIT_SIGMA_TABLE 15 0.35938135931922284E-2 0.44835926632373430E-1 0.44835926632373430E-1 0.44835926632373430E-1 0.44836863407691580E-1 12 17
AUDIT_SIGMA_TABLE 16 0.46415887442745694E-2 0.44780870803443777E-1 0.44780870803443777E-1 0.44780870803443777E-1 0.44780485760447790E-1 12 15
AUDIT_SIGMA_TABLE 17 0.59948423902085263E-2 0.44724619774461356E-1 0.44724619774461356E-1 0.44724619774461356E-1 0.44725058797537944E-1 11 16
AUDIT_SIGMA_TABLE 18 0.77426366839955336E-2 0.44669641988709319E-1 0.44669641988709312E-1 0.44669641988709312E-1 0.44670592077290606E-1 11 15
AUDIT_SIGMA_TABLE 19 0.99999998195562396E-2 0.44616432769299059E-1 0.44616432769299059E-1 0.44616432769299059E-1 0.44617094455791872E-1 11 14
AUDIT_SIGMA_TABLE 20 0.12915496422275711E-1 0.44564165968615121E-1 0.44564165968615115E-1 0.44564165968615115E-1 0.44564560381926042E-1 12 15
AUDIT_INTEGRATION_STEP 0.16681005084379971E-1 0.0000000000000000 5 1 0.0000000000000000 0.0000000000000000
AUDIT_INTEGRATION_STEP 0.16681005084379971E-1 0.0000000000000000 5 2 0.59986796530698905E-2 0.0000000000000000
AUDIT_INTEGRATION_STEP 0.16681005084379971E-1 0.0000000000000000 5 3 0.44081625850618420E-2 0.59986796530698905E-2
AUDIT_INTEGRATION_STEP 0.16681005084379971E-1 0.0000000000000000 5 4 0.34274027349273754E-1 0.44081625850618420E-2
AUDIT_INTEGRATION_STEP 0.16681005084379971E-1 0.0000000000000000 5 5 0.34274368096193927E-1 0.34274027349273754E-1
AUDIT_INTEGRATION_STEP 0.16681005084379971E-1 0.0000000000000000 14 1 0.0000000000000000 0.0000000000000000
AUDIT_INTEGRATION_STEP 0.16681005084379971E-1 0.0000000000000000 14 2 0.59986796530698905E-2 0.0000000000000000
AUDIT_INTEGRATION_STEP 0.16681005084379971E-1 0.0000000000000000 14 3 0.44081625850618420E-2 0.59986796530698905E-2
AUDIT_INTEGRATION_STEP 0.16681005084379971E-1 0.0000000000000000 14 4 0.34274027349273754E-1 0.44081625850618420E-2
AUDIT_INTEGRATION_STEP 0.16681005084379971E-1 0.0000000000000000 14 5 0.34274368096193927E-1 0.34274027349273754E-1
AUDIT_INTEGRATION_STEP 0.16681005084379971E-1 0.0000000000000000 14 6 0.13285915189459283 0.34274368096193927E-1
AUDIT_INTEGRATION_STEP 0.16681005084379971E-1 0.0000000000000000 14 7 0.10692112103893341 0.13285915189459283
AUDIT_INTEGRATION_STEP 0.16681005084379971E-1 0.0000000000000000 14 8 0.10527440050864260 0.10692112103893341
AUDIT_INTEGRATION_STEP 0.16681005084379971E-1 0.0000000000000000 14 9 0.10597676796616011 0.10527440050864260
AUDIT_INTEGRATION_STEP 0.16681005084379971E-1 0.0000000000000000 14 10 0.10593971071902586 0.10597676796616011
AUDIT_INTEGRATION_STEP 0.16681005084379971E-1 0.0000000000000000 14 11 0.10593278123653692 0.10593971071902586
AUDIT_INTEGRATION_STEP 0.16681005084379971E-1 0.0000000000000000 14 12 0.10594063916481504 0.10593278123653692
AUDIT_INTEGRATION_STEP 0.16681005084379971E-1 0.0000000000000000 14 13 0.10593921615297752 0.10594063916481504
AUDIT_INTEGRATION_STEP 0.16681005084379971E-1 0.0000000000000000 14 14 0.10593855184316266 0.10593921615297752
AUDIT_INTEGRATION_STEP 0.16681005084379971E-1 0.0000000000000000 14 15 0.10593860663829328 0.10593855184316266
AUDIT_SIGMA_TABLE 21 0.16681005084379971E-1 0.25318853781241921E-1 0.25318853781241917E-1 0.25318853781241917E-1 0.44512956508347724E-1 5 15
AUDIT_SIGMA_TABLE 22 0.21544346537481499E-1 0.44453915626332878E-1 0.44453915626332878E-1 0.44453915626332878E-1 0.44462340237223417E-1 9 16
AUDIT_SIGMA_TABLE 23 0.27825593564606493E-1 0.44413343039810253E-1 0.44413343039810246E-1 0.44413343039810246E-1 0.44412718531135154E-1 11 14
AUDIT_SIGMA_TABLE 24 0.35938136061618497E-1 0.44364151928106173E-1 0.44364151928106173E-1 0.44364151928106173E-1 0.44364159833511975E-1 11 14
AUDIT_SIGMA_TABLE 25 0.46415887610254794E-1 0.44316174432834803E-1 0.44316174432834796E-1 0.44316174432834796E-1 0.44316739855638471E-1 11 15
AUDIT_SIGMA_TABLE 26 0.59948424118431647E-1 0.44270921452420307E-1 0.44270921452420307E-1 0.44270921452420307E-1 0.44270544529268541E-1 11 15
AUDIT_SIGMA_TABLE 27 0.77426367119377434E-1 0.44225395516721375E-1 0.44225395516721375E-1 0.44225395516721375E-1 0.44225699195982043E-1 11 15
AUDIT_SIGMA_TABLE 28 0.99999998556450004E-1 0.44182515122240404E-1 0.44182515122240404E-1 0.44182515122240404E-1 0.44182316068209389E-1 11 14
AUDIT_SIGMA_TABLE 29 0.12915496468886115 0.44140319772036203E-1 0.44140319772036203E-1 0.44140319772036203E-1 0.44140489005207610E-1 10 14
AUDIT_SIGMA_TABLE 30 0.16681005144579622 0.44100243022627668E-1 0.44100243022627668E-1 0.44100243022627668E-1 0.44100277165747416E-1 11 14
AUDIT_SIGMA_TABLE 31 0.21544346615232376 0.44061161415478119E-1 0.44061161415478119E-1 0.44061161415478119E-1 0.44061652267848368E-1 10 14
AUDIT_SIGMA_TABLE 32 0.27825593665025589 0.44024308351233651E-1 0.44024308351233651E-1 0.44024308351233651E-1 0.44024402568261331E-1 11 14
AUDIT_SIGMA_TABLE 33 0.35938136191314779 0.43988760691375667E-1 0.43988760691375674E-1 0.43988760691375674E-1 0.43988146367164346E-1 10 14
AUDIT_SIGMA_TABLE 34 0.46415887777763981 0.43951770385780582E-1 0.43951770385780582E-1 0.43951770385780582E-1 0.43952213057593267E-1 10 14
AUDIT_SIGMA_TABLE 35 0.59948424334777972 0.43915529720126953E-1 0.43915529720126953E-1 0.43915529720126953E-1 0.43915555715057938E-1 9 14
AUDIT_SIGMA_TABLE 36 0.77426367398799600 0.43877197345636471E-1 0.43877197345636471E-1 0.43877197345636471E-1 0.43876576608454440E-1 10 15
AUDIT_SIGMA_TABLE 37 0.99999998917337340 0.43831060532816490E-1 0.43831060532816490E-1 0.43831060532816490E-1 0.43832816420022916E-1 9 15
AUDIT_SIGMA_TABLE 38 1.2915496515496530 0.43781479597130323E-1 0.43781479597130323E-1 0.43781479597130323E-1 0.43780514283917910E-1 10 15
AUDIT_SIGMA_TABLE 39 1.6681005204779316 0.43712652052733302E-1 0.43712652052733295E-1 0.43712652052733295E-1 0.43713902474291043E-1 9 14
AUDIT_SIGMA_TABLE 40 2.1544346692983196 0.43623936236006092E-1 0.43623936236006092E-1 0.43623936236006092E-1 0.43624057317971150E-1 10 14
AUDIT_SIGMA_TABLE 41 2.7825593765444681 0.43497853687732839E-1 0.43497853687732832E-1 0.43497853687732832E-1 0.43497147144177940E-1 10 14
AUDIT_SIGMA_TABLE 42 3.5938136321010994 0.43311745045069822E-1 0.43311745045069815E-1 0.43311745045069815E-1 0.43311645066689955E-1 9 14
AUDIT_SIGMA_TABLE 43 4.6415887945273084 0.43033883223130620E-1 0.43033883223130613E-1 0.43033883223130613E-1 0.43034229979553543E-1 10 14
AUDIT_SIGMA_TABLE 44 5.9948424551124404 0.42612622145699830E-1 0.42612622145699837E-1 0.42612622145699837E-1 0.42613846635164876E-1 10 14
AUDIT_SIGMA_TABLE 45 7.7426367678221633 0.41972630986726017E-1 0.41972630986726017E-1 0.41972630986726017E-1 0.41973859993135416E-1 10 14
AUDIT_SIGMA_TABLE 46 9.9999999278224934 0.41003041197232644E-1 0.41003041197232644E-1 0.41003041197232644E-1 0.41003111603442312E-1 9 14
AUDIT_SIGMA_TABLE 47 12.915496562106934 0.39550072446132720E-1 0.39550072446132720E-1 0.39550072446132720E-1 0.39549522323271448E-1 9 14
AUDIT_SIGMA_TABLE 48 16.681005264978968 0.37426824440642562E-1 0.37426824440642562E-1 0.37426824440642562E-1 0.37426856051036406E-1 9 14
AUDIT_SIGMA_TABLE 49 21.544346770734034 0.34455353611902377E-1 0.34455353611902377E-1 0.34455353611902377E-1 0.34455431813546301E-1 9 14
AUDIT_SIGMA_TABLE 50 27.825593865863752 0.30556103391145711E-1 0.30556103391145711E-1 0.30556103391145711E-1 0.30556084291455503E-1 9 14
AUDIT_SIGMA_TABLE 51 35.938136450707276 0.25880957977393527E-1 0.25880957977393527E-1 0.25880957977393527E-1 0.25881518338467923E-1 8 14
AUDIT_SIGMA_TABLE 52 46.415888112782191 0.20851973431081486E-1 0.20851973431081486E-1 0.20851973431081486E-1 0.20851966760439232E-1 9 14
AUDIT_SIGMA_TABLE 53 59.948424767470733 0.15936728480182367E-1 0.15936728480182367E-1 0.15936728480182367E-1 0.15936713995065414E-1 9 14
AUDIT_SIGMA_TABLE 54 77.426367957643663 0.11576570554976465E-1 0.11576570554976462E-1 0.11576570554976462E-1 0.11576564129966911E-1 9 14
AUDIT_SIGMA_TABLE 55 99.999999639112545 0.80760233102221690E-2 0.80760233102221690E-2 0.80760233102221690E-2 0.80760242844663509E-2 10 14
AUDIT_SIGMA_TABLE 56 129.15496608717359 0.54771456737549885E-2 0.54771456737549894E-2 0.54771456737549894E-2 0.54771466339897162E-2 10 14
AUDIT_SIGMA_TABLE 57 166.81005325178620 0.36421132093593643E-2 0.36421132093593643E-2 0.36421132093593643E-2 0.36421126529663358E-2 10 14
AUDIT_SIGMA_TABLE 58 215.44346848484952 0.23879308899475275E-2 0.23879308899475270E-2 0.23879308899475270E-2 0.23879298385274346E-2 10 14
AUDIT_SIGMA_TABLE 59 278.25593966282821 0.15492560713541836E-2 0.15492560713541831E-2 0.15492560713541831E-2 0.15492552821964882E-2 10 14
AUDIT_SIGMA_TABLE 60 359.38136580403494 0.99703834748555184E-3 0.99703834748555206E-3 0.99703834748555206E-3 0.99702825584185297E-3 10 14
AUDIT_SIGMA_TABLE 61 464.15888280291466 0.63759767090705880E-3 0.63759767090705859E-3 0.63759767090705859E-3 0.63755301629367085E-3 10 14
AUDIT_SIGMA_TABLE 62 599.48424983817063 0.40558659334048773E-3 0.40558659334048763E-3 0.40558659334048763E-3 0.40558663478807100E-3 12 14
AUDIT_SIGMA_TABLE 63 774.26368237065822 0.25692686350644201E-3 0.25692686350644201E-3 0.25692686350644201E-3 0.25692699655262648E-3 12 14
AUDIT_SIGMA_TABLE 64 999.99999999999977 0.16218168561803377E-3 0.16218168561803379E-3 0.16218168561803379E-3 0.16218168352109287E-3 13 14
