[camb] `camb` module loaded successfully from /mnt/8tb/six-birds-ml/tmp/neutrino_CAMB204_sigma_probe_20261005/source_v3/camb
 AUDIT_NEGATIVE_HALO_BASE  0.71590930908396533        1.2889334357168983E-005  -7.6451290422500535E-081   1.7728578091704033E-015  0.50000000000000000     
AUDIT_SIGMA_NODE 1 0.11788069183020226E-3 0.88784437473336142E-1 0.88778831869551822E-1 0.88778926856014059E-1 0.88778926856014059E-1 18 18
AUDIT_SIGMA_NODE 2 0.12444346310506508E-3 0.88783186572405651E-1 0.88779866322627382E-1 0.88778295542099525E-1 0.88778295542099525E-1 18 18
AUDIT_SIGMA_NODE 3 0.13137160351831234E-3 0.88781324310286541E-1 0.88776931584420252E-1 0.88777667582816841E-1 0.88777667582816841E-1 18 18
AUDIT_SIGMA_NODE 4 0.13868545426449325E-3 0.88779063502675476E-1 0.88776604644436569E-1 0.88777046633575774E-1 0.88777046633575774E-1 17 17
AUDIT_SIGMA_NODE 5 0.14640648899339804E-3 0.88776616951382767E-1 0.88778378372084646E-1 0.88776420458538299E-1 0.88776420458538299E-1 18 18
AUDIT_SIGMA_NODE 6 0.15455737685723408E-3 0.88774197437330352E-1 0.88779725297139386E-1 0.88775794555945628E-1 0.88775794555945628E-1 18 18
AUDIT_SIGMA_NODE 7 0.16316204906782693E-3 0.88772017718649662E-1 0.88775463826493109E-1 0.88775174767092013E-1 0.88775174767092013E-1 18 18
AUDIT_SIGMA_NODE 8 0.17224576915926044E-3 0.88771056420375083E-1 0.88774719381111714E-1 0.88774556466874474E-1 0.88774556466874474E-1 18 18
AUDIT_SIGMA_NODE 9 0.18183520716224833E-3 0.88771083555691563E-1 0.88773266994307112E-1 0.88773946526975109E-1 0.88773946526975109E-1 18 18
AUDIT_SIGMA_NODE 10 0.19195851790801527E-3 0.88771425597475431E-1 0.88775135551392409E-1 0.88773318695687248E-1 0.88773318695687248E-1 17 17
AUDIT_SIGMA_NODE 11 0.20264542369158986E-3 0.88771941573519558E-1 0.88771716371686793E-1 0.88772719324676910E-1 0.88772719324676910E-1 16 16
AUDIT_SIGMA_NODE 12 0.21392730153721031E-3 0.88772490510137511E-1 0.88772600464306656E-1 0.88772114230058999E-1 0.88772114230058999E-1 17 17
AUDIT_SIGMA_NODE 13 0.22583727532205714E-3 0.88772558963528939E-1 0.88771457007595769E-1 0.88771501659015303E-1 0.88771501659015303E-1 17 17
AUDIT_SIGMA_NODE 14 0.23841031302878994E-3 0.88772424412221621E-1 0.88772980451658656E-1 0.88770906721086978E-1 0.88770906721086978E-1 17 17
AUDIT_SIGMA_NODE 15 0.25168332941242404E-3 0.88772122910591639E-1 0.88768101414498840E-1 0.88770283777057452E-1 0.88770283777057452E-1 17 17
AUDIT_SIGMA_NODE 16 0.26569529438297994E-3 0.88771632769066924E-1 0.88773756918688496E-1 0.88769742198967785E-1 0.88769742198967785E-1 16 16
AUDIT_SIGMA_NODE 17 0.28048734742211966E-3 0.88770884445588116E-1 0.88767775189458317E-1 0.88769116270293116E-1 0.88769116270293116E-1 17 17
AUDIT_SIGMA_NODE 18 0.29610291836969975E-3 0.88769649016998201E-1 0.88769959124499989E-1 0.88768521605293624E-1 0.88768521605293624E-1 18 18
AUDIT_SIGMA_NODE 19 0.31258785493487373E-3 0.88768260209421621E-1 0.88763763744471438E-1 0.88767916330225599E-1 0.88767916330225599E-1 17 17
AUDIT_SIGMA_NODE 20 0.32999055730611971E-3 0.88766783759264611E-1 0.88767186889934305E-1 0.88767357751235745E-1 0.88767357751235745E-1 16 16
AUDIT_SIGMA_NODE 21 0.34836212025541105E-3 0.88765285398998639E-1 0.88770022026422868E-1 0.88766747219643449E-1 0.88766747219643449E-1 17 17
AUDIT_SIGMA_NODE 22 0.36775648315375264E-3 0.88763881904125680E-1 0.88765054878868765E-1 0.88766191964201741E-1 0.88766191964201741E-1 17 17
AUDIT_SIGMA_NODE 23 0.38823058833853115E-3 0.88762642641348685E-1 0.88765838968328417E-1 0.88765656627825124E-1 0.88765656627825124E-1 16 16
AUDIT_SIGMA_NODE 24 0.40984454829764977E-3 0.88761532225472242E-1 0.88765708497747731E-1 0.88765019495190806E-1 0.88765019495190806E-1 17 17
AUDIT_SIGMA_NODE 25 0.43266182216130560E-3 0.88760583811051924E-1 0.88762161736135062E-1 0.88764422287831934E-1 0.88764422287831934E-1 16 16
AUDIT_SIGMA_NODE 26 0.45674940201959182E-3 0.88759830552004745E-1 0.88765648418979035E-1 0.88763865492859376E-1 0.88763865492859376E-1 17 17
AUDIT_SIGMA_NODE 27 0.48217800961295967E-3 0.96197421562770377E-1 0.88761203177706596E-1 0.88763287307644642E-1 0.88763287307644642E-1 17 17
AUDIT_SIGMA_NODE 28 0.50902230397302799E-3 0.10556898990699261 0.88765245442688032E-1 0.88762714263262141E-1 0.88762714263262141E-1 17 17
AUDIT_SIGMA_NODE 29 0.53736110062337810E-3 0.10980290141650549 0.88762068851514747E-1 0.88762142640488775E-1 0.88762142640488775E-1 18 18
AUDIT_SIGMA_NODE 30 0.56727760298391327E-3 0.10488559874674683 0.88761277256550003E-1 0.88761556254994892E-1 0.88761556254994892E-1 16 16
AUDIT_SIGMA_NODE 31 0.59885964665819388E-3 0.89158465296998862E-1 0.88760132765613148E-1 0.88761011804000839E-1 0.88761011804000839E-1 17 17
AUDIT_SIGMA_NODE 32 0.63219995732097820E-3 0.42113829825666256E-1 0.88760369929184083E-1 0.88760465750745088E-1 0.88760465750745088E-1 16 16
AUDIT_SIGMA_NODE 33 0.66739642296313685E-3 0.18639095938556706E-1 0.88760648249009685E-1 0.88759821346697021E-1 0.88759821346697021E-1 15 15
AUDIT_SIGMA_NODE 34 0.70455238129325619E-3 0.85726384439857410E-2 0.88758382546323386E-1 0.88759329532481154E-1 0.88759329532481154E-1 17 17
AUDIT_SIGMA_NODE 35 0.74377692313975130E-3 0.45033171949340886E-2 0.88756953737349126E-1 0.88758786833350534E-1 0.88758786833350534E-1 17 17
AUDIT_SIGMA_NODE 36 0.78518521274428159E-3 0.35591584793178165E-2 0.88760918063105862E-1 0.88758217059681205E-1 0.88758217059681205E-1 17 17
AUDIT_SIGMA_NODE 37 0.82889882588686205E-3 0.61426032507022098E-2 0.88755108048718084E-1 0.88757667273059476E-1 0.88757667273059476E-1 18 18
AUDIT_SIGMA_NODE 38 0.87504610683541246E-3 0.12673735377799342E-1 0.88756236592703430E-1 0.88757117017638359E-1 0.88757117017638359E-1 17 17
AUDIT_SIGMA_NODE 39 0.92376254516775551E-3 0.28442319925635232E-1 0.88756160863793718E-1 0.88756581399538376E-1 0.88756581399538376E-1 17 17
AUDIT_SIGMA_NODE 40 0.97519117357242730E-3 0.63167660610782078E-1 0.88757893598511731E-1 0.88756027578741223E-1 0.88756027578741223E-1 18 18
AUDIT_SIGMA_NODE 41 0.10294829877962486E-2 0.98581209226936653E-1 0.88757775019833826E-1 0.88755465436812717E-1 0.88755465436812717E-1 16 16
AUDIT_SIGMA_NODE 42 0.10867973899716364E-2 0.10875357434731837 0.88753908977287285E-1 0.88754945410840572E-1 0.88754945410840572E-1 17 17
AUDIT_SIGMA_NODE 43 0.11473026566252743E-2 0.10852027817318627 0.88755931308070524E-1 0.88754393182793920E-1 0.88754393182793920E-1 16 16
AUDIT_SIGMA_NODE 44 0.12111764327422296E-2 0.10108250561242089 0.88753166095277503E-1 0.88753868922174933E-1 0.88753868922174933E-1 17 17
AUDIT_SIGMA_NODE 45 0.12786062533360974E-2 0.90702367204270370E-1 0.88753808939971673E-1 0.88753326217143991E-1 0.88753326217143991E-1 17 17
AUDIT_SIGMA_NODE 46 0.13497900940565178E-2 0.88753001068785017E-1 0.88757558733005143E-1 0.88752678998118228E-1 0.88752678998118228E-1 15 15
AUDIT_SIGMA_NODE 47 0.14249369524506666E-2 0.88753385002125526E-1 0.88751763531374733E-1 0.88752269488485691E-1 0.88752269488485691E-1 17 17
AUDIT_SIGMA_NODE 48 0.15042674615853085E-2 0.88753273546714764E-1 0.88751518141502936E-1 0.88751738265881619E-1 0.88751738265881619E-1 17 17
AUDIT_SIGMA_NODE 49 0.15880145378310343E-2 0.88752340847324779E-1 0.88750116466613932E-1 0.88751289249950516E-1 0.88751289249950516E-1 15 15
AUDIT_SIGMA_NODE 50 0.16764240647105830E-2 0.88749766066547983E-1 0.88751824105972058E-1 0.88750671375531887E-1 0.88750671375531887E-1 16 16
AUDIT_SIGMA_NODE 51 0.17697556148190512E-2 0.88741138144456028E-1 0.88751071757550246E-1 0.88750158833932322E-1 0.88750158833932322E-1 16 16
AUDIT_SIGMA_NODE 52 0.18682832119355610E-2 0.88732295894177776E-1 0.88749970928712341E-1 0.88749645413828640E-1 0.88749645413828640E-1 17 17
AUDIT_SIGMA_NODE 53 0.19722961355639721E-2 0.88724363511160281E-1 0.88748328792745190E-1 0.88749122496206784E-1 0.88749122496206784E-1 17 17
AUDIT_SIGMA_NODE 54 0.20820997702647812E-2 0.88718464808008421E-1 0.88748344967433460E-1 0.88748675328911550E-1 0.88748675328911550E-1 15 15
AUDIT_SIGMA_NODE 55 0.21980165022718731E-2 0.88719365329991570E-1 0.88744607034035000E-1 0.88748090249457665E-1 0.88748090249457665E-1 16 16
AUDIT_SIGMA_NODE 56 0.23203866660266160E-2 0.88729699183034125E-1 0.88750334867549255E-1 0.88747571894570346E-1 0.88747571894570346E-1 17 17
AUDIT_SIGMA_NODE 57 0.24495695434083443E-2 0.88741786583245774E-1 0.88745671400535908E-1 0.88747063692852207E-1 0.88747063692852207E-1 17 17
AUDIT_SIGMA_NODE 58 0.25859444185949887E-2 0.88754084363095967E-1 0.88747507329262107E-1 0.88746554587594895E-1 0.88746554587594895E-1 17 17
AUDIT_SIGMA_NODE 59 0.27299116916509720E-2 0.88765048535042718E-1 0.88745270530185036E-1 0.88746057327026895E-1 0.88746057327026895E-1 16 16
AUDIT_SIGMA_NODE 60 0.28818940541118694E-2 0.88767261521046401E-1 0.88745111091812309E-1 0.88745598534846218E-1 0.88745598534846218E-1 15 15
AUDIT_SIGMA_NODE 61 0.30423377300173877E-2 0.88763420275803750E-1 0.88745124571698281E-1 0.88745036291263721E-1 0.88745036291263721E-1 15 15
AUDIT_SIGMA_NODE 62 0.32117137860363759E-2 0.88757709545055352E-1 0.88746423856596021E-1 0.88744538300261092E-1 0.88744538300261092E-1 17 17
AUDIT_SIGMA_NODE 63 0.33905195145304133E-2 0.88751072807666850E-1 0.88743706397725330E-1 0.88744046441976115E-1 0.88744046441976115E-1 15 15
AUDIT_SIGMA_NODE 64 0.35792798936166935E-2 0.88744453319090089E-1 0.88743929347089565E-1 0.88743523645909053E-1 0.88743523645909053E-1 16 16
AUDIT_SIGMA_NODE 65 0.37785491285169865E-2 0.88742747167625660E-1 0.88742617746440114E-1 0.88743041750641682E-1 0.88743041750641682E-1 16 16
AUDIT_SIGMA_NODE 66 0.39889122787181101E-2 0.88742169983209593E-1 0.88746932697754910E-1 0.88742562169390873E-1 0.88742562169390873E-1 16 16
AUDIT_SIGMA_NODE 67 0.42109869757212988E-2 0.88742136972290983E-1 0.88739990741569741E-1 0.88742061340582948E-1 0.88742061340582948E-1 17 17
AUDIT_SIGMA_NODE 68 0.44454252364238426E-2 0.88742395618367539E-1 0.88741923690127011E-1 0.88741570931779118E-1 0.88741570931779118E-1 17 17
AUDIT_SIGMA_NODE 69 0.46929153774570810E-2 0.88742469009023897E-1 0.88743269800010446E-1 0.88741076393195645E-1 0.88741076393195645E-1 16 16
AUDIT_SIGMA_NODE 70 0.49541840361013662E-2 0.88741531931100057E-1 0.88739911904370097E-1 0.88740620814132670E-1 0.88740624085275679E-1 13 14
AUDIT_SIGMA_NODE 71 0.52299983037113881E-2 0.88740487468929624E-1 0.88736809000944383E-1 0.88740100884039580E-1 0.88740100884039580E-1 15 15
AUDIT_SIGMA_NODE 72 0.55211679779156950E-2 0.88739381112454011E-1 0.88740755968867935E-1 0.88739622454667752E-1 0.88739622454667752E-1 15 15
AUDIT_SIGMA_NODE 73 0.58285479402029024E-2 0.88738258349562796E-1 0.88740635919882543E-1 0.88739151979538744E-1 0.88739151979538744E-1 16 16
AUDIT_SIGMA_NODE 74 0.61530406658752536E-2 0.88737160017746980E-1 0.88739006763565206E-1 0.88738667397913390E-1 0.88738667397913390E-1 15 15
AUDIT_SIGMA_NODE 75 0.64955988737387975E-2 0.88736132501058093E-1 0.88739110620381131E-1 0.88738195553828170E-1 0.88738195553828170E-1 16 16
AUDIT_SIGMA_NODE 76 0.68572283233097938E-2 0.88735228920961709E-1 0.88737875246847842E-1 0.88737734918053007E-1 0.88737734918053007E-1 16 16
AUDIT_SIGMA_NODE 77 0.72389907677499364E-2 0.88734497385896255E-1 0.88740996155176860E-1 0.88737232648301634E-1 0.88737232648301634E-1 15 15
AUDIT_SIGMA_NODE 78 0.76420070712003565E-2 0.88733986003554102E-1 0.88738950901471686E-1 0.88736778104923947E-1 0.88736778104923947E-1 16 16
AUDIT_SIGMA_NODE 79 0.80674604996669383E-2 0.88734259988040839E-1 0.88736708065242614E-1 0.88736303577822903E-1 0.88736303577822903E-1 16 16
AUDIT_SIGMA_NODE 80 0.85166001951190781E-2 0.88734876051909342E-1 0.88734510642618392E-1 0.88735835590456683E-1 0.88735835590456683E-1 16 16
AUDIT_SIGMA_NODE 81 0.89907448430019306E-2 0.88735525498842518E-1 0.88736152959792119E-1 0.88735374475505599E-1 0.88735374475505599E-1 15 15
AUDIT_SIGMA_NODE 82 0.94912865439300588E-2 0.88736068154158840E-1 0.88729416657379850E-1 0.88734909881052995E-1 0.88734909881052995E-1 16 16
AUDIT_SIGMA_NODE 83 0.10019694900929852E-1 0.88736326243453220E-1 0.88737931555845653E-1 0.88734447605390843E-1 0.88734447605390843E-1 16 16
AUDIT_SIGMA_NODE 84 0.10577521334230984E-1 0.88735251148667871E-1 0.88737684766465291E-1 0.88733989467552676E-1 0.88733989467552676E-1 15 15
AUDIT_SIGMA_NODE 85 0.11166403636275246E-1 0.88733937432049964E-1 0.88732837857805349E-1 0.88733530793658241E-1 0.88733530793658241E-1 16 16
AUDIT_SIGMA_NODE 86 0.11788070780316344E-1 0.88732523488693399E-1 0.88733860419447544E-1 0.88733069146987809E-1 0.88733069146987809E-1 16 16
AUDIT_SIGMA_NODE 87 0.12444347996728885E-1 0.88731147705739907E-1 0.88732225885316998E-1 0.88732606841290501E-1 0.88732606841290501E-1 15 15
AUDIT_SIGMA_NODE 88 0.13137162131930663E-1 0.88730238828727298E-1 0.88733857649119813E-1 0.88732163891525578E-1 0.88732163891525578E-1 16 16
AUDIT_SIGMA_NODE 89 0.13868547305652229E-1 0.88730189852751884E-1 0.88679359913443501E-1 0.88731711475968852E-1 0.88731711475968852E-1 16 16
AUDIT_SIGMA_NODE 90 0.14640650883163565E-1 0.88730265836732325E-1 0.88732396023169194E-1 0.88731274533555643E-1 0.88731274533555643E-1 15 15
AUDIT_SIGMA_NODE 91 0.15455739779992581E-1 0.88730355316265289E-1 0.88731493660699615E-1 0.88730817111224825E-1 0.88730817111224825E-1 16 16
AUDIT_SIGMA_NODE 92 0.16316207117646104E-1 0.88730346826678130E-1 0.88730337215474367E-1 0.88730368251801903E-1 0.88730368251801903E-1 16 16
AUDIT_SIGMA_NODE 93 0.17224579249874843E-1 0.88729485387485915E-1 0.88730176492844717E-1 0.88729926658844785E-1 0.88729926658844785E-1 16 16
AUDIT_SIGMA_NODE 94 0.18183523180111554E-1 0.88728031528091486E-1 0.88729458896353433E-1 0.88729483659933758E-1 0.88729483659933758E-1 14 14
AUDIT_SIGMA_NODE 95 0.19195854391860206E-1 0.88726618454354811E-1 0.88729365882667666E-1 0.88729061690281774E-1 0.88729061690281774E-1 15 15
AUDIT_SIGMA_NODE 96 0.20264545115026393E-1 0.88725431903146482E-1 0.88728348933988718E-1 0.88728598384707896E-1 0.88728598384707896E-1 16 16
AUDIT_SIGMA_NODE 97 0.21392733052459100E-1 0.88724657602576598E-1 0.88728365638403431E-1 0.88728164263109671E-1 0.88728164263109671E-1 15 15
AUDIT_SIGMA_NODE 98 0.22583730592325216E-1 0.88726150846475130E-1 0.88692755558176295E-1 0.88727699831965934E-1 0.88727699831965934E-1 14 14
AUDIT_SIGMA_NODE 99 0.23841034533364513E-1 0.88728221690260498E-1 0.88724678255640579E-1 0.88727305652402208E-1 0.88727305652402208E-1 15 15
AUDIT_SIGMA_NODE 100 0.25168336351578741E-1 0.88730262351026518E-1 0.88727762847824090E-1 0.88726865479138342E-1 0.88726865479138342E-1 16 16
AUDIT_SIGMA_NODE 101 0.26569533038497972E-1 0.88731923847985741E-1 0.88719525397412694E-1 0.88726459715407199E-1 0.88726459715407199E-1 15 15
AUDIT_SIGMA_NODE 102 0.28048738542845866E-1 0.88732427509889383E-1 0.88721976965562915E-1 0.88725972851116663E-1 0.88725972851116663E-1 14 14
AUDIT_SIGMA_NODE 103 0.29610295849196552E-1 0.88729563669918271E-1 0.88724234121131687E-1 0.88725584434053789E-1 0.88725584434053789E-1 15 15
AUDIT_SIGMA_NODE 104 0.31258789729086627E-1 0.88726174461168678E-1 0.88724530646468569E-1 0.88725157720647999E-1 0.88725157720647999E-1 16 16
AUDIT_SIGMA_NODE 105 0.32999060202019724E-1 0.88722695849013836E-1 0.88724055626270004E-1 0.88724730983311850E-1 0.88724730983311850E-1 15 15
AUDIT_SIGMA_NODE 106 0.34836216745885516E-1 0.88719563733754225E-1 0.88727412583214801E-1 0.88724244730147922E-1 0.88724244730147922E-1 14 14
AUDIT_SIGMA_NODE 107 0.36775653298515391E-1 0.88718461262427009E-1 0.88721627964790870E-1 0.88723907446565331E-1 0.88723907446565331E-1 16 16
AUDIT_SIGMA_NODE 108 0.38823064094419574E-1 0.88719913302285305E-1 0.88724423213338038E-1 0.88723490932016549E-1 0.88723490932016549E-1 16 16
AUDIT_SIGMA_NODE 109 0.40984460383202935E-1 0.88721885306076095E-1 0.88721869074106285E-1 0.88723063202142460E-1 0.88723063202142460E-1 15 15
AUDIT_SIGMA_NODE 110 0.43266188078745042E-1 0.88724017431961594E-1 0.88721947825897790E-1 0.88722662949456438E-1 0.88722662949456438E-1 16 16
AUDIT_SIGMA_NODE 111 0.45674946390962971E-1 0.88725949807137036E-1 0.88726482232145507E-1 0.88722255906477421E-1 0.88722257255822320E-1 13 14
AUDIT_SIGMA_NODE 112 0.48217807494860140E-1 0.88725934468182444E-1 0.88721945481667550E-1 0.88721860415287152E-1 0.88721860415287152E-1 15 15
AUDIT_SIGMA_NODE 113 0.50902237294610131E-1 0.88724784128628734E-1 0.88720773855315710E-1 0.88721440445065317E-1 0.88721440445065317E-1 16 16
AUDIT_SIGMA_NODE 114 0.53736117343638826E-1 0.88723279616461953E-1 0.88721680800228089E-1 0.88720995203569436E-1 0.88720995203569436E-1 14 14
AUDIT_SIGMA_NODE 115 0.56727767985064251E-1 0.88721604370958024E-1 0.88720248700813908E-1 0.88720670214725836E-1 0.88720670214725836E-1 14 14
AUDIT_SIGMA_NODE 116 0.59885972780432339E-1 0.88719941819610418E-1 0.88720079381625461E-1 0.88720221027228235E-1 0.88720221027228235E-1 15 15
AUDIT_SIGMA_NODE 117 0.63220004298475657E-1 0.88719279419551725E-1 0.88718407464480939E-1 0.88719838394802783E-1 0.88719838394802783E-1 15 15
AUDIT_SIGMA_NODE 118 0.66739651339607367E-1 0.88718786907458783E-1 0.88719339052672652E-1 0.88719448759141908E-1 0.88719448759141908E-1 15 15
AUDIT_SIGMA_NODE 119 0.70455247676086658E-1 0.88718400686172524E-1 0.88722762456373575E-1 0.88719059745209661E-1 0.88719059745209661E-1 15 15
AUDIT_SIGMA_NODE 120 0.74377702392232875E-1 0.88718073642513315E-1 0.88708745592368549E-1 0.88718657566214068E-1 0.88718657566214068E-1 15 15
AUDIT_SIGMA_NODE 121 0.78518531913772796E-1 0.88717678352360579E-1 0.88716553565879250E-1 0.88718264611545014E-1 0.88718264611545014E-1 15 15
AUDIT_SIGMA_NODE 122 0.82889893820354943E-1 0.88717044370602002E-1 0.88717613061061726E-1 0.88717881739617546E-1 0.88717881739617546E-1 16 16
AUDIT_SIGMA_NODE 123 0.87504622540510710E-1 0.88716433741019646E-1 0.88717829283793279E-1 0.88717500029036528E-1 0.88717500029036528E-1 16 16
AUDIT_SIGMA_NODE 124 0.92376267033857901E-1 0.88715883183667438E-1 0.88717213964552538E-1 0.88717105588213566E-1 0.88717105588213566E-1 15 15
AUDIT_SIGMA_NODE 125 0.97519130571188675E-1 0.88715429417775396E-1 0.88717977603656878E-1 0.88716747392991166E-1 0.88716747392991166E-1 14 14
AUDIT_SIGMA_NODE 126 0.10294831272923063 0.88715341345253537E-1 0.88717828586688835E-1 0.88716348689187485E-1 0.88716348689187485E-1 15 15
AUDIT_SIGMA_NODE 127 0.10867975372338590 0.88715561613198463E-1 0.88717889327672064E-1 0.88715961895654255E-1 0.88715961895654255E-1 15 15
AUDIT_SIGMA_NODE 128 0.11473028120860247 0.88715807535278357E-1 0.88715598556164871E-1 0.88715583929887015E-1 0.88715583929887015E-1 16 16
AUDIT_SIGMA_NODE 129 0.12111765968579472 0.88715997824866513E-1 0.88713119502873569E-1 0.88715197266106979E-1 0.88715197266106979E-1 15 15
AUDIT_SIGMA_NODE 130 0.12786064265886282 0.88716051194716192E-1 0.88714054372740936E-1 0.88714825299139780E-1 0.88714825299139780E-1 15 15
AUDIT_SIGMA_NODE 131 0.13497902769545361 0.88715335232285322E-1 0.88714380503785717E-1 0.88714367063468136E-1 0.88714454279310795E-1 13 15
AUDIT_SIGMA_NODE 132 0.14249371455311655 0.88714343110775210E-1 0.88712334991612254E-1 0.88714047930895309E-1 0.88714047930895309E-1 14 14
AUDIT_SIGMA_NODE 133 0.15042676654151754 0.88713310785291336E-1 0.88716544282244111E-1 0.88713682925672860E-1 0.88713682925672860E-1 15 15
AUDIT_SIGMA_NODE 134 0.15880147530087224 0.88712344698152784E-1 0.88710475371980541E-1 0.88713296065982231E-1 0.88713296065982231E-1 15 15
AUDIT_SIGMA_NODE 135 0.16764242918678554 0.88711628791536976E-1 0.88709703124592518E-1 0.88712921389345237E-1 0.88712921389345237E-1 15 15
AUDIT_SIGMA_NODE 136 0.17697558546228512 0.88711909174649828E-1 0.88714320979689204E-1 0.88712537975148914E-1 0.88712537975148914E-1 15 15
AUDIT_SIGMA_NODE 137 0.18682834650899549 0.88712327174464464E-1 0.88713043506143799E-1 0.88712111656255838E-1 0.88712111656255838E-1 14 14
AUDIT_SIGMA_NODE 138 0.19722964028122320 0.88712762161758593E-1 0.88711352359702719E-1 0.88711748279212146E-1 0.88711748279212146E-1 14 14
AUDIT_SIGMA_NODE 139 0.20821000523915498 0.88713093505163612E-1 0.88709403768119421E-1 0.88711342801181328E-1 0.88711342801181328E-1 15 15
AUDIT_SIGMA_NODE 140 0.21980168001054867 0.88712895246918777E-1 0.88712128771200952E-1 0.88710932016726321E-1 0.88710932016726321E-1 15 15
AUDIT_SIGMA_NODE 141 0.23203869804415167 0.88711920214436663E-1 0.88709362179979753E-1 0.88710511036009784E-1 0.88710511036009784E-1 15 15
AUDIT_SIGMA_NODE 142 0.24495698753276660 0.88710785928505204E-1 0.88709130817047191E-1 0.88710088978440585E-1 0.88710088978440585E-1 14 14
AUDIT_SIGMA_NODE 143 0.25859447689932497 0.88709595372977262E-1 0.88705993578592005E-1 0.88709661357796024E-1 0.88709661357796024E-1 15 15
AUDIT_SIGMA_NODE 144 0.27299120615569578 0.88708451526535004E-1 0.88702387644133088E-1 0.88709221399227683E-1 0.88709221399227683E-1 15 15
AUDIT_SIGMA_NODE 145 0.28818944446116257 0.88707842601699866E-1 0.88711843497509935E-1 0.88708762094327070E-1 0.88708762094327070E-1 14 14
AUDIT_SIGMA_NODE 146 0.30423381422574397 0.88707593300345666E-1 0.88708497614692752E-1 0.88708278322719367E-1 0.88708278322719367E-1 15 15
AUDIT_SIGMA_NODE 147 0.32117142212270666 0.88707430809408530E-1 0.88707324118981315E-1 0.88707817664697597E-1 0.88707817664697597E-1 14 14
AUDIT_SIGMA_NODE 148 0.33905199739494729 0.88707294935195510E-1 0.88707885437283557E-1 0.88707259727148088E-1 0.88707259727148088E-1 14 14
AUDIT_SIGMA_NODE 149 0.35792803786129890 0.88707125484483507E-1 0.88707084160811189E-1 0.88706715777298065E-1 0.88706715777298065E-1 14 14
AUDIT_SIGMA_NODE 150 0.37785496405144786 0.88706616699775934E-1 0.88707485277251127E-1 0.88706174470001786E-1 0.88706174470001786E-1 14 14
AUDIT_SIGMA_NODE 151 0.39889128192200363 0.88706002028812111E-1 0.88705305303156998E-1 0.88705550410566478E-1 0.88705550410566478E-1 14 14
AUDIT_SIGMA_NODE 152 0.42109875463145890 0.88705316184056845E-1 0.88704288882500509E-1 0.88704943774598505E-1 0.88704943774598505E-1 15 15
AUDIT_SIGMA_NODE 153 0.44454258387837703 0.88704573239170789E-1 0.88704961260472753E-1 0.88704267432061931E-1 0.88704267432061931E-1 15 15
AUDIT_SIGMA_NODE 154 0.46929160133521919 0.88703815508111822E-1 0.88704318757568248E-1 0.88703587738800910E-1 0.88703587738800910E-1 14 14
AUDIT_SIGMA_NODE 155 0.49541847073986622 0.88703129135823636E-1 0.88703208274547890E-1 0.88702755913918949E-1 0.88702755913918949E-1 14 14
AUDIT_SIGMA_NODE 156 0.52299990123818163 0.88702382764365484E-1 0.88701453696219235E-1 0.88701965784442810E-1 0.88701951716365288E-1 13 14
AUDIT_SIGMA_NODE 157 0.55211687260399289 0.88701552964219055E-1 0.88700522549129288E-1 0.88701131278539597E-1 0.88701086432082549E-1 13 15
AUDIT_SIGMA_NODE 158 0.58285487299774530 0.88700616306940261E-1 0.88700043651716728E-1 0.88700153487056246E-1 0.88700116259350897E-1 13 14
AUDIT_SIGMA_NODE 159 0.61530414996189164 0.88699423421191206E-1 0.88699548172245207E-1 0.88699108877042757E-1 0.88699108877042757E-1 14 14
AUDIT_SIGMA_NODE 160 0.64955997538994681 0.88697975287230960E-1 0.88698127542356328E-1 0.88697976851493124E-1 0.88697976851493124E-1 15 15
AUDIT_SIGMA_NODE 161 0.68572292524716449 0.88696455491299675E-1 0.88697519963928231E-1 0.88696772173098584E-1 0.88696772173098584E-1 14 14
AUDIT_SIGMA_NODE 162 0.72389917486410194 0.88694911828809828E-1 0.88695791665229659E-1 0.88695447132801544E-1 0.88695447132801544E-1 14 14
AUDIT_SIGMA_NODE 163 0.76420081067005763 0.88693392091917553E-1 0.88693698702928148E-1 0.88693984475597273E-1 0.88693984475597273E-1 15 15
AUDIT_SIGMA_NODE 164 0.80674615928165683 0.88692466712394599E-1 0.88692592699209274E-1 0.88692382384619128E-1 0.88692382384619128E-1 14 14
AUDIT_SIGMA_NODE 165 0.85166013491276127 0.88691686798459221E-1 0.88690487781291877E-1 0.88690659803372027E-1 0.88690659803372027E-1 15 15
AUDIT_SIGMA_NODE 166 0.89907460612575885 0.88690739513888533E-1 0.88688500502459772E-1 0.88688500502459772E-1 0.88688781385621696E-1 12 14
AUDIT_SIGMA_NODE 167 0.94912878300096482 0.88689482359143160E-1 0.88686389255021050E-1 0.88686658186430248E-1 0.88686658186430248E-1 15 15
AUDIT_SIGMA_NODE 168 1.0019696258609356 0.88687743000149338E-1 0.88683569091479869E-1 0.88684344001448076E-1 0.88684344001448076E-1 15 15
AUDIT_SIGMA_NODE 169 1.0577522767496561 0.88684657892753413E-1 0.88681624678531051E-1 0.88681797932563741E-1 0.88681797932563741E-1 14 14
AUDIT_SIGMA_NODE 170 1.1166405149335024 0.88681064699073317E-1 0.88678885458290418E-1 0.88679000382535789E-1 0.88679000382535789E-1 15 15
AUDIT_SIGMA_NODE 171 1.1788072377612679 0.88677042087830671E-1 0.88675837074945765E-1 0.88675896165739135E-1 0.88675896165739135E-1 15 15
AUDIT_SIGMA_NODE 172 1.2444349682951508 0.88672668720552877E-1 0.88672390357030076E-1 0.88672483030847876E-1 0.88672483030847876E-1 14 14
AUDIT_SIGMA_NODE 173 1.3137163912030334 0.88668230693170327E-1 0.88667492287833244E-1 0.88668681977749131E-1 0.88668681977749131E-1 15 15
AUDIT_SIGMA_NODE 174 1.3868549184855392 0.88663988510296707E-1 0.88665378609407222E-1 0.88664659306102275E-1 0.88664484340990335E-1 12 15
AUDIT_SIGMA_NODE 175 1.4640652866987580 0.88659396883099109E-1 0.88659665023273299E-1 0.88659839544012839E-1 0.88659839544012839E-1 15 15
AUDIT_SIGMA_NODE 176 1.5455741874262039 0.88654355986385117E-1 0.88654399506419512E-1 0.88654410308663473E-1 0.88654691286579268E-1 12 15
AUDIT_SIGMA_NODE 177 1.6316209328509819 0.88648766023608674E-1 0.88648641956262444E-1 0.88648997175787322E-1 0.88648997175787322E-1 14 14
AUDIT_SIGMA_NODE 178 1.7224581583823966 0.88642477331086267E-1 0.88642564717808389E-1 0.88642661518270299E-1 0.88642661518270299E-1 14 14
AUDIT_SIGMA_NODE 179 1.8183525643998615 0.88635419042166083E-1 0.88633408494594071E-1 0.88635626475485133E-1 0.88635626475485133E-1 14 14
AUDIT_SIGMA_NODE 180 1.9195856992919240 0.88627549226391059E-1 0.88628119864259086E-1 0.88627854654398805E-1 0.88627854654398805E-1 14 14
AUDIT_SIGMA_NODE 181 2.0264547860894178 0.88618791301654565E-1 0.88619025424658104E-1 0.88619214352581716E-1 0.88619214352581716E-1 14 14
AUDIT_SIGMA_NODE 182 2.1392735951197568 0.88609068741433622E-1 0.88610565123556834E-1 0.88609569770490740E-1 0.88609611972800498E-1 12 14
AUDIT_SIGMA_NODE 183 2.2583733652445139 0.88598611895303922E-1 0.88600768243538783E-1 0.88598946262893025E-1 0.88598946262893025E-1 14 14
AUDIT_SIGMA_NODE 184 2.3841037763850483 0.88586999597499660E-1 0.88587460214647723E-1 0.88587122456157713E-1 0.88587122456157713E-1 14 14
AUDIT_SIGMA_NODE 185 2.5168339761915526 0.88574009759929184E-1 0.88575118198166561E-1 0.88573979563206076E-1 0.88573979563206076E-1 14 14
AUDIT_SIGMA_NODE 186 2.6569536638698423 0.88559468026574148E-1 0.88560332218898100E-1 0.88559371031635067E-1 0.88559371031635067E-1 14 14
AUDIT_SIGMA_NODE 187 2.8048742343480262 0.88543219270595885E-1 0.88542417971360032E-1 0.88543156929042383E-1 0.88543156929042383E-1 14 14
AUDIT_SIGMA_NODE 188 2.9610299861423650 0.88525171967062263E-1 0.88524403632117193E-1 0.88525129227101471E-1 0.88525129227101471E-1 14 14
AUDIT_SIGMA_NODE 189 3.1258793964686431 0.88505011030945158E-1 0.88505446671564195E-1 0.88505072296145793E-1 0.88505113048737399E-1 13 14
AUDIT_SIGMA_NODE 190 3.2999064673428053 0.88482528341605637E-1 0.88482845590754269E-1 0.88482847984590579E-1 0.88482857732184769E-1 12 14
AUDIT_SIGMA_NODE 191 3.4836221466230546 0.88457516163609362E-1 0.88458726119739345E-1 0.88458154793241983E-1 0.88458155607144706E-1 12 14
AUDIT_SIGMA_NODE 192 3.6775658281656169 0.88430140408728944E-1 0.88431250717768653E-1 0.88430695162809075E-1 0.88430695162809075E-1 15 15
AUDIT_SIGMA_NODE 193 3.8823069354986730 0.88400220535249652E-1 0.88407872999842388E-1 0.88400234374234749E-1 0.88400187099604385E-1 12 14
AUDIT_SIGMA_NODE 194 4.0984465936641676 0.88366811190990019E-1 0.88366887625843646E-1 0.88366306097707639E-1 0.88366306097707639E-1 14 14
AUDIT_SIGMA_NODE 195 4.3266193941360305 0.88329469316981116E-1 0.88328619332047775E-1 0.88328673719211492E-1 0.88328705550884998E-1 13 15
AUDIT_SIGMA_NODE 196 4.5674952579967645 0.88287753097600008E-1 0.88288046566149123E-1 0.88286943569690718E-1 0.88286940294428129E-1 13 14
AUDIT_SIGMA_NODE 197 4.8217814028425190 0.88241637320713190E-1 0.88241000121095370E-1 0.88240565269715077E-1 0.88240565269715077E-1 14 14
AUDIT_SIGMA_NODE 198 5.0902244191918253 0.88190332065834737E-1 0.88190032911005689E-1 0.88189078590752451E-1 0.88189078590752451E-1 14 14
AUDIT_SIGMA_NODE 199 5.3736124624940880 0.88133059634111874E-1 0.88133313291690482E-1 0.88131862688434495E-1 0.88131955500318229E-1 12 14
AUDIT_SIGMA_NODE 200 5.6727775671738074 0.88069223802685045E-1 0.88065958340793324E-1 0.88068587576435181E-1 0.88068572269052708E-1 13 14
AUDIT_SIGMA_NODE 201 5.9885980895046469 0.87998231490858253E-1 0.87998541293279914E-1 0.87998262915671144E-1 0.87998273359666562E-1 13 14
AUDIT_SIGMA_NODE 202 6.3220012864854516 0.87921036904268765E-1 0.87921811630757643E-1 0.87920295033783291E-1 0.87920308837635824E-1 13 14
AUDIT_SIGMA_NODE 203 6.6739660382902359 0.87835105935991781E-1 0.87834242239056864E-1 0.87833893829815254E-1 0.87833884807615975E-1 13 14
AUDIT_SIGMA_NODE 204 7.0455257222848804 0.87739385470874218E-1 0.87737867871793038E-1 0.87738116257661078E-1 0.87738116257661078E-1 14 14
AUDIT_SIGMA_NODE 205 7.4377712470492048 0.87632861683558036E-1 0.87626261759347276E-1 0.87632037546067298E-1 0.87632028297116818E-1 13 14
AUDIT_SIGMA_NODE 206 7.8518542553118662 0.87515016555715502E-1 0.87513812407938374E-1 0.87514600914702728E-1 0.87514563987554791E-1 12 14
AUDIT_SIGMA_NODE 207 8.2889905052025270 0.87385599794187391E-1 0.87382654000688273E-1 0.87384544073169715E-1 0.87384538511269386E-1 13 14
AUDIT_SIGMA_NODE 208 8.7504634397481560 0.87241753115361240E-1 0.87240352250793365E-1 0.87240677091963051E-1 0.87240687498219296E-1 13 14
AUDIT_SIGMA_NODE 209 9.2376279550942062 0.87082003176813527E-1 0.87081647279975291E-1 0.87081607312814252E-1 0.87081613654266476E-1 13 14
AUDIT_SIGMA_NODE 210 9.7519143785136411 0.86904896129974568E-1 0.86905510127683328E-1 0.86905796923472597E-1 0.86905791568096677E-1 13 14
AUDIT_SIGMA_NODE 211 10.294832667883844 0.86710875632953974E-1 0.86713386142359350E-1 0.86711550125601222E-1 0.86711545378952842E-1 13 14
AUDIT_SIGMA_NODE 212 10.867976844960989 0.86497763835504518E-1 0.86493838588725655E-1 0.86497086973118989E-1 0.86497079699875676E-1 13 14
AUDIT_SIGMA_NODE 213 11.473029675467975 0.86261606710070979E-1 0.86258904454596552E-1 0.86260415583019973E-1 0.86260414273118965E-1 13 14
AUDIT_SIGMA_NODE 214 12.111767609736869 0.86000124690833402E-1 0.85999349953454651E-1 0.85999416373447962E-1 0.85999411307522172E-1 13 14
AUDIT_SIGMA_NODE 215 12.786065998411814 0.85711089161209578E-1 0.85711978602952182E-1 0.85711750256848157E-1 0.85711756421756533E-1 13 14
AUDIT_SIGMA_NODE 216 13.497904598525762 0.85396010071940254E-1 0.85393435368925977E-1 0.85394941122148724E-1 0.85394941122148724E-1 14 14
AUDIT_SIGMA_NODE 217 14.249373386116890 0.85048917227101867E-1 0.85046550128758766E-1 0.85046288801582284E-1 0.85046270297421719E-1 12 14
AUDIT_SIGMA_NODE 218 15.042678692450739 0.84665677358723934E-1 0.84664007139951911E-1 0.84662850705059356E-1 0.84662841895436228E-1 13 14
AUDIT_SIGMA_NODE 219 15.880149681864383 0.84243134800099498E-1 0.84238614688660882E-1 0.84241560521158443E-1 0.84241564499727084E-1 13 14
AUDIT_SIGMA_NODE 220 16.764245190251593 0.83778807615803835E-1 0.83779922873361098E-1 0.83779109058812862E-1 0.83779123395847616E-1 13 14
AUDIT_SIGMA_NODE 221 17.697560944266829 0.83274299376393454E-1 0.83272833233955512E-1 0.83272018235881290E-1 0.83272018235881290E-1 14 14
AUDIT_SIGMA_NODE 222 18.682837182443887 0.82720026063644245E-1 0.82716246696176290E-1 0.82716577426207610E-1 0.82716577426207610E-1 14 14
AUDIT_SIGMA_NODE 223 19.722966700605269 0.82111882096960659E-1 0.82108438936650513E-1 0.82108944055019520E-1 0.82108943869481851E-1 13 14
AUDIT_SIGMA_NODE 224 20.821003345183577 0.81446012463219267E-1 0.81446065537964449E-1 0.81445126026401055E-1 0.81445136134737417E-1 13 14
AUDIT_SIGMA_NODE 225 21.980170979391445 0.80721171775584286E-1 0.80715926571402266E-1 0.80721111152563946E-1 0.80721075994125993E-1 12 14
AUDIT_SIGMA_NODE 226 23.203872948564669 0.79934985359983377E-1 0.79932075919051687E-1 0.79932635377778324E-1 0.79932632720746660E-1 13 14
AUDIT_SIGMA_NODE 227 24.495702072470323 0.79078908858183999E-1 0.79076165061246900E-1 0.79075688367977875E-1 0.79075678359744939E-1 13 14
AUDIT_SIGMA_NODE 228 25.859451193915618 0.78148814296230870E-1 0.78145751621541276E-1 0.78146174124549064E-1 0.78146179547624484E-1 13 14
AUDIT_SIGMA_NODE 229 27.299124314629999 0.77141078166593338E-1 0.77140217952818751E-1 0.77140290626006788E-1 0.77140260466026983E-1 12 14
AUDIT_SIGMA_NODE 230 28.818948351114457 0.76055285780322945E-1 0.76054563925966059E-1 0.76054281554721090E-1 0.76054305216709445E-1 12 14
AUDIT_SIGMA_NODE 231 30.423385544975471 0.74886952882814772E-1 0.74885129487112095E-1 0.74885069066579296E-1 0.74885061775611023E-1 13 14
AUDIT_SIGMA_NODE 232 32.117146564178121 0.73631696738837613E-1 0.73629598874303384E-1 0.73629738267456696E-1 0.73629742739693388E-1 13 14
AUDIT_SIGMA_NODE 233 33.905204333686029 0.72287391444914514E-1 0.72286225629574638E-1 0.72286140223084619E-1 0.72286129758766984E-1 12 14
AUDIT_SIGMA_NODE 234 35.792808636093540 0.70852731697111287E-1 0.70852913851799343E-1 0.70852689883574210E-1 0.70852688414056592E-1 13 14
AUDIT_SIGMA_NODE 235 37.785501525120402 0.69329927942992073E-1 0.69328559932523945E-1 0.69328647301728233E-1 0.69328648682977140E-1 13 14
AUDIT_SIGMA_NODE 236 39.889133597220308 0.67716165830248989E-1 0.67713835984322762E-1 0.67714061695067163E-1 0.67714058956009793E-1 13 14
AUDIT_SIGMA_NODE 237 42.109881169079642 0.66011898334948388E-1 0.66009921850848835E-1 0.66009821641115338E-1 0.66009817986951325E-1 12 14
AUDIT_SIGMA_NODE 238 44.454264411437826 0.64218849483796317E-1 0.64217771315739386E-1 0.64217630984656410E-1 0.64217636323352520E-1 12 14
AUDIT_SIGMA_NODE 239 46.929166492473847 0.62339437647158782E-1 0.62339806292487469E-1 0.62340007963018668E-1 0.62339997026772356E-1 12 14
AUDIT_SIGMA_NODE 240 49.541853786960402 0.60376641600245348E-1 0.60380302538402680E-1 0.60380232314521332E-1 0.60380231290893448E-1 13 14
AUDIT_SIGMA_NODE 241 52.299997210523486 0.58337270493532503E-1 0.58342635761301720E-1 0.58342641149067093E-1 0.58342641482593348E-1 13 14
AUDIT_SIGMA_NODE 242 55.211694741642667 0.56227648976394332E-1 0.56232745840984449E-1 0.56232704744946904E-1 0.56232704392067880E-1 13 14
AUDIT_SIGMA_NODE 243 58.285495197521072 0.54055015449546294E-1 0.54057078362686369E-1 0.54057285552640402E-1 0.54057284833768884E-1 13 14
AUDIT_SIGMA_NODE 244 61.530423333626992 0.51818987364450286E-1 0.51824845880384537E-1 0.51824810988274406E-1 0.51824810194381725E-1 13 14
AUDIT_SIGMA_NODE 245 64.956006340602727 0.49531107702465160E-1 0.49545059048260641E-1 0.49545390506447011E-1 0.49545390635935119E-1 13 14
AUDIT_SIGMA_NODE 246 68.572301816336307 0.47214522900005558E-1 0.47230888655655556E-1 0.47230811359542962E-1 0.47230811417630435E-1 13 14
AUDIT_SIGMA_NODE 247 72.389927295322195 0.44882531376584413E-1 0.44894312593386297E-1 0.44894391982478292E-1 0.44894385244286864E-1 12 14
AUDIT_SIGMA_NODE 248 76.420091422009463 0.42547983278643405E-1 0.42550616608535319E-1 0.42550625553659030E-1 0.42550630892889935E-1 12 14
AUDIT_SIGMA_NODE 249 80.674626859663448 0.40210215244031768E-1 0.40214198524957993E-1 0.40214788608859513E-1 0.40214788591109760E-1 13 14
AUDIT_SIGMA_NODE 250 85.166025031363120 0.37894677676475912E-1 0.37902147265330727E-1 0.37902135582537681E-1 0.37902134524476425E-1 12 14
AUDIT_SIGMA_NODE 251 89.907472795133899 0.35620224940756250E-1 0.35627246132320531E-1 0.35627216926178949E-1 0.35627217714291844E-1 12 14
AUDIT_SIGMA_NODE 252 94.912891160894219 0.33399376822827023E-1 0.33403376674227991E-1 0.33403398261008611E-1 0.33403398338460864E-1 12 14
AUDIT_SIGMA_NODE 253 100.19697616289044 0.31242649346879963E-1 0.31242626251578497E-1 0.31242634099451654E-1 0.31242633654043759E-1 12 14
AUDIT_SIGMA_NODE 254 105.77524200762345 0.29155494917290505E-1 0.29155208443595048E-1 0.29155231572504142E-1 0.29155231787116948E-1 12 14
AUDIT_SIGMA_NODE 255 111.66406662394981 0.27150166818043862E-1 0.27149626939416829E-1 0.27149618045030213E-1 0.27149618473050766E-1 12 14
AUDIT_SIGMA_NODE 256 117.88073974909246 0.25232861322985189E-1 0.25256154974368138E-1 0.25232243822520865E-1 0.25232243666900505E-1 12 14
AUDIT_SIGMA_TABLE 1 0.99999997473787462E-4 0.88782300156660943E-1 0.88782300156660943E-1 0.88782300156660943E-1 0.88780832501870716E-1 14 16
AUDIT_SIGMA_TABLE 2 0.12915496329054870E-3 0.88781962204286247E-1 0.88781962204286247E-1 0.88781962204286247E-1 0.88777857768452484E-1 12 17
AUDIT_SIGMA_TABLE 3 0.16681004963980654E-3 0.88771246085658756E-1 0.88771246085658756E-1 0.88771246085658756E-1 0.88774905204820953E-1 13 17
AUDIT_SIGMA_TABLE 4 0.21544346381979803E-3 0.88772557118216439E-1 0.88772557118216439E-1 0.88772557118216439E-1 0.88772058507919652E-1 14 17
AUDIT_SIGMA_TABLE 5 0.27825593363768305E-3 0.88771049626724011E-1 0.88771049626724011E-1 0.88771049626724011E-1 0.88769203097286600E-1 13 17
AUDIT_SIGMA_TABLE 6 0.35938135802226036E-3 0.88764439762591268E-1 0.88764439762591268E-1 0.88764439762591268E-1 0.88766420558639272E-1 12 16
AUDIT_SIGMA_TABLE 7 0.46415887275236549E-3 0.88759649300489935E-1 0.88759649300489935E-1 0.88759649300489935E-1 0.88763693523086620E-1 12 17
AUDIT_SIGMA_TABLE 8 0.59948423685738880E-3 0.88760169632707317E-1 0.88760169632707317E-1 0.88760169632707317E-1 0.88761010670849058E-1 13 17
AUDIT_INTEGRATION_STEP 0.77426366560533243E-3 0.0000000000000000 5 1 0.0000000000000000 0.0000000000000000
AUDIT_INTEGRATION_STEP 0.77426366560533243E-3 0.0000000000000000 5 2 0.27810604947638447E-4 0.0000000000000000
AUDIT_INTEGRATION_STEP 0.77426366560533243E-3 0.0000000000000000 5 3 0.24823472219858864E-4 0.27810604947638447E-4
AUDIT_INTEGRATION_STEP 0.77426366560533243E-3 0.0000000000000000 5 4 0.25199594563576321E-4 0.24823472219858864E-4
AUDIT_INTEGRATION_STEP 0.77426366560533243E-3 0.0000000000000000 5 5 0.25201280952703771E-4 0.25199594563576321E-4
AUDIT_INTEGRATION_STEP 0.77426366560533243E-3 0.0000000000000000 14 1 0.0000000000000000 0.0000000000000000
AUDIT_INTEGRATION_STEP 0.77426366560533243E-3 0.0000000000000000 14 2 0.27810604947638447E-4 0.0000000000000000
AUDIT_INTEGRATION_STEP 0.77426366560533243E-3 0.0000000000000000 14 3 0.24823472219858864E-4 0.27810604947638447E-4
AUDIT_INTEGRATION_STEP 0.77426366560533243E-3 0.0000000000000000 14 4 0.25199594563576321E-4 0.24823472219858864E-4
AUDIT_INTEGRATION_STEP 0.77426366560533243E-3 0.0000000000000000 14 5 0.25201280952703771E-4 0.25199594563576321E-4
AUDIT_INTEGRATION_STEP 0.77426366560533243E-3 0.0000000000000000 14 6 0.69920408839804049E-1 0.25201280952703771E-4
AUDIT_INTEGRATION_STEP 0.77426366560533243E-3 0.0000000000000000 14 7 0.17856284870717106E-1 0.69920408839804049E-1
AUDIT_INTEGRATION_STEP 0.77426366560533243E-3 0.0000000000000000 14 8 0.17850045943623320E-1 0.17856284870717106E-1
AUDIT_INTEGRATION_STEP 0.77426366560533243E-3 0.0000000000000000 14 9 0.18749412078735046E-1 0.17850045943623320E-1
AUDIT_INTEGRATION_STEP 0.77426366560533243E-3 0.0000000000000000 14 10 0.19180751025105504E-1 0.18749412078735046E-1
AUDIT_INTEGRATION_STEP 0.77426366560533243E-3 0.0000000000000000 14 11 0.19160664408248620E-1 0.19180751025105504E-1
AUDIT_INTEGRATION_STEP 0.77426366560533243E-3 0.0000000000000000 14 12 0.19161819427792111E-1 0.19160664408248620E-1
AUDIT_INTEGRATION_STEP 0.77426366560533243E-3 0.0000000000000000 14 13 0.19160276414041798E-1 0.19161819427792111E-1
AUDIT_INTEGRATION_STEP 0.77426366560533243E-3 0.0000000000000000 14 14 0.19160910767716748E-1 0.19160276414041798E-1
AUDIT_INTEGRATION_STEP 0.77426366560533243E-3 0.0000000000000000 14 15 0.19160629257345109E-1 0.19160910767716748E-1
AUDIT_INTEGRATION_STEP 0.77426366560533243E-3 0.0000000000000000 14 16 0.19160699324992630E-1 0.19160629257345109E-1
AUDIT_INTEGRATION_STEP 0.77426366560533243E-3 0.0000000000000000 14 17 0.19160672019566737E-1 0.19160699324992630E-1
AUDIT_INTEGRATION_STEP 0.77426366560533243E-3 0.0000000000000000 14 18 0.19160677789367846E-1 0.19160672019566737E-1
AUDIT_SIGMA_TABLE 9 0.77426366560533243E-3 0.32189569054596164E-2 0.32189569054596177E-2 0.32189569054596177E-2 0.88758363931286541E-1 5 18
AUDIT_SIGMA_TABLE 10 0.99999997834674878E-3 0.88756723489776548E-1 0.88756723489776548E-1 0.88756723489776548E-1 0.88755771381593865E-1 13 17
AUDIT_SIGMA_TABLE 11 0.12915496375665296E-2 0.88752548418692886E-1 0.88752548418692886E-1 0.88752548418692886E-1 0.88753234006596682E-1 14 17
AUDIT_SIGMA_TABLE 12 0.16681005024180304E-2 0.88750508645157836E-1 0.88750508645157836E-1 0.88750508645157836E-1 0.88750732772053517E-1 13 16
AUDIT_SIGMA_TABLE 13 0.21544346459730643E-2 0.88716297779002612E-1 0.88716297779002612E-1 0.88716297779002612E-1 0.88748262786816412E-1 10 14
AUDIT_SIGMA_TABLE 14 0.27825593464187396E-2 0.88768307402482580E-1 0.88768307402482580E-1 0.88768307402482580E-1 0.88745864927838897E-1 10 16
AUDIT_SIGMA_TABLE 15 0.35938135931922284E-2 0.88743985121994690E-1 0.88743985121994690E-1 0.88743985121994690E-1 0.88743508797466092E-1 13 17
AUDIT_SIGMA_TABLE 16 0.46415887442745694E-2 0.88742642030318189E-1 0.88742642030318189E-1 0.88742642030318189E-1 0.88741246703085488E-1 11 15
AUDIT_SIGMA_TABLE 17 0.59948423902085263E-2 0.88737683961489608E-1 0.88737683961489608E-1 0.88737683961489608E-1 0.88738895638481904E-1 12 16
AUDIT_SIGMA_TABLE 18 0.77426366839955336E-2 0.88733900908853511E-1 0.88733900908853511E-1 0.88733900908853511E-1 0.88736665987572613E-1 12 16
AUDIT_SIGMA_TABLE 19 0.99999998195562396E-2 0.88736359029028780E-1 0.88736359029028780E-1 0.88736359029028780E-1 0.88734469380832001E-1 12 16
AUDIT_SIGMA_TABLE 20 0.12915496422275711E-1 0.88730297744491121E-1 0.88730297744491121E-1 0.88730297744491121E-1 0.88732303600236373E-1 11 15
AUDIT_INTEGRATION_STEP 0.16681005084379971E-1 0.0000000000000000 5 1 0.0000000000000000 0.0000000000000000
AUDIT_INTEGRATION_STEP 0.16681005084379971E-1 0.0000000000000000 5 2 0.22320948445921030E-4 0.0000000000000000
AUDIT_INTEGRATION_STEP 0.16681005084379971E-1 0.0000000000000000 5 3 0.15567176377206380E-4 0.22320948445921030E-4
AUDIT_INTEGRATION_STEP 0.16681005084379971E-1 0.0000000000000000 5 4 0.18690693588501650E-2 0.15567176377206380E-4
AUDIT_INTEGRATION_STEP 0.16681005084379971E-1 0.0000000000000000 5 5 0.18379595535064238E-1 0.18690693588501650E-2
AUDIT_INTEGRATION_STEP 0.16681005084379971E-1 0.0000000000000000 5 6 0.14530492802920972E-1 0.18379595535064238E-1
AUDIT_INTEGRATION_STEP 0.16681005084379971E-1 0.0000000000000000 5 7 0.20404999954878513E-1 0.14530492802920972E-1
AUDIT_INTEGRATION_STEP 0.16681005084379971E-1 0.0000000000000000 5 8 0.19234057563991842E-1 0.20404999954878513E-1
AUDIT_INTEGRATION_STEP 0.16681005084379971E-1 0.0000000000000000 5 9 0.19128000273018982E-1 0.19234057563991842E-1
AUDIT_INTEGRATION_STEP 0.16681005084379971E-1 0.0000000000000000 5 10 0.19155915669699559E-1 0.19128000273018982E-1
AUDIT_INTEGRATION_STEP 0.16681005084379971E-1 0.0000000000000000 5 11 0.19148176785710572E-1 0.19155915669699559E-1
AUDIT_INTEGRATION_STEP 0.16681005084379971E-1 0.0000000000000000 5 12 0.19148558592381220E-1 0.19148176785710572E-1
AUDIT_INTEGRATION_STEP 0.16681005084379971E-1 0.0000000000000000 14 1 0.0000000000000000 0.0000000000000000
AUDIT_INTEGRATION_STEP 0.16681005084379971E-1 0.0000000000000000 14 2 0.22320948445921030E-4 0.0000000000000000
AUDIT_INTEGRATION_STEP 0.16681005084379971E-1 0.0000000000000000 14 3 0.15567176377206380E-4 0.22320948445921030E-4
AUDIT_INTEGRATION_STEP 0.16681005084379971E-1 0.0000000000000000 14 4 0.18690693588501650E-2 0.15567176377206380E-4
AUDIT_INTEGRATION_STEP 0.16681005084379971E-1 0.0000000000000000 14 5 0.18379595535064238E-1 0.18690693588501650E-2
AUDIT_INTEGRATION_STEP 0.16681005084379971E-1 0.0000000000000000 14 6 0.14530492802920972E-1 0.18379595535064238E-1
AUDIT_INTEGRATION_STEP 0.16681005084379971E-1 0.0000000000000000 14 7 0.20404999954878513E-1 0.14530492802920972E-1
AUDIT_INTEGRATION_STEP 0.16681005084379971E-1 0.0000000000000000 14 8 0.19234057563991842E-1 0.20404999954878513E-1
AUDIT_INTEGRATION_STEP 0.16681005084379971E-1 0.0000000000000000 14 9 0.19128000273018982E-1 0.19234057563991842E-1
AUDIT_INTEGRATION_STEP 0.16681005084379971E-1 0.0000000000000000 14 10 0.19155915669699559E-1 0.19128000273018982E-1
AUDIT_INTEGRATION_STEP 0.16681005084379971E-1 0.0000000000000000 14 11 0.19148176785710572E-1 0.19155915669699559E-1
AUDIT_INTEGRATION_STEP 0.16681005084379971E-1 0.0000000000000000 14 12 0.19148558592381220E-1 0.19148176785710572E-1
AUDIT_INTEGRATION_STEP 0.16681005084379971E-1 0.0000000000000000 14 13 0.19148612505896567E-1 0.19148558592381220E-1
AUDIT_INTEGRATION_STEP 0.16681005084379971E-1 0.0000000000000000 14 14 0.19148504974631154E-1 0.19148612505896567E-1
AUDIT_INTEGRATION_STEP 0.16681005084379971E-1 0.0000000000000000 14 15 0.19148505898989868E-1 0.19148504974631154E-1
AUDIT_SIGMA_TABLE 21 0.16681005084379971E-1 0.88730289500538115E-1 0.88730289500538115E-1 0.88730289500538115E-1 0.88730167415550273E-1 12 15
AUDIT_SIGMA_TABLE 22 0.21544346537481499E-1 0.88724596759477484E-1 0.88724596759477484E-1 0.88724596759477484E-1 0.88728100371249230E-1 11 15
AUDIT_SIGMA_TABLE 23 0.27825593564606493E-1 0.88732778886053201E-1 0.88732778886053229E-1 0.88732778886053229E-1 0.88726062053647900E-1 11 15
AUDIT_SIGMA_TABLE 24 0.35938136061618497E-1 0.88718089535468531E-1 0.88718089535468531E-1 0.88718089535468531E-1 0.88724082424179493E-1 10 15
AUDIT_SIGMA_TABLE 25 0.46415887610254794E-1 0.88726432199664820E-1 0.88726432199664820E-1 0.88726432199664820E-1 0.88722137668010598E-1 10 14
AUDIT_SIGMA_TABLE 26 0.59948424118431647E-1 0.88719911170000901E-1 0.88719911170000901E-1 0.88719911170000901E-1 0.88720230491442023E-1 12 16
AUDIT_SIGMA_TABLE 27 0.77426367119377434E-1 0.88717841563412878E-1 0.88717841563412850E-1 0.88717841563412850E-1 0.88718385745585174E-1 12 14
AUDIT_SIGMA_TABLE 28 0.99999998556450004E-1 0.88715262092601790E-1 0.88715262092601790E-1 0.88715262092601790E-1 0.88716550604174202E-1 11 16
AUDIT_SIGMA_TABLE 29 0.12915496468886115 0.88716039494486074E-1 0.88716039494486074E-1 0.88716039494486074E-1 0.88714747719545226E-1 11 15
AUDIT_SIGMA_TABLE 30 0.16681005144579622 0.88711614153079987E-1 0.88711614153079987E-1 0.88711614153079987E-1 0.88712947100524880E-1 11 15
AUDIT_SIGMA_TABLE 31 0.21544346615232376 0.88713194761533262E-1 0.88713194761533262E-1 0.88713194761533262E-1 0.88711083949341074E-1 11 15
AUDIT_SIGMA_TABLE 32 0.27825593665025589 0.88708078631258291E-1 0.88708078631258291E-1 0.88708078631258291E-1 0.88709062093379462E-1 11 15
AUDIT_SIGMA_TABLE 33 0.35938136191314779 0.88707109788018004E-1 0.88707109788018004E-1 0.88707109788018004E-1 0.88706692756252786E-1 11 15
AUDIT_SIGMA_TABLE 34 0.46415887777763981 0.88703949606617344E-1 0.88703949606617344E-1 0.88703949606617344E-1 0.88703699421478141E-1 11 15
AUDIT_SIGMA_TABLE 35 0.59948424334777972 0.88700080053588648E-1 0.88700080053588648E-1 0.88700080053588648E-1 0.88699604282115110E-1 11 15
AUDIT_SIGMA_TABLE 36 0.77426367398799600 0.88693034075306612E-1 0.88693034075306612E-1 0.88693034075306612E-1 0.88693618049469292E-1 11 15
AUDIT_SIGMA_TABLE 37 0.99999998917337340 0.88687844481094277E-1 0.88687844481094277E-1 0.88687844481094277E-1 0.88684440788179664E-1 10 15
AUDIT_SIGMA_TABLE 38 1.2915496515496530 0.88669506926463929E-1 0.88669506926463929E-1 0.88669506926463929E-1 0.88669910374954516E-1 11 15
AUDIT_SIGMA_TABLE 39 1.6681005204779316 0.88646303834346324E-1 0.88646303834346324E-1 0.88646303834346324E-1 0.88646480083599474E-1 11 15
AUDIT_SIGMA_TABLE 40 2.1544346692983196 0.88607726366208200E-1 0.88607726366208200E-1 0.88607726366208200E-1 0.88608277793574969E-1 11 14
AUDIT_SIGMA_TABLE 41 2.7825593765444681 0.88545713832617418E-1 0.88545713832617418E-1 0.88545713832617418E-1 0.88545661433469786E-1 10 14
AUDIT_SIGMA_TABLE 42 3.5938136321010994 0.88441914015015069E-1 0.88441914015015069E-1 0.88441914015015069E-1 0.88442719154837188E-1 10 15
AUDIT_SIGMA_TABLE 43 4.6415887945273084 0.88274455256222975E-1 0.88274455256222975E-1 0.88274455256222975E-1 0.88273673282384044E-1 10 14
AUDIT_SIGMA_TABLE 44 5.9948424551124404 0.87996791847537059E-1 0.87996791847537059E-1 0.87996791847537059E-1 0.87996843185413579E-1 11 14
AUDIT_SIGMA_TABLE 45 7.7426367678221633 0.87546310770769201E-1 0.87546310770769201E-1 0.87546310770769201E-1 0.87546090756681086E-1 10 14
AUDIT_SIGMA_TABLE 46 9.9999999278224934 0.86816485351156950E-1 0.86816485351156950E-1 0.86816485351156950E-1 0.86818118214326320E-1 10 14
AUDIT_SIGMA_TABLE 47 12.915496562106934 0.85654144257422807E-1 0.85654144257422793E-1 0.85654144257422793E-1 0.85655144546268838E-1 10 14
AUDIT_SIGMA_TABLE 48 16.681005264978968 0.83822813318642192E-1 0.83822813318642178E-1 0.83822813318642178E-1 0.83823420886345229E-1 9 14
AUDIT_SIGMA_TABLE 49 21.544346770734034 0.80994999302297907E-1 0.80994999302297907E-1 0.80994999302297907E-1 0.80996007851393992E-1 8 14
AUDIT_SIGMA_TABLE 50 27.825593865863752 0.76766677804518388E-1 0.76766677804518416E-1 0.76766677804518416E-1 0.76766697705166795E-1 9 14
AUDIT_SIGMA_TABLE 51 35.938136450707276 0.70741783415713300E-1 0.70741783415713286E-1 0.70741783415713286E-1 0.70741844227318190E-1 9 14
AUDIT_SIGMA_TABLE 52 46.415888112782191 0.62728012793276403E-1 0.62728012793276403E-1 0.62728012793276403E-1 0.62727898448099742E-1 10 14
AUDIT_SIGMA_TABLE 53 59.948424767470733 0.52904702770888726E-1 0.52904702770888733E-1 0.52904702770888733E-1 0.52904630942352551E-1 9 14
AUDIT_SIGMA_TABLE 54 77.426367957643663 0.41985297143678921E-1 0.41985297143678928E-1 0.41985297143678928E-1 0.41985318619083299E-1 9 14
AUDIT_SIGMA_TABLE 55 99.999999639112545 0.31319899997223670E-1 0.31319899997223670E-1 0.31319899997223670E-1 0.31319886524975915E-1 9 14
AUDIT_SIGMA_TABLE 56 129.15496608717359 0.22211378860074803E-1 0.22211378860074803E-1 0.22211378860074803E-1 0.22211347995645787E-1 9 14
AUDIT_SIGMA_TABLE 57 166.81005325178620 0.15203125117023522E-1 0.15203125117023521E-1 0.15203125117023521E-1 0.15203100752606677E-1 9 14
AUDIT_SIGMA_TABLE 58 215.44346848484952 0.10159477739310079E-1 0.10159477739310080E-1 0.10159477739310080E-1 0.10159481944700234E-1 10 14
AUDIT_SIGMA_TABLE 59 278.25593966282821 0.66750333750698358E-2 0.66750333750698341E-2 0.66750333750698341E-2 0.66750333993517881E-2 10 14
AUDIT_SIGMA_TABLE 60 359.38136580403494 0.43314057447118590E-2 0.43314057447118581E-2 0.43314057447118581E-2 0.43314055426488338E-2 10 14
AUDIT_SIGMA_TABLE 61 464.15888280291466 0.27841980536729731E-2 0.27841980536729739E-2 0.27841980536729739E-2 0.27841984058592614E-2 11 14
AUDIT_SIGMA_TABLE 62 599.48424983817063 0.17764847610412277E-2 0.17764847610412281E-2 0.17764847610412281E-2 0.17764849938091641E-2 11 14
AUDIT_SIGMA_TABLE 63 774.26368237065822 0.11268344195441110E-2 0.11268344195441108E-2 0.11268344195441108E-2 0.11268345187577862E-2 12 14
AUDIT_SIGMA_TABLE 64 999.99999999999977 0.71133370621241036E-3 0.71133370621241057E-3 0.71133370621241057E-3 0.71133375561668497E-3 12 14
