#                 weight             minuslogpost                 omegabh2                 omegach2                       H0                     logA                       ns                      tau               mnu_sample                 A_planck               TT_tSZ_Amp               TT_kSZ_Amp                       As                      mnu                chi2__CMB            minuslogprior         minuslogprior__0                     chi2 chi2__sbt_spt_audit.likelihoods.candl_cobaya.CandlCobayaLikelihood chi2__sbt_spt_audit.likelihoods.desi_dr2_bao.DESIDR2BAOGaussian chi2__planck_2018_lowl.TT chi2__planck_2018_lowl.EE_sroll2 chi2__planck_2018_highl_plik.TT_lite_native chi2__planckpr4lensing.PlanckPR4Lensing
                       9       1517.9852732611516     0.022556616954188386      0.11711789360009207       68.922061376444603       3.0596222738320251      0.97514222609820789     0.062616708197348533    0.0088322360473108499       1.0015263784367738       1.7179450051006258       9.9315518466824635   2.1319502706872829e-09    0.0088322360473108499       492.13390163343024       5.7934714303969193       5.7934714303969193       3024.3836036615094                                                 2521.8448805048929                                              10.404821523186101        21.998669780624994               390.98826714067604                          70.709070187008422                      8.4378945251208073
                       1       1517.8794292523128     0.022556616954188386      0.11711789360009207       68.922061376444603       3.0596222738320251      0.97514222609820789     0.062616708197348533    0.0088322360473108499       1.0016242311530301       1.7179450051006258       9.9315518466824635   2.1319502706872829e-09    0.0088322360473108499       491.92221361575292       5.7934714303969193       5.7934714303969193       3024.1719156438317                                                 2521.8448805048929                                              10.404821523186101        21.986881026768572               390.97609694222285                          70.538824340007224                      8.4204113067542394
                       1        1517.632086483954     0.022589366729581391      0.11705163122002923       68.934220492610621       3.0583601327447321      0.97548688612497358     0.062218110916036996     0.015502782066924382       1.0013169048907304       1.7245155648549235       9.9261265362459756   2.1292611460389184e-09     0.015502782066924382       491.83894376540246       5.7934714303969193       5.7934714303969193       3023.6772301071142                                                 2521.4316757634547                                              10.406610578256693        21.939622772128871               390.83360298201865                          70.727228075835285                      8.3384899354196378
                       1       1517.6683870184072     0.022570526251111771      0.11710783757906511       68.917769786600886       3.0575322355422165      0.97512584122875401     0.061690964290190477     0.014345554170503412        1.001416858590509       1.7314166456683298       9.9356204592165707   2.1274990662038168e-09     0.014345554170503412       491.63256828462602       5.7934714303969193       5.7934714303969193       3023.7498311760205                                                 2521.7249413920517                                              10.392321499342733        21.978719573864964               390.73156617549569                          70.589711077311975                      8.3325714579533923
                       2       1517.6596153017738     0.022597365151583539       0.1174064345059421       68.841240816730121        3.055947354416384      0.97424816768604217     0.061513199528418813    0.0093884757743870114       1.0003137630725831       1.7329485919026453       9.9087636694322132   2.1241299036548663e-09    0.0093884757743870114       492.15646743316313       5.7934714303969193       5.7934714303969193       3023.7322877427537                                                 2521.1247439372896                                              10.451076372300987        22.158035146760085               390.69254605696506                          70.854185299082246                      8.4517009303557504
                       1       1516.8419355804156     0.022519478678004478       0.1175746749665036       68.517334362998483       3.0477614337251682      0.97853111234592616     0.059080019760870531     0.016972863029497132      0.99816761315869462       1.6913285186943821       9.8988370047985761   2.1068129191563716e-09     0.016972863029497132       494.23961593375645       5.7934714303969193       5.7934714303969193       3022.0969283000372                                                 2516.3686541707275                                              11.488658195554025        21.383223163828916                390.3303123274797                          74.019215525949377                      8.5068649164984294
                       2       1518.4807281108083     0.022519478678004478       0.1175746749665036       68.517334362998483       3.0477614337251682      0.97853111234592616     0.059080019760870531     0.016972863029497132        1.002399922989603       1.6913285186943821       9.8988370047985761   2.1068129191563716e-09     0.016972863029497132       497.51720099454121       5.7934714303969193       5.7934714303969193       3025.3745133608227                                                 2516.3686541707275                                              11.488658195554025        20.976061282378225               390.36768914160132                           77.70829417838236                      8.4651563921793009
                       2       1517.5748705278536     0.022519478678004478       0.1175746749665036       68.517334362998483       3.0477614337251682      0.97853111234592616     0.059080019760870531     0.016972863029497132       1.0025102151889487       2.0274995584872038       9.9569096192324071   2.1068129191563716e-09     0.016972863029497132       497.91857724854913       5.7934714303969193       5.7934714303969193       3023.5627981949133                                                 2514.1555627508101                                              11.488658195554025        20.966171510222864               390.34735791491028                          78.121990917840719                      8.4830569055752694
                       4        1517.842870776703     0.022624802000744938      0.11793909436531462        68.57419017815063       3.0453372235315448      0.97867421486378947     0.056615958665038366    0.0031614619555689356        1.002978612435671       1.9095960933601965       9.9552376870201353   2.1017117474561238e-09    0.0031614619555689356       498.48882440018508       5.7934714303969193       5.7934714303969193        3024.098798692612                                                 2513.7229378588113                                              11.887036433615627        20.976277928934167               390.30118786270498                          78.823531572794352                      8.3878270357515774
                       3       1517.5078399586384     0.022865873769333408      0.11721472177101386       68.715682990856294       3.0438525405540751      0.98140453483840029     0.057542357449131047     0.033869985266199207       1.0012054921471616       1.8839626664087086       9.8896592284225608    2.098593687039497e-09     0.033869985266199207       498.83695897392585       5.7934714303969193       5.7934714303969193        3023.428737056483                                                  2513.031413588651                                              11.560364493906102         20.75908673999038               390.29325921110365                           79.11648784241882                      8.6681251804130266
                       2       1517.5222459449842     0.022863864565792046      0.11718916891129334       68.721565013622239       3.0434258461035495      0.98145849639083083     0.057374860057846186     0.033534694965815078       1.0011833697195662       1.8833237380708556       9.8918898943823539   2.0976984197756987e-09     0.033534694965815078       498.96156352934395       5.7934714303969193       5.7934714303969193       3023.4575490291745                                                 2512.9816133379964                                              11.514372161834032        20.749085110581802               390.31356396181599                          79.201194436913596                      8.6977200200325573
                      11        1517.581698934373     0.022863864565792046      0.11718916891129334       68.721565013622239       3.0434258461035495      0.98145849639083083     0.057374860057846186     0.033534694965815078       1.0012158724935825       1.8833237380708556       9.8918898943823539   2.0976984197756987e-09     0.033534694965815078       499.08046950812138       5.7934714303969193       5.7934714303969193       3023.5764550079521                                                 2512.9816133379964                                              11.514372161834032         20.74648463319113               390.31729153674792                          79.310297286828202                      8.7063960513541225
                       1       1515.4674886020489     0.022863864565792046      0.11718916891129334       68.721565013622239       3.0434258461035495      0.98145849639083083     0.057374860057846186     0.033534694965815078      0.99938593057839009       1.8833237380708556       9.8918898943823539   2.0976984197756987e-09     0.033534694965815078       494.85204884347331       5.7934714303969193       5.7934714303969193       3019.3480343433039                                                 2512.9816133379964                                              11.514372161834032        20.897773695016951               390.26338637207334                          75.342342638490464                      8.3485461378925194
                       3       1515.3008499115458     0.022863864565792046      0.11718916891129334       68.721565013622239       3.0434258461035495      0.98145849639083083     0.057374860057846186     0.033534694965815078      0.99871813055094416       1.8833237380708556       9.8918898943823539   2.0976984197756987e-09     0.033534694965815078       494.51877146246716       5.7934714303969193       5.7934714303969193       3019.0147569622977                                                 2512.9816133379964                                              11.514372161834032        20.955403601851572               390.27336078114206                          75.005318352956053                        8.28468872651748
                       4       1515.5302702458214     0.022863864565792046      0.11718916891129334       68.721565013622239       3.0434258461035495      0.98145849639083083     0.057374860057846186     0.033534694965815078      0.99870573993031475       2.0068483063247951       9.7532747925081402   2.0976984197756987e-09     0.033534694965815078       494.51841218946356       5.7934714303969193       5.7934714303969193       3019.4735976308489                                                 2513.4408132795511                                              11.514372161834032        20.956486620978296               390.27336078114206                          75.004721157733215                      8.2838436296099562
                       2       1515.3552036555895     0.022739916069966046      0.11689261811692137       68.735321953522728        3.053218455603067      0.97727608487938433     0.060327221798088394     0.047210571676657015       1.0018421692118007       2.1294867673339031       9.8174842369469104   2.1183412699715214e-09     0.047210571676657015       491.65725402019399       5.7934714303969193       5.7934714303969193       3019.1234644503852                                                 2516.6835705244571                                              10.782639905734216        21.472523363931657               390.42898441154756                          71.410152647648914                      8.3455935970658341
                       2       1515.1823703409459     0.022699683474627586      0.11699193900469498        68.79720203085941       3.0522907886490858      0.97866698426638965     0.060232024815260694     0.036241605010304115       1.0014671122070431       2.1267107247885351       9.8126840562862316   2.1163770659825402e-09     0.036241605010304115       491.57089102592357       5.7934714303969193       5.7934714303969193       3018.7777978210979                                                 2516.6349027067026                                               10.57200408847136        21.266742173233411               390.45436745708304                          71.540903375234336                      8.3088780203727879
                       2       1517.1310386677721     0.022699683474627586      0.11699193900469498        68.79720203085941       3.0522907886490858      0.97866698426638965     0.060232024815260694     0.036241605010304115       1.0012526021130601       1.6499170556502647       9.5547535194139481   2.1163770659825402e-09     0.036241605010304115        491.5101226433311       5.7934714303969193       5.7934714303969193       3022.6751344747504                                                  2520.593007742948                                               10.57200408847136        21.288055677323712               390.44883922080538                          71.483698151380068                      8.2895295938219355
                       3       1519.6663724402531     0.022995140669546939       0.1170011792269012       68.712221092839158       3.0325099389750987      0.98660609406224409     0.055293907267103232     0.056971732018113896      0.99438279681879793        1.546398761812523       9.4218126231499699   2.0749246628868291e-09     0.056971732018113896       497.97411252771167       5.7934714303969193       5.7934714303969193       3027.7458020197123                                                 2517.9036649503096                                              11.868024541690717        20.491103289701471               390.62703487974431                          78.142465897532702                      8.7135084607332036
                       1       1519.6657063549098     0.022995140669546939       0.1170011792269012       68.712221092839158       3.0325099389750987      0.98660609406224409     0.055293907267103232     0.056971732018113896      0.99438261285913698       1.5477527771557256       9.4201476793963668   2.0749246628868291e-09     0.056971732018113896       497.97420071062396       5.7934714303969193       5.7934714303969193       3027.7444698490258                                                 2517.9022445967107                                              11.868024541690717        20.491115446083541               390.62703487974431                          78.142590103848562                      8.7134602809475634
                       6       1519.9575219366754     0.023020035085298207      0.11691897906485856       68.617444577224589        3.036870590443594        0.984292555922757     0.057183811237172338     0.076670156570295495       0.9948249392052031       1.6108992234133963       9.4144949001030653   2.0839924425094671e-09     0.076670156570295495       496.71962875083392       5.7934714303969193       5.7934714303969193        3028.328101012557                                                 2519.1781812052136                                              12.430291056509414        20.724930942373078               390.32714724005984                          76.773037251358176                      8.8945133170428097
                       5       1518.6207926401785     0.022783626837186311      0.11580682459124034       69.397102432801745       3.0467185950894358       0.9878795251809368      0.06197633505960104     0.014926989807637521      0.99754247636087945       1.6010746006170824       9.4708139280221566    2.104616998440504e-09     0.014926989807637521       495.31048547195724       5.7934714303969193       5.7934714303969193       3025.6546424195631                                                 2518.0254046471819                                              12.318752300423405        20.342988804044467               390.69601446473445                          75.676764990117931                      8.5947172130604024
                       3       1518.6217244924094     0.022783626837186311      0.11580682459124034       69.397102432801745       3.0467185950894358       0.9878795251809368      0.06197633505960104     0.014926989807637521      0.99737098980523642       1.6010746006170824       9.4708139280221566    2.104616998440504e-09     0.014926989807637521       495.31234917641967       5.7934714303969193       5.7934714303969193       3025.6565061240249                                                 2518.0254046471819                                              12.318752300423405        20.353697871623922                390.7021952417133                          75.702452503414989                      8.5540035596675015
                       1       1517.4526905765258     0.022783626837186311      0.11580682459124034       69.397102432801745       3.0467185950894358       0.9878795251809368      0.06197633505960104     0.014926989807637521      0.99757241834445076        2.323059873712559       9.4884004576884085    2.104616998440504e-09     0.014926989807637521       495.31556304594341       5.7934714303969193       5.7934714303969193       3023.3184382922577                                                 2515.6841229458905                                              12.318752300423405        20.341130414170209               390.69601446473445                          75.676348622980498                      8.6020695440582049
