#                 weight             minuslogpost                 omegabh2                 omegach2                       H0                     logA                       ns                      tau               mnu_sample                 A_planck               TT_tSZ_Amp               TT_kSZ_Amp                       As                      mnu                chi2__CMB            minuslogprior         minuslogprior__0                     chi2 chi2__sbt_spt_audit.likelihoods.candl_cobaya.CandlCobayaLikelihood chi2__sbt_spt_audit.likelihoods.desi_dr2_bao.DESIDR2BAOGaussian chi2__planck_2018_lowl.TT chi2__planck_2018_lowl.EE_sroll2 chi2__planck_2018_highl_plik.TT_lite_native chi2__planckpr4lensing.PlanckPR4Lensing
                       4        1516.912016317903     0.022925756151189337      0.11615527976702447       68.991715046474312        3.044642015465802      0.98162062547988882     0.058627295026583745     0.075476999623109983       1.0004993179446884       1.8231260742597242        9.839488966756857   2.1002511282733729e-09     0.075476999623109983       494.32639396815944       5.7934714303969193       5.7934714303969193        3022.237089775012                                                 2517.4526466174211                                              10.458049189431872        20.800302213670648               390.30303139573334                          73.032575664763087                      10.190484693992337
                       3       1515.0375974530025       0.0227141001072108      0.11658638742684549       69.030274748079265       3.0423750918806314      0.98204620942433418     0.057971554561145749     0.023137572393279252       1.0003065904988786       1.9444467026344481       9.8519215871409678   2.0954954119153095e-09     0.023137572393279252       493.86940828223482       5.7934714303969193       5.7934714303969193       3018.4882520452111                                                 2514.0706626606961                                              10.548181102280278        20.677960044572615               390.28335659047718                           74.01808581312828                      8.8900058340567671
                       2       1515.1225671788809     0.022761962040683283      0.11661713748299371       68.976084455043747       3.0392432121756459      0.98267899300472039     0.056627290318064044     0.030661246172299685      0.99987026561504166       1.9196038242555269       9.8520018301307903   2.0889428386544487e-09     0.030661246172299685       494.69406509242532       5.7934714303969193       5.7934714303969193       3018.6581914969679                                                  2513.481022039166                                              10.483104365376082        20.607878438081229               390.37926690604604                          74.605749083514056                      9.1011706647839858
                       3       1515.1477595318697     0.022760155242630743      0.11664500160760996       68.977984471971098       3.0390030520468589      0.98257323479530689     0.056410135486595354     0.029956958323991624      0.99992591900787187       1.9252109144539915       9.8505019439358463   2.0884412181103273e-09     0.029956958323991624       494.66663800815195       5.7934714303969193       5.7934714303969193       3018.7085762029456                                                 2513.5620558725645                                              10.479882322229249        20.617156508002438               390.41953688653837                          74.533268853153146                      9.0966757604579591
                       2       1516.7510408477274     0.022792351775824112      0.11703830279264686        69.07032827762059       3.0394779486642118      0.98329030846140719     0.056484077149364334    0.0029129121594289112       0.9995825132224132       2.5752656103756961       9.7167459608388764   2.0894332473173616e-09    0.0029129121594289112       495.58563036801752       5.7934714303969193       5.7934714303969193       3021.9151388346609                                                 2515.8026930282113                                              10.526815438432239        20.572045516429057               390.39848012078443                           76.02969700591737                      8.5854077248866307
                       8       1517.3005777658436     0.022789331535125995      0.11694864878631349       69.115844173903682       3.0380533528425873      0.98431087554777585     0.056512574117868204    0.0016157032557547058      0.99920940620301835       2.5743776385099975       9.7110157672291493   2.0864587686616544e-09    0.0016157032557547058       496.84746913770118       5.7934714303969193       5.7934714303969193       3023.0142126708934                                                 2515.5904978576459                                              10.576245675545577        20.456510811723319               390.45458537502486                          77.163125498336584                      8.7732474526164506
                       4       1516.3833736806762     0.022791669455524199      0.11684353209792306        69.12680726775757       3.0365510171672638      0.98485528368412767       0.0565814427359249     0.002346830821580265      0.99849806717185763       2.1188339272599221       9.6998932247732519   2.0833265606214625e-09     0.002346830821580265       497.23645062258237       5.7934714303969193       5.7934714303969193       3021.1798045005585                                                 2513.3272644510703                                              10.616089426906068         20.40530532390909               390.46762497818474                          77.477313585695029                      8.8862067347934968
                       6       1516.3533180560141     0.022784499385555837      0.11684560483997115       69.107776213325124       3.0365680330041407      0.98502928057344008     0.056636496489448608    0.0042798214664981557      0.99844663133528322       2.1150553896779769       9.7021892890846804    2.083362010467983e-09    0.0042798214664981557       497.35057293446084       5.7934714303969193       5.7934714303969193       3021.1196932512344                                                 2513.1775490188693                                              10.591571297904579        20.389501309418222                390.4720238848497                          77.611644278533717                      8.8774034616591919
                       2       1516.4696360741175      0.02271253627078525      0.11666818017350136       68.989795787707493       3.0318262315768649      0.98558474666277218     0.054565325896866919     0.014566754672265024      0.99854360895226202       1.9045098447252815         9.80760075993018   2.0735065064013199e-09     0.014566754672265024       498.75588978328824       5.7934714303969193       5.7934714303969193       3021.3523292874411                                                 2512.0746549470409                                               10.52178455711182        20.294122398204308               390.86861586791616                          78.221779055886117                      9.3713724612816733
                       2       1516.4143603099058     0.022728200578401275      0.11672827031288079       69.043604938732273       3.0328363724445588      0.98496235983048164     0.054893938905142561    0.0095258999874068013      0.99876929179688523       1.8605141107903425       9.8736159901402338   2.0756020983061852e-09    0.0095258999874068013       498.37222857129444       5.7934714303969193       5.7934714303969193       3021.2417777590176                                                 2512.3128334527596                                              10.556715734964007        20.343829560228869               390.74658641165536                          77.979146624643079                      9.3026659747671339
                       2       1516.6624429767016     0.022704023275600546      0.11660709860567195       69.000308359888322       3.0361407322808693      0.98624848245886487     0.057401858268311443     0.019420393654644506      0.99806138980681003       1.9377276948686655       9.8018335598016506   2.0824719785432587e-09     0.019420393654644506       498.74572411829973       5.7934714303969193       5.7934714303969193       3021.7379430926094                                                 2512.4684205078888                                              10.523798466420677         20.26294951852509               390.47550800636139                          78.768394830454298                      9.2388717629588957
                       3       1518.4125538268015     0.022686284000739278      0.11735391557488835       68.748431256035076       3.0426194313634758      0.98757472382939404     0.060075275587114479    0.0030578525458088181      0.99779305468635215       1.9046802005952992       9.6786798623199566   2.0960074867380607e-09    0.0030578525458088181       502.35656889829232       5.7934714303969193       5.7934714303969193       3025.2381647928091                                                 2511.8653195533602                                               11.01627634115664        20.194432765496401               390.54965483416674                          83.193243465671571                       8.419237832957613
                       3       1516.3710490093731     0.022740755324165998      0.11683166665133812       69.108116056393143       3.0442362197790489      0.98735128217632173     0.059495322395645596    0.0036153649971093164      0.99859190798577258         2.10692727944748       9.7422428713171083   2.0993990283253555e-09    0.0036153649971093164        496.9367946777366       5.7934714303969193       5.7934714303969193       3021.1551551579523                                                 2513.6019515489152                                              10.616408931300441        20.279044358549186               390.44247742403599                          77.813774183168945                      8.4014987119824784
                       1       1517.2554388837552      0.02272722242073346      0.11760561445200927       68.861644295403323       3.0456952654669078      0.98465991602179559     0.059336679099323733     0.022231873465919684      0.99743923417884073       2.2104725337258966        9.722791933109928   2.1024643831272844e-09     0.022231873465919684       495.21069743430184       5.7934714303969193       5.7934714303969193       3022.9239349067166                                                 2517.1537854075727                                              10.559452064842379        20.622199770144221               390.39191193582667                          75.762352363969185                      8.4342333643617948
                       4       1518.4748703093658     0.022719466419137493      0.11718039418054779       68.746676174316519       3.0459385054599304      0.98714336047332485     0.060427110776948713     0.053295786788484012      0.99681764374855442       2.2781679381216686        9.502455608568475   2.1029758487510917e-09     0.053295786788484012        496.4297628148683       5.7934714303969193       5.7934714303969193       3025.3627977579376                                                 2518.2820180737713                                              10.651016869298024         20.39062755259323               390.53573811550172                          77.017649574702745                      8.4857475720705917
                       5       1518.5213722142112      0.02264866230471203      0.11734316655840296       68.871839872081011       3.0561740304815554      0.98104031746497333     0.060797704618485132     0.019460940485893759       1.0018877336637768       2.3320554204683646       9.5137611823743669   2.1246114476385257e-09     0.019460940485893759       492.73034791462914       5.7934714303969193       5.7934714303969193       3025.4558015676284                                                 2522.3013067355505                                              10.424146917449162        21.001759027943251               390.55874389569294                          72.698698738445316                      8.4711462525476229
                       3        1518.882964960756     0.022914798462404053      0.11805069324018591       68.840511882319674       3.0477656323877258      0.97864955995406466     0.056385796899919557    0.0035241799208518519       1.0013403760644957       2.3829504866716755       9.4480661344672594   2.1068217649714613e-09    0.0035241799208518519       494.98717069670022       5.7934714303969193       5.7934714303969193       3026.1789870607181                                                 2519.6639254093802                                              11.527890954637861        21.281629808578828               390.27452833591616                          74.951700336367253                      8.4793122158379806
                       1        1518.126152472063     0.022853724523162887      0.11793380792708522       68.842257571760342       3.0483447677893585      0.98035439243198652     0.057532529563229538    0.0017231255491045295      0.99846090526101061       1.9195668706548223       9.7178251526407227   2.1080422534204079e-09    0.0017231255491045295       496.58882926351106       5.7934714303969193       5.7934714303969193       3024.6653620833322                                                 2516.8307677302701                                              11.245765089550622        21.272431033693579               390.18919398357411                          76.053732134687607                      9.0734721115557786
