#                 weight             minuslogpost                 omegabh2                 omegach2                       H0                     logA                       ns                      tau                      mnu                       As            minuslogprior         minuslogprior__0                     chi2 chi2__sbt_spt_audit.likelihoods.candl_cobaya.CandlCobayaLikelihood chi2__sbt_spt_audit.likelihoods.desi_dr2_bao.DESIDR2BAOGaussian
                       1       11609.558142506665     0.022606257873784143      0.11469826124227099       68.267603505371127       3.0460507568550086       1.0286050584438151     0.072088195684252926       6.1208337392291678   2.1032119239735685e-09       3.4908863374028734       3.4908863374028734       23212.134512338525                                                 22961.444097299023                                              250.69041503950294
                       2       11475.202860301948     0.022844109868301463       0.1150907170273598       68.065997996975213       3.0537599363615802       1.0202234475239262     0.073238319534297325       6.1375521216222761   2.1194886216155608e-09       3.4908863374028734       3.4908863374028734       22943.423947929092                                                 22701.471153231516                                              241.95279469757685
                       2       11198.675071210464     0.022844109868301463       0.1150907170273598       68.065997996975213       3.0091142636504795       1.0641777563010282     0.073238319534297325       6.1375521216222761   2.0269438593366415e-09       3.4908863374028734       3.4908863374028734       22390.368369746124                                                 22148.415575048548                                              241.95279469757685
                       2       11183.450527261535     0.024091892784237109      0.11382946505644943       69.532056016651225       3.0343432887913209       1.0379143090496117     0.076451829401162644       6.1838762443833044   2.0787322148570739e-09       3.4908863374028734       3.4908863374028734       22359.919281848266                                                 22128.225051362606                                              231.69423048565906
                       1       11125.820855440415     0.024076480461307774      0.11668732676561017       68.594456851735387        2.998898532045783       1.0358586885083874     0.055064414629268935       6.2248494325409176   2.0063425527655856e-09       3.4908863374028734       3.4908863374028734       22244.659938206027                                                  22018.57217798409                                              226.08776022193626
                       1       11118.436351102531     0.024076480461307774      0.11668732676561017       68.594456851735387       3.0059686918014603       1.0162604045751968     0.055064414629268935       6.2248494325409176   2.0205779792088292e-09       3.4908863374028734       3.4908863374028734       22229.890929530258                                                 22003.803169308321                                              226.08776022193626
                       3       11001.059051007409      0.02398557481892654        0.114753698987709       68.180855592450357         2.99475225903503       1.0227602989966247     0.053368275787809442       6.3222828326665059   1.9980409310768676e-09       3.4908863374028734       3.4908863374028734       21995.136329340014                                                 21770.770708753906                                              224.36562058610843
                       2       10902.247285011224     0.024630707342117239      0.11449117118739061       68.596158211300889       3.0132461070260121       1.0067201957304075     0.057186446747236774       6.3522799693089622   2.0353361998731533e-09       3.4908863374028734       3.4908863374028734       21797.512797347645                                                  21582.88999113518                                              214.62280621246433
                       1       10791.507543935877     0.024527702114613994      0.11548644554611485       68.174565227757199       3.0282514529882212       1.0026573994380541     0.063951209384908891       6.3044154945601605   2.0661074126791721e-09       3.4908863374028734       3.4908863374028734        21576.03331519695                                                 21358.849704197371                                              217.18361099957872
                       1        10525.39805525924     0.025683009232325957      0.11527286106107633       68.601096714906646       3.0754964533280527      0.97218330729047475      0.07750138780407255       6.3722314224161725   2.1660632735859427e-09       3.4908863374028734       3.4908863374028734       21043.814337843676                                                 20839.634250306553                                              204.18008753712209
                       1       10466.351775466883     0.025602150292782646      0.11587257550302832       68.137780980307227       3.0684128167923324      0.97335411346671463     0.073947347759261872       6.3973322484067898   2.1507738848113601e-09       3.4908863374028734       3.4908863374028734       20925.721778258961                                                 20712.148580169647                                              213.57319808931587
                       1       10373.097121476501     0.025602150292782646      0.11587257550302832       68.137780980307227       3.0463060676952201      0.99862567709468775     0.073947347759261872       6.3973322484067898   2.1037489653303438e-09       3.4908863374028734       3.4908863374028734       20739.212470278198                                                 20525.639272188884                                              213.57319808931587
                       1       10290.116030422461     0.025510215820199866      0.11315783601116595       67.978492656286548       3.0325285743840262       1.0065858168895732     0.072067310797327838       6.4899719715371358   2.0749633303167066e-09       3.4908863374028734       3.4908863374028734       20573.250288170118                                                 20363.062068806496                                               210.1882193636215
                       2       10256.736598462026     0.025510215820199866      0.11315783601116595       67.978492656286548        3.031036519268322      0.99795945883681847     0.072067310797327838       6.4899719715371358   2.0718696791877364e-09       3.4908863374028734       3.4908863374028734       20506.491424249249                                                 20296.303204885626                                               210.1882193636215
                       2       10257.675012077476     0.025367044397933292      0.11382214094631758        67.86331016615091       3.0387236949646912      0.99821530153434412     0.076075156078149422       6.4447276320642466    2.087857878749142e-09       3.4908863374028734       3.4908863374028734       20508.368251480148                                                 20295.329405188088                                              213.03884629205919
                       1       10257.079515772355     0.025367804924312877      0.11381512730960254       67.862802004591785       3.0386908779503079      0.99820159877636283     0.076062432869188998       6.4449758525863468   2.0877893626113582e-09       3.4908863374028734       3.4908863374028734       20507.177258869906                                                 20294.149555682921                                              213.02770318698606
                       1        10180.26181200939     0.026079793802043519       0.1142133074972165       68.426329379494348       3.0703113488819529      0.97770771631388009     0.084709675347193966       6.4308957143679866    2.154861076653963e-09       3.4908863374028734       3.4908863374028734       20353.541851343976                                                 20151.153484362898                                              202.38836698107696
                       2        10130.80396472006     0.025606395816712479       0.1119809755006342       67.937978339619562       3.1148095059729832      0.99685125480627945      0.11483638107596339       6.5434083345941589   2.2529138278424418e-09       3.4908863374028734       3.4908863374028734       20254.626156765316                                                 20046.310998407054                                              208.31515835826139
                       1       10108.109877056504     0.025663640259462134       0.1124208103284587        67.95906062562743       3.1163609172127389      0.99234378339725338      0.11430309524248665       6.5083915819951699   2.2564117363228372e-09       3.4908863374028734       3.4908863374028734       20209.237981438204                                                 20001.375086096778                                              207.86289534142469
                       1       10043.492768802509     0.027179710164037803      0.11756048684324732         68.8130336677375       3.1489377895427024       0.9426148341133056      0.10909430653424584       6.4039083751638373   2.3311289929389064e-09       3.4908863374028734       3.4908863374028734       20080.003764930214                                                 19874.410619431037                                              205.59314549917548
                       7       10043.171389968746     0.027202928923576685      0.11745494422302209       68.835236673080828        3.143945030639264      0.94229485162806659      0.10655109851744815        6.407003831877959   2.3195192343840245e-09       3.4908863374028734       3.4908863374028734       20079.361007262687                                                 19874.523119810372                                              204.83788745231359
                       1       9969.1186786417456     0.027246200663202214      0.11746241747627578       68.715362296126983       3.1765199437577154      0.93915245603250563      0.12236370325007992       6.4061655783648472   2.3963214941101108e-09       3.4908863374028734       3.4908863374028734       19931.255584608687                                                 19723.509612450198                                              207.74597215848888
                       1       9949.2737825556396     0.027391609864082303      0.11732653794493231       68.729910137781616       3.1859475533289512      0.93758759262515112      0.12611161415148106       6.4465394569798518   2.4190199053241676e-09       3.4908863374028734       3.4908863374028734       19891.565792436475                                                 19682.421905028034                                              209.14388740844083
                       2       9889.0672622549228     0.027391609864082303      0.11732653794493231       68.729910137781616       3.1709804724737034      0.94812223572164422      0.12611161415148106       6.4465394569798518   2.3830838386629251e-09       3.4908863374028734       3.4908863374028734       19771.152751835041                                                   19562.0088644266                                              209.14388740844083
                       1       9758.0882291694779     0.027817769068443986      0.11594450672465455       68.805883291417231       3.1659262514223152      0.93880304873225995      0.12184500597252348       6.5093342476762421   2.3710695930603178e-09       3.4908863374028734       3.4908863374028734       19509.194685664152                                                 19303.132530676485                                              206.06215498766784
                       1       9749.1124341162267     0.028723789212699979      0.11455622505995461       69.726613980853045       3.1604905810875361      0.92158510009425032      0.11313149900487252       6.5795471633043325   2.3582162054482104e-09       3.4908863374028734       3.4908863374028734       19491.243095557649                                                 19307.411703546437                                              183.83139201121412
                       1       9520.4469563899765     0.029127366482893144      0.11665800712480771       68.945692584091645       3.2073845572311259      0.90634845909694839      0.13007047045726347       6.6371064941091289   2.4714362620039404e-09       3.4908863374028734       3.4908863374028734       19033.912140105149                                                 18810.732683558163                                              223.17945654698627
                       1       9497.5509933002977     0.029127366482893144      0.11665800712480771       68.945692584091645        3.199997778530681       0.9097412448122526      0.13007047045726347       6.6371064941091289   2.4532475698906733e-09       3.4908863374028734       3.4908863374028734       18988.120213925791                                                 18764.940757378805                                              223.17945654698627
                       5       9468.8271010233202     0.029525324062144434      0.11789502707773516       69.190673630109472       3.2030000021869722      0.89395401200635449      0.12591634206500252       6.5759431903966865   2.4606238348378957e-09       3.4908863374028734       3.4908863374028734       18930.672429371836                                                 18708.649578339529                                              222.02285103230551
                       1       9468.5469397940124     0.029532276891020798      0.11802944614940795       69.180566123003416       3.2025833772875671      0.89345842064700565       0.1254433779677806       6.5728714320237405   2.4595988912035774e-09       3.4908863374028734       3.4908863374028734        18930.11210691322                                                 18707.063717090288                                              223.04838982293046
                       3          9357.5837552998     0.029532276891020798      0.11802944614940795       69.180566123003416        3.162371145120356      0.94782434727951115       0.1254433779677806       6.5728714320237405   2.3626551545816284e-09       3.4908863374028734       3.4908863374028734       18708.185737924796                                                 18485.137348101864                                              223.04838982293046
                       1       9353.7825140616533     0.029536212321338417      0.11799726333797617       69.167464946657873        3.161698767201321      0.94781710353738746      0.12512824216393323       6.5758905240317587   2.3610670913745397e-09       3.4908863374028734       3.4908863374028734       18700.583255448502                                                 18476.949343505363                                              223.63391194314136
                       2       9301.5845077147369     0.029536212321338417      0.11799726333797617       69.167464946657873       3.1408642770196855      0.94924448914462756      0.12512824216393323       6.5758905240317587   2.3123843631403314e-09       3.4908863374028734       3.4908863374028734        18596.18724275467                                                 18372.553330811526                                              223.63391194314136
                       5       9291.3672948447875     0.029536212321338417      0.11799726333797617       69.167464946657873       3.1316068772345327      0.94719877628667959      0.12512824216393323       6.5758905240317587   2.2910764766184906e-09       3.4908863374028734       3.4908863374028734       18575.752817014771                                                 18352.118905071631                                              223.63391194314136
                       1       9054.9519768856899     0.030237435879471287      0.11849079245034808       68.638895560233294       3.1349519647610253      0.92510610812268279      0.11989361464342799       6.6504614322178304   2.2987531603939817e-09       3.4908863374028734       3.4908863374028734       18102.922181096576                                                 17832.939463235107                                              269.98271786146847
                       2       8996.2549771129598     0.030237435879471287      0.11849079245034808       68.638895560233294       3.1141461835639994      0.95356207013377314      0.11989361464342799       6.6504614322178304   2.2514199151425859e-09       3.4908863374028734       3.4908863374028734       17985.528181551115                                                 17715.545463689647                                              269.98271786146847
                       1       8994.2994841072632     0.030232247775197268      0.11843762376321114       68.628704594832655       3.1137239529759158      0.95385014142774305      0.11981569957344895       6.6531960468813569   2.2504694974496225e-09       3.4908863374028734       3.4908863374028734       17981.617195539722                                                 17711.342407057367                                              270.27478848235609
                       1       8844.1350968688967     0.029571414387863339      0.12258781997529887       66.623901466872894       3.1652675348322208      0.96419599461676986      0.14591006456281283       6.7014198467344759   2.3695082444826626e-09       3.4908863374028734       3.4908863374028734       17681.288421062989                                                  17260.04605087918                                               421.2423701838087
                       2       8663.7925052890077     0.030076669560982251      0.12260429034337191       66.339056488785985       3.1868989407430774      0.94550475028859071      0.15201967870754973       6.7190158697424529   2.4213224255373146e-09       3.4908863374028734       3.4908863374028734       17320.603237903211                                                  16848.59112164404                                              472.01211625917216
                       3       8658.5956695872519     0.029966538084872197      0.12304496845261821       66.158356627481808       3.1760883470079833      0.94706073754354347      0.14695764699008113       6.7074562681648349   2.3952874726981308e-09       3.4908863374028734       3.4908863374028734         17310.2095664997                                                  16823.22013475421                                              486.98943174548918
                       1        8591.451679272468     0.029966538084872197      0.12304496845261821       66.158356627481808       3.1456417965981309      0.99104517394017388      0.14695764699008113       6.7074562681648349    2.323458256516155e-09       3.4908863374028734       3.4908863374028734       17175.921585870132                                                 16688.932154124643                                              486.98943174548918
                       1       8586.9726448356614     0.029966538084872197      0.12304496845261821       66.158356627481808       3.1394536396894859      0.99322684168969144      0.14695764699008113       6.7074562681648349   2.3091247270586146e-09       3.4908863374028734       3.4908863374028734       17166.963516996519                                                 16679.974085251029                                              486.98943174548918
                       6       8408.4538530858117     0.029618893076136504      0.12217555261967643        64.92320580245449       3.1391672716470205       1.0032853662756731      0.15161030042214088       6.8258625691386774   2.3084635622034791e-09       3.4908863374028734       3.4908863374028734       16809.925933496819                                                 16207.944795736348                                              601.98113776046978
                       4       8268.4394867206611     0.029900625154148267      0.11949616684416763       64.824063558212941       3.1696721332938398      0.99961060372715649      0.16838375582445764       6.9323643936801318    2.379967995442247e-09       3.4908863374028734       3.4908863374028734       16529.897200766518                                                 15914.318084598699                                              615.57911616781803
                       1       8223.5247955626746     0.029695497565719677      0.11872702681833845        64.43086271057571       3.1679589867135296       1.0072371253838683      0.17069403577835637       6.9876388270366938    2.375894251865872e-09       3.4908863374028734       3.4908863374028734       16440.067818450545                                                   15792.3477289316                                              647.72008951894418
                       1       8207.2958282240379     0.029695497565719677      0.11872702681833845        64.43086271057571       3.1606808220082918       1.0235205926306201      0.17069403577835637       6.9876388270366938   2.3586648773470002e-09       3.4908863374028734       3.4908863374028734       16407.609883773272                                                 15759.889794254328                                              647.72008951894418
                       1       8200.4960567984072     0.029733654757864898      0.11860304111525401       64.454457913101251       3.1598987637192542       1.0226684806207733      0.17014044715408261       6.9912055356176976   2.3568209850382206e-09       3.4908863374028734       3.4908863374028734        16394.01034092201                                                 15747.580283249514                                               646.4300576724961
                       1       8187.6338000571732     0.029733654757864898      0.11860304111525401       64.454457913101251       3.1446058282231606       1.0361355644886168      0.17014044715408261       6.9912055356176976   2.3210524736145055e-09       3.4908863374028734       3.4908863374028734        16368.28582743954                                                 15721.855769767044                                               646.4300576724961
                       2       8181.1771486588732     0.029452088868797729      0.11899464500109558       64.163472440966828       3.1286932696827683       1.0412946763641289      0.16409730893986532       6.9650224893649764   2.2844108940557948e-09       3.4908863374028734       3.4908863374028734        16355.37252464294                                                 15688.918318832313                                               666.4542058106274
                       2       8121.0048034439551     0.029732270854068134      0.12099325163414602       63.714041990804454       3.1125748989688349       1.0309136150985969      0.15075169277364309       6.9845653920724109   2.2478850715625826e-09       3.4908863374028734       3.4908863374028734       16235.027834213104                                                 15469.242220938942                                              765.78561327416094
                       1       7958.0419779637241     0.029189198502420265      0.12048128324933965       62.320341697153573       3.0787357332214609       1.0440345531321469       0.1397936092070429       7.0696330651242887   2.1730911352561809e-09       3.4908863374028734       3.4908863374028734       15909.102183252642                                                 14974.929945364143                                              934.17223788849788
                       2        7947.969736637152     0.029189198502420265      0.12048128324933965       62.320341697153573       3.0687611950073497       1.0689303714193412       0.1397936092070429       7.0696330651242887   2.1515232981103107e-09       3.4908863374028734       3.4908863374028734       15888.957700599498                                                 14954.785462710999                                              934.17223788849788
                       1       7942.7011190114617     0.029189198502420265      0.12048128324933965       62.320341697153573       3.0604103543653056         1.07663464585279       0.1397936092070429       7.0696330651242887   2.1336310814136484e-09       3.4908863374028734       3.4908863374028734       15878.420465348117                                                  14944.24822745962                                              934.17223788849788
                       3       7925.0282855121268     0.029393053022928658       0.1220188659479574       62.102955138998389       3.0628892598066644       1.0688423726764791      0.13701235886381907       7.0710960839301524   2.1389267120832666e-09       3.4908863374028734       3.4908863374028734       15843.074798349448                                                 14839.303755603851                                              1003.7710427455966
                       2       7819.6215640643786     0.030059660770436637      0.11892056567626476        62.87188527348664       3.1118463690263094       1.0534178266553922      0.15978166974635655       7.1074034385000617   2.2462480163748607e-09       3.4908863374028734       3.4908863374028734       15632.261355453951                                                 14724.583675065373                                              907.67768038857832
                       1        7818.954458678083     0.030052188353445218      0.11887011166845994       62.870811176061189       3.1107045032554597       1.0537023345700589      0.15935330905528819       7.1080768483199916   2.2436845664884944e-09       3.4908863374028734       3.4908863374028734        15630.92714468136                                                 14724.162105625184                                              906.76503905617631
                       1       7808.5452277597242     0.030052188353445218      0.11887011166845994       62.870811176061189       3.0840113938772755       1.0850673290087633      0.15935330905528819       7.1080768483199916   2.1845859212943774e-09       3.4908863374028734       3.4908863374028734       15610.108682844642                                                 14703.343643788467                                              906.76503905617631
                       1       7808.9738349431536     0.030052188353445218      0.11887011166845994       62.870811176061189       3.0829859785761178       1.0824049466211352      0.15935330905528819       7.1080768483199916   2.1823469615919415e-09       3.4908863374028734       3.4908863374028734       15610.965897211501                                                 14704.200858155325                                              906.76503905617631
                       1       7786.2333528064401     0.030299618749934708      0.11790177445619784       63.015647811013118       3.0806749950523487       1.0798767387771919      0.15755523733736926       7.1684323545747404   2.1773094168040356e-09       3.4908863374028734       3.4908863374028734       15565.484932938074                                                 14666.358651018902                                              899.12628191917236
                       2       7785.4207947713612     0.030299618749934708      0.11790177445619784       63.015647811013118       3.0772043465193994       1.0834030782393866      0.15755523733736926       7.1684323545747404   2.1697658391962238e-09       3.4908863374028734       3.4908863374028734       15563.859816867916                                                 14664.733534948744                                              899.12628191917236
                       2       7787.8145945149736     0.030299618749934708      0.11790177445619784       63.015647811013118       3.0786963315281777       1.0775274592459372      0.15755523733736926       7.1684323545747404   2.1730055134726256e-09       3.4908863374028734       3.4908863374028734       15568.647416355141                                                 14669.521134435969                                              899.12628191917236
                       2       7749.9035209951053     0.030453623985585047       0.1203263411750318       62.570081284212712       3.0842574542804804       1.0668021562755006      0.15534192910074288       7.1341185786204839   2.1851235275260974e-09       3.4908863374028734       3.4908863374028734       15492.825269315405                                                 14484.382493956638                                              1008.4427753587661
                       1       7593.4013583408123     0.030367778452692486      0.11835266246002636       61.577075920294938       3.0819630332154455       1.0748550116321383      0.15842956575356851       7.3153114570451319   2.1801156813256735e-09       3.4908863374028734       3.4908863374028734       15179.820944006819                                                 14008.357144233698                                              1171.4637997731211
                       4        7591.547219846484     0.030368229165745591      0.11825273698000829       61.570409596284243       3.0825136953040104       1.0752149987678705      0.15886548747615001       7.3212684929358858   2.1813165189776059e-09       3.4908863374028734       3.4908863374028734       15176.112667018162                                                 14004.004706714397                                              1172.1079603037642
                       3       7590.4414384942911     0.030368229165745591      0.11825273698000829       61.570409596284243       3.0854489517607759       1.0737588486902971      0.15886548747615001       7.3212684929358858    2.187728648392553e-09       3.4908863374028734       3.4908863374028734       15173.901104313776                                                 14001.793144010013                                              1172.1079603037642
                       1        7481.034359529579     0.030654320696387002      0.12142296495265109       60.754303689470134       3.0839596947885561       1.0541400498057427      0.15072988626285841       7.2688026551436815   2.1844729831124429e-09       3.4908863374028734       3.4908863374028734       14955.086946384352                                                 13555.606837272362                                              1399.4801091119898
                       5       7419.4779326280977     0.030271067709076494      0.12130317509580851       59.705135545265726       3.1299583232192978       1.0647557580782454      0.17768815389106113        7.361404339789698   2.2873026248476885e-09       3.4908863374028734       3.4908863374028734       14831.974092581389                                                 13239.947607612576                                              1592.0264849688135
                       2        7343.168953545528     0.032047143686044499      0.12053546633493037       60.749681813398503       3.1697438807645253       1.0216907140517524      0.18280219340043183       7.4656389706417379   2.3801387582520593e-09       3.4908863374028734       3.4908863374028734        14679.35613441625                                                 13110.498545335058                                              1568.8575890811924
                       1       7290.4804694943841     0.032131023391667846      0.11950045088805761       60.819220206979395       3.1467451835776901        1.019376121545617      0.17198585264605681       7.4691734595065453   2.3260233449863119e-09       3.4908863374028734       3.4908863374028734       14573.979166313962                                                 13022.296402413345                                              1551.6827639006176
                       1        7252.594827662715     0.032131023391667846      0.11950045088805761       60.819220206979395        3.170040117361784       1.0111246093843791      0.17198585264605681       7.4691734595065453   2.3808439469049936e-09       3.4908863374028734       3.4908863374028734       14498.207882650624                                                 12946.525118750007                                              1551.6827639006176
                       1       7200.4469817451391     0.031163142828761467      0.11982850065384759       59.327368111459194       3.1469687783915883       1.0358857536495729      0.16904646269617268       7.5265395119463969   2.3265434898919418e-09       3.4908863374028734       3.4908863374028734       14393.912190815472                                                 12601.010551658024                                              1792.9016391574473
                       1       7064.5938053953632     0.031620113584388966      0.11385123662138401       59.481700195899123       3.1413226914789329       1.0430400914357147      0.17165504338768978       7.8206855546231235   2.3134446365715012e-09       3.4908863374028734       3.4908863374028734        14122.20583811592                                                 12359.123943718145                                              1763.0818943977754
                       1       7049.5688224803034     0.031809185395490519      0.11455051072078236       59.393352916632082       3.1375660874932962       1.0366699071779379      0.16707716202735756       7.8247595367735858   2.3047702445581477e-09       3.4908863374028734       3.4908863374028734       14092.155872285801                                                  12272.52627130182                                              1819.6296009839807
                       3       7036.0977191120646     0.031861211375537962      0.11457483397003132       59.350182426297408       3.1435221437150949       1.0347215502023148      0.16954177527912889       7.8282288081025762   2.3185385474039099e-09       3.4908863374028734       3.4908863374028734       14065.213665549323                                                 12226.887773429895                                               1838.325892119429
                       1       6999.5073076205235     0.031484648637958218      0.11453283517859017       58.990440074025571       3.1178912850174108       1.0409324618107256      0.16002695524538427       7.7860607474118906   2.2598675198336404e-09       3.4908863374028734       3.4908863374028734       13992.032842566241                                                 12115.861636853217                                              1876.1712057130253
                       1       6989.2504058431632     0.031484648637958218      0.11453283517859017       58.990440074025571       3.1508597522576762        1.002026495277528      0.16002695524538427       7.7860607474118906   2.3356136442329144e-09       3.4908863374028734       3.4908863374028734        13971.51903901152                                                 12095.347833298494                                              1876.1712057130253
                       1       6891.0888537354003     0.031639919875677228      0.11097916569470465       59.130824360826068       3.1980156146788787       1.0029378236845603      0.18745165492499347       7.8800399923401168   2.4483896474278186e-09       3.4908863374028734       3.4908863374028734       13775.195934795995                                                 11950.859676268341                                              1824.3362585276536
                       1       6878.7728836901279     0.031639919875677228      0.11097916569470465       59.130824360826068        3.200221936685919       1.0081059559639152      0.18745165492499347       7.8800399923401168    2.453797546978904e-09       3.4908863374028734       3.4908863374028734        13750.56399470545                                                 11926.227736177796                                              1824.3362585276536
                       2       6777.3702743936001     0.031697750833878192      0.11072806920412061       58.313957662117062       3.1889513089041643       1.0074192322097639      0.18200957859711075       7.9824906125486601   2.4262969736471358e-09       3.4908863374028734       3.4908863374028734       13547.758776112394                                                 11492.893947016897                                              2054.8648290954975
                       1       6718.1544484620717      0.03236086368543855       0.1100061056333945       58.470173013392895       3.2122240794253551      0.99165296763517274      0.18884105643031787       8.0550655589686091   2.4834258211136485e-09       3.4908863374028734       3.4908863374028734       13429.327124249337                                                 11323.736201664737                                              2105.5909225846012
                       1       6720.4745148309248     0.032543276353501696      0.11010689700305452       58.607977709225459       3.1802311135973049      0.98947388914967571      0.17120506620603607       8.0807115728010643    2.405231172604147e-09       3.4908863374028734       3.4908863374028734       13433.967256987044                                                 11337.000035514491                                               2096.967221472552
                       1       6711.7222436654802     0.032450409525785387      0.11378422234902968       57.461025414294653       3.1832888916074356      0.98182103581882352      0.16821763682356816       8.0489407236576724   2.4125970915261873e-09       3.4908863374028734       3.4908863374028734       13416.462714656154                                                 10949.940466365271                                              2466.5222482908835
                       2       6707.6664155154895     0.032450409525785387      0.11378422234902968       57.461025414294653        3.173427850459102      0.99868884899661414      0.16821763682356816       8.0489407236576724    2.388923288342632e-09       3.4908863374028734       3.4908863374028734       13408.351058356173                                                  10941.82881006529                                              2466.5222482908835
                       1       6698.7417771149567     0.032398045476286386      0.11355865818499063        57.37443466385912       3.1709392440012598       1.0005615573653797      0.16781366039052309       8.0606127122861846   2.3829855897818918e-09       3.4908863374028734       3.4908863374028734       13390.501781555107                                                 10907.867087250268                                              2482.6346943048388
                       3       6669.6359731277998     0.032099478076615146      0.10966342650824963       57.699557780154592       3.1840231181363503       1.0179916502567812      0.18290059778466966       8.1434881012921121   2.4143691347753429e-09       3.4908863374028734       3.4908863374028734       13332.290173580794                                                 11042.138299782247                                              2290.1518737985457
                       1       6654.7774601944375     0.032099478076615146      0.10966342650824963       57.699557780154592       3.2085686928662871      0.98882051068951626      0.18290059778466966       8.1434881012921121   2.4743645111317189e-09       3.4908863374028734       3.4908863374028734       13302.573147714069                                                 11012.421273915523                                              2290.1518737985457
                       6       6584.4474980100931     0.032655378906418654      0.10892587258100672       57.576582556792104       3.2216051085227102       0.9763226050598246      0.18571365029356154       8.2397877356279796    2.506832528849642e-09       3.4908863374028734       3.4908863374028734        13161.91322334538                                                 10748.777597370177                                              2413.1356259752029
                       1        6537.148459658205     0.032809768941473971      0.10603222462511683       58.015386404688982       3.2577004953923216       0.9759469574195192       0.2065054213554901       8.2793093528399346   2.5989704930419605e-09       3.4908863374028734       3.4908863374028734       13067.315146641604                                                 10797.148778586279                                              2270.1663680553247
                       1       6486.3754400972621     0.033050776964057241      0.10434245058909405         58.2724056484209       3.2373700754450558      0.97444347982940827      0.19677918666594893       8.3398180643974058   2.5466658210224327e-09       3.4908863374028734       3.4908863374028734       12965.769107519718                                                 10751.649745675897                                              2214.1193618438219
                       3       6443.1976727874553     0.033292701132804851      0.10501643686932435       58.008248046753657       3.2371998160659006       0.9638679000923176      0.19345916855694575       8.3358945044379116   2.5462322641904353e-09       3.4908863374028734       3.4908863374028734       12879.413572900105                                                 10540.120857272694                                              2339.2927156274109
                       1       6433.8023184953936     0.033292701132804851      0.10501643686932435       58.008248046753657       3.2333723559558329      0.97301570867288856      0.19345916855694575       8.3358945044379116   2.5365052884486689e-09       3.4908863374028734       3.4908863374028734       12860.622864315981                                                  10521.33014868857                                              2339.2927156274109
                       1       6375.2123882112091     0.033258900417227739      0.10417931672182584       57.236509953026918       3.2755596616682969       0.9726354069819696      0.21622331610389786       8.4149422103044067    2.645802888231226e-09       3.4908863374028734       3.4908863374028734       12743.443003747612                                                 10174.392592660333                                              2569.0504110872785
                       3       6340.0859316632987      0.03435682092319136      0.10377113354515932       57.933238031044262       3.2857436661595458      0.94333152303827772       0.2119107774084224       8.4400133738107268   2.6728854270068494e-09       3.4908863374028734       3.4908863374028734       12673.190090651791                                                 10147.043679438426                                              2526.1464112133644
                       1       6312.2776349762253     0.034269406570296909      0.10354981983298386       57.791425553211376       3.2728115725939304      0.94494708686810558      0.20654068600069647       8.4390248393368559   2.6385419676189877e-09       3.4908863374028734       3.4908863374028734       12617.573497277644                                                 10063.740433049792                                              2553.8330642278529
                       3       6274.5393144151885      0.03480749326713109      0.10423941397287757       57.536215836538119       3.2730473585062509      0.92552383961650975      0.20072055303587816        8.448726584106927   2.6391641719946492e-09       3.4908863374028734       3.4908863374028734       12542.096856155571                                                 9803.2284205360775                                              2738.8684356194935
                       1       6272.4155357137925     0.035192402875068148      0.10358921016488595       57.935860792751612       3.2710209974031237      0.91843147523247948      0.19725496843837512       8.4807565521697423   2.6338216871016251e-09       3.4908863374028734       3.4908863374028734       12537.849298752779                                                 9871.9125743770092                                              2665.9367243757702
                       1       6257.5774219556852     0.035192402875068148      0.10358921016488595       57.935860792751612       3.3485468079945435      0.83053783030700779      0.19725496843837512       8.4807565521697423    2.846134378009581e-09       3.4908863374028734       3.4908863374028734       12508.173071236564                                                 9842.2363468607946                                              2665.9367243757702
                       5       6198.8244850376759     0.035192402875068148      0.10358921016488595       57.935860792751612        3.349824706629712      0.84093106040186139      0.19725496843837512       8.4807565521697423   2.8497737741411517e-09       3.4908863374028734       3.4908863374028734       12390.667197400546                                                 9724.7304730247761                                              2665.9367243757702
                       2       6166.0078171029836     0.035310157840606447      0.10276522796269108       57.880804178337414       3.3408141614783582      0.84010206125501652      0.19302235386919564       8.5287149268568605   2.8242110986513594e-09       3.4908863374028734       3.4908863374028734       12325.033861531161                                                 9628.8721848365367                                               2696.161676694624
                       1       6142.2074798178883     0.034904755105462482      0.10232163618954117       57.638995114004921       3.3260205962410039      0.85199149784279693        0.189991581495077       8.5331456442005909   2.7827384679065116e-09       3.4908863374028734       3.4908863374028734        12277.43318696097                                                 9576.4970069706706                                              2700.9361799903008
                       6       6126.9290323519381     0.035471921935867297      0.10113174507370437       58.994079023663559       3.2926451452649697      0.83383868386093107      0.16928099396470231       8.4063317353795757    2.691396091943679e-09       3.4908863374028734       3.4908863374028734        12246.87629202907                                                 9906.6276556775028                                              2340.2486363515677
                       1        6109.811638367567     0.035190844615236201      0.10102357360144729       58.667051972594486       3.2897340513535362      0.84196144511489346      0.17062281908524879       8.4246827010880914   2.6835725781838112e-09       3.4908863374028734       3.4908863374028734       12212.641504060328                                                 9817.3628029923675                                              2395.2787010679599
                       1       6108.6842892816076     0.035190844615236201      0.10102357360144729       58.667051972594486       3.3022692075441546      0.82823531754572288      0.17062281908524879       8.4246827010880914   2.7174232983864499e-09       3.4908863374028734       3.4908863374028734       12210.386805888409                                                 9815.1081048204487                                              2395.2787010679599
                       2        6028.598558116365     0.035190844615236201      0.10102357360144729       58.667051972594486       3.3081986117524136      0.84023235421584741      0.17062281908524879       8.4246827010880914   2.7335838634412341e-09       3.4908863374028734       3.4908863374028734       12050.215343557924                                                 9654.9366424899636                                              2395.2787010679599
                       1       5958.9853297844011     0.034533137661374454     0.098718469577989021       58.259636753885616       3.3380666562429675      0.85831409262783764      0.19478465433010433       8.4418722867875058   2.8164622137973737e-09       3.4908863374028734       3.4908863374028734       11910.988886893996                                                 9525.0707442565399                                              2385.9181426374557
                       1       5870.9787102257542     0.033245731903247193     0.098357058264857064       56.236655565303636       3.2787607008840816      0.89536859709721806      0.17794982375949595       8.5714656316122841   2.6542857768197753e-09       3.4908863374028734       3.4908863374028734       11734.975647776702                                                 8902.8470022239544                                              2832.1286455527475
                       5       5771.7447761592894     0.033608026555731516     0.093076215249633776       56.945562243468423       3.2726993716711261      0.90235787747080198      0.17984874548676744       8.7612565640930828   2.6382459373831064e-09       3.4908863374028734       3.4908863374028734       11536.507779643773                                                 8939.5315855186291                                              2596.9761941251445
                       5       5754.3837009438912      0.03377486591899917     0.093873718556026178       56.876116397731394       3.2548876021404101      0.89421180451021054      0.16815710071422979       8.7308932519089719   2.5916701388522743e-09       3.4908863374028734       3.4908863374028734       11501.785629212976                                                 8844.1473257202615                                              2657.6383034927139
                       1        5754.361991186579     0.033763014621305022     0.093844093744224949       56.881031836943848         3.25441801330247      0.89461296733981399       0.1680720936397582       8.7304884118468671   2.5904534051880794e-09       3.4908863374028734       3.4908863374028734       11501.742209698352                                                 8848.2331572163603                                              2653.5090524819916
                       2       5731.9934745744686     0.033763014621305022     0.093844093744224949       56.881031836943848       3.2586049855243471      0.89906937790903951       0.1680720936397582       8.7304884118468671   2.6013222996389375e-09       3.4908863374028734       3.4908863374028734       11457.005176474131                                                 8803.4961239921395                                              2653.5090524819916
                       3       5719.3620871655412     0.034008190994422559     0.093474232119262604       57.233325301619388       3.2610838646078095       0.8922128401090369      0.16751119525144856       8.7137646152168653   2.6077786620416043e-09       3.4908863374028734       3.4908863374028734       11431.742401656276                                                 8858.5275676206256                                              2573.2148340356503
                       1       5700.8394818014422     0.034270541092646288     0.093501628319398275       57.308442389057944       3.2105910030219849      0.88712474970311395      0.14000113916815793       8.7415245081934998   2.4793735067757356e-09       3.4908863374028734       3.4908863374028734       11394.697190928078                                                 8799.1007106911311                                              2595.5964802369472
                       1       5699.4557841587603     0.034270541092646288     0.093501628319398275       57.308442389057944       3.2109949519831842       0.8871998833317718      0.14000113916815793       8.7415245081934998   2.4803752494410561e-09       3.4908863374028734       3.4908863374028734       11391.929795642714                                                 8796.3333154057673                                              2595.5964802369472
                       3        5643.892085191922     0.033191526974536104     0.092144088250042347       56.313540435686129       3.2134111577038067      0.91581491304216867      0.15301720010603501       8.7646182608118242   2.4863755924203704e-09       3.4908863374028734       3.4908863374028734       11280.802397709038                                                 8557.4480189366022                                              2723.3543787724352
                       1       5637.1146130698671     0.033302849322790234     0.094384779568574564       55.864414872390832       3.1947824717615516       0.9034333544442017       0.1391841957271687        8.692203628413063   2.4404864367696562e-09       3.4908863374028734       3.4908863374028734       11267.247453464928                                                 8341.1368103774294                                              2926.1106430874993
                       1       5544.6690492093076     0.033990356322462584     0.092578328926559719        55.56405210139954       3.2174766652172422      0.88778618710334078      0.14724414569864716       8.8334909195288311   2.4965045467913883e-09       3.4908863374028734       3.4908863374028734       11082.356325743809                                                 7933.3665942740099                                              3148.9897314697987
                       1        5542.661197638241     0.033660939413991862     0.092570498462178977       54.946130069279661       3.1896787682513166      0.89882381744862194      0.13663865784997251       8.8924602177240804   2.4280626482099493e-09       3.4908863374028734       3.4908863374028734       11078.340622601676                                                 7755.7442878307929                                               3322.596334770883
                       2       5525.4442151406593      0.03316489047319033     0.091290105074817288       54.932280247600261       3.1631859441983692      0.91640203299371537      0.12984735418113411       8.9072572168340116   2.3645810283167676e-09       3.4908863374028734       3.4908863374028734       11043.906657606512                                                 7831.2782756895767                                              3212.6283819169366
                       2       5523.6639394372241     0.033163861889743407     0.091265814301101977       54.926114794625533       3.1628590485349242      0.91637522522929782       0.1297261540718595       8.9073486167749216   2.3638081833594618e-09       3.4908863374028734       3.4908863374028734       11040.346106199642                                                 7825.9227539066087                                              3214.4233522930326
                       3       5522.0339757062084     0.033163861889743407     0.091265814301101977       54.926114794625533       3.1511205544738257      0.93801036586658737       0.1297261540718595       8.9073486167749216   2.3362228568859516e-09       3.4908863374028734       3.4908863374028734       11037.086178737611                                                 7822.6628264445781                                              3214.4233522930326
                       4       5468.7367981405414     0.033181292006953765     0.089302672753134804       54.658750423826177       3.1559353214989954      0.94310502481433167      0.13515961494882733       9.0185540868133103    2.347498348310541e-09       3.4908863374028734       3.4908863374028734       10930.491823606277                                                 7631.0703068384792                                              3299.4215167677971
                       2       5440.6440934116536     0.033202306436728946     0.088518700881900753       54.882721071394926       3.1669735324368538      0.94254957555581387       0.1415074080453646        9.004809447504968   2.3735540699749506e-09       3.4908863374028734       3.4908863374028734       10874.306414148501                                                 7668.6476218782209                                              3205.6587922702802
                       1       5439.1633277522587     0.033202306436728946     0.088518700881900753       54.882721071394926       3.1700609995016977       0.9376307295300278       0.1415074080453646        9.004809447504968   2.3808936645405092e-09       3.4908863374028734       3.4908863374028734       10871.344882829711                                                 7665.6860905594312                                              3205.6587922702802
                       1       5386.0039405569851     0.032831178903526312      0.08701243572790264       54.129050576363582       3.1337651489958067      0.95106514971517964      0.12925062441493879       9.1004342147933315   2.2960265821959148e-09       3.4908863374028734       3.4908863374028734       10765.026108439164                                                 7356.6902296506105                                              3408.3358787885531
                       3       5357.2444545305816     0.032379690772266205     0.086870468616750698       54.966411876546701       3.0728241996849337      0.95738129840066599      0.10233922256591288       8.8966396113313682   2.1602827300909587e-09       3.4908863374028734       3.4908863374028734       10707.507136386357                                                 7722.7713622931333                                               2984.735774093223
                       2       5351.8154114320323     0.032379690772266205     0.086870468616750698       54.966411876546701       3.0738238454615594      0.96276073852461053      0.10233922256591288       8.8966396113313682    2.162443327334444e-09       3.4908863374028734       3.4908863374028734       10696.649050189259                                                 7711.9132760960347                                               2984.735774093223
                       2       5345.5441571750989     0.032411246038859302     0.087104399123427212       54.860716506512595        3.077978452153038      0.96048657684881733      0.10376182440680894       8.8929544400335327   2.1714461174285371e-09       3.4908863374028734       3.4908863374028734       10684.106541675392                                                 7651.4694551575058                                              3032.6370865178865
                       3       5228.2317155570536      0.03327227249045963     0.084083640873715934       55.213364985897549        3.068559588698577      0.94496620327687719     0.095982130659706816       9.0386377768708126    2.151089581161446e-09       3.4908863374028734       3.4908863374028734       10449.481658439301                                                 7415.1291362512366                                              3034.3525221880654
