#                 weight             minuslogpost                 omegabh2                 omegach2                       H0                     logA                       ns                      tau               mnu_sample                 A_planck               TT_tSZ_Amp               TT_kSZ_Amp                       As                      mnu                chi2__CMB            minuslogprior         minuslogprior__0                     chi2 chi2__sbt_spt_audit.likelihoods.candl_cobaya.CandlCobayaLikelihood chi2__sbt_spt_audit.likelihoods.desi_dr2_bao.DESIDR2BAOGaussian chi2__planck_2018_lowl.TT chi2__planck_2018_lowl.EE_sroll2 chi2__planck_2018_highl_plik.TT_lite_native chi2__planckpr4lensing.PlanckPR4Lensing
                       6       953.33175320719624      0.02250674745184901      0.11644441910422973        68.48529120465065       3.0605073660722675       0.9618709604231841     0.061546765067023647      0.08521926016897112       1.0066269242179511       1.2635191178347738       2.0405852757243452   2.1338380786472986e-09      0.08521926016897112       496.50960772115019       5.7934714303969193       5.7934714303969193       1895.0765635535986                                                 1387.8465207414097                                              10.720435091039073        24.199624285364621               390.80898279472996                          71.697207425308804                      9.8037932157467758
                       6       953.41267771334037      0.02250674745184901      0.11644441910422973        68.48529120465065       3.0605073660722675       0.9618709604231841     0.061546765067023647      0.08521926016897112       1.0058818283841719       1.2635191178347738       2.0405852757243452   2.1338380786472986e-09      0.08521926016897112       496.67145673343799       5.7934714303969193       5.7934714303969193       1895.2384125658868                                                 1387.8465207414097                                              10.720435091039073        24.324213226827112               390.80180782772777                          72.074805985185478                      9.4706296936976226
                       2       951.70260057918676     0.022431940593394466      0.11673546263630233       68.397654544557554       3.0592794706442139       0.9607027591613958     0.059665494339628262     0.075425882951738785       1.0070040385708738        1.296277456463466       2.0374497943091665   2.1312195565909531e-09     0.075425882951738785       495.22351365501845       5.7934714303969193       5.7934714303969193       1891.8182582975796                                                 1385.5879264531216                                              11.006818189439295        24.502900331674994               390.34353183064621                          71.298186509941274                      9.0788949827559833
                       1       950.92105626341197     0.022401762087237525      0.11695341120275332       68.340853409215143        3.061924621092496      0.96196303175428355       0.0616021127047627     0.070124539210192752       1.0061477345481231       1.2906180249122601       2.0349037779240891   2.1368644154155436e-09     0.070124539210192752       493.69282767526187       5.7934714303969193       5.7934714303969193         1890.25516966603                                                 1385.2524260622374                                              11.309915928530645        24.273752243021761               390.86676640890715                          69.952162388740845                      8.6001466345921305
                       6       950.77218803281846     0.022418739691106797      0.11686209506936648       68.469780736974585       3.0615052934551237      0.96293937445910838     0.061663949496230337     0.062753007496035712       1.0059351561812411       1.2960150641890749        1.979443533614156   2.1359685569510762e-09     0.062753007496035712        493.0287247091245       5.7934714303969193       5.7934714303969193        1889.957433204843                                                 1386.1718546926336                                              10.756853803084571         24.07243415089323                390.8529251345123                          69.522484373755688                       8.580881049963299
                       3       951.30572785251229     0.022450653996434665      0.11683124513961521       68.527979724530354       3.0602515161036408      0.96312942205846463     0.061355532968229168     0.058632061352828321        1.005575114593249       1.2929498254265495       1.9609234344356086   2.1332922060755403e-09     0.058632061352828321       493.28624685050016       5.7934714303969193       5.7934714303969193       1891.0245128442307                                                 1387.0904627306215                                              10.647803263109157        24.040680114277848               390.73653690316002                          69.918092543732996                      8.5909372893292968
                       4        950.3794177955042     0.022431525690061245      0.11694462325250513       68.734669484311993       3.0617021702018907      0.96257558000981858     0.060993329118911782     0.035606123105617157       1.0067664040124791       1.3081188430735524       1.9178151577742042   2.1363891208900369e-09     0.035606123105617157       492.70087473757474       5.7934714303969193       5.7934714303969193       1889.1718927302145                                                 1386.1476135293426                                              10.323404463297033        24.177029368878436               390.67655877011998                           69.49932466593043                      8.3479619326459051
                       4       950.70183071012184     0.022431525690061245      0.11694462325250513       68.734669484311993       3.0617021702018907      0.96257558000981858     0.060993329118911782     0.035606123105617157       1.0060668826593702       1.3081188430735524       1.9178151577742042   2.1363891208900369e-09     0.035606123105617157        493.3457005668098       5.7934714303969193       5.7934714303969193       1889.8167185594498                                                 1386.1476135293426                                              10.323404463297033        24.293587888858269               390.64356631029767                          70.140522670764895                      8.2680236968889584
                       2       950.16496971056563     0.022404097401891272      0.11690462512767481       68.690730285350909        3.061469160202861      0.96245773463127049     0.060824559650709042     0.040177668412527741       1.0062234682647846       1.3109712487861345       1.9582726378437634   2.1358913788547392e-09     0.040177668412527741       493.05662711482893       5.7934714303969193       5.7934714303969193       1888.7429965603374                                                 1385.3647197780876                                              10.321649667420974         24.29094403711008               390.60650840598669                          69.848179519035781                      8.3109951526963552
                       4       949.71182782486903     0.022411111523812522      0.11689953810820013       68.744518138275097       3.0606268397168983      0.96151811443543866     0.060418229115430808     0.036207045813660244        1.006317721873828       1.2979827614976636       2.0471056722163028   2.1340930312893641e-09     0.036207045813660244       493.59888651811082       5.7934714303969193       5.7934714303969193       1887.8367127889442                                                 1383.9192366502784                                               10.31858962055475        24.503423156835822               390.48611173602893                          70.262808983805854                      8.3465426414402106
                       2       946.86658319837022     0.022323006219105823      0.11719612103885366       68.782792971142996       3.0541874563175098       0.9670099387148785     0.059621453382583879     0.013319943799076295       1.0033242916285381         1.34028175416236       1.9749069600205658   2.1203949390182508e-09     0.013319943799076295        489.7344839134679       5.7934714303969193       5.7934714303969193       1882.1462235359465                                                 1382.0673554337072                                              10.344384188771311        23.223736099464588               390.34977165968479                          67.907439968379293                      8.2535361859391987
                       1        948.0191075866345     0.022206494997702303      0.11746488556739031       68.369636311297484       3.0520197019766835      0.96620787899032934     0.056817128635921456     0.031353773977335388       1.0047196688276656       1.4029566598990066       1.8825125608516433   2.1158034221232899e-09     0.031353773977335388       490.37703772837062       5.7934714303969193       5.7934714303969193       1884.4512723124751                                                 1383.1803504066395                                              10.893884177464777        23.230934503004448               390.07967928108468                          68.800108771696287                      8.2663151725852444
                       1       947.96594797369085     0.022190700080823852      0.11729246505762542       68.411343153000345       3.0536368625555044      0.96558896169447994     0.057426931476058631     0.030801457511602473       1.0052905075179783       1.3984995156916378        1.937856572506423   2.1192277841354241e-09     0.030801457511602473       490.36740328098688       5.7934714303969193       5.7934714303969193       1884.3449530865878                                                 1383.3327645956681                                              10.644785209932991        23.358997325921337               390.06740611840706                          68.674710324892885                      8.2662895117655886
                       1       948.98259129526252     0.022190700080823852      0.11729246505762542       68.411343153000345       3.0536368625555044      0.96558896169447994     0.057426931476058631     0.030801457511602473       1.0052894947462063       1.3783134603436005       2.1393067121572766   2.1192277841354241e-09     0.030801457511602473       490.36905304056711       5.7934714303969193       5.7934714303969193       1886.3782397297311                                                 1385.3644014792314                                              10.644785209932991        23.359149644961974               390.06740611840706                          68.676286033553069                      8.2662112436449675
                       4       948.51459065861525     0.022190700080823852      0.11729246505762542       68.411343153000345       3.0536368625555044      0.96558896169447994     0.057426931476058631     0.030801457511602473       1.0063849689623716       1.3783134603436005       2.1393067121572766   2.1192277841354241e-09     0.030801457511602473       489.43305176727222       5.7934714303969193       5.7934714303969193       1885.4422384564366                                                 1385.3644014792314                                              10.644785209932991        23.196076606466988               390.06800469235736                          67.771759544484723                      8.3972109239631507
                       1       949.02875746007737     0.022198828037682021      0.11696198770420872        68.52781255063833         3.04966353348668      0.96774543653775547     0.056380680306101619     0.032811031497478819       1.0056526391366425       1.3965092631108298       2.0825064849096973   2.1108241011322225e-09     0.032811031497478819       489.71809501652325       5.7934714303969193       5.7934714303969193       1886.4705720593608                                                 1386.4178727770561                                              10.334604265781584        22.738599204365755               390.09144284325998                          68.153687954306733                       8.734365014590761
                       4       948.97659603350337     0.022198828037682021      0.11696198770420872        68.52781255063833         3.04966353348668      0.96774543653775547     0.056380680306101619     0.032811031497478819        1.005652372756884       1.3788894796169802       2.1167174795681065   2.1108241011322225e-09     0.032811031497478819       489.71812262805798       5.7934714303969193       5.7934714303969193       1886.3662492062128                                                 1386.3135223123734                                              10.334604265781584        22.738635854396932               390.09144284325998                          68.153753335014471                      8.7342905953865877
                       4       948.18623482867451     0.022188702062767969      0.11696524230432166       68.564669299635639       3.0467094967797603      0.96728594363329334     0.054530927489884903     0.034352782366244783       1.0060404797883495       1.3866461714957523       2.1492702415342015    2.104597850070413e-09     0.034352782366244783       489.91082417767859       5.7934714303969193       5.7934714303969193       1884.7855267965551                                                 1384.5826378467882                                              10.292064772088439        22.773974332591933               390.14795706380448                          67.935225920098276                      9.0536668611838724
                       4       948.75791466655619     0.022100638170731553       0.1180486107230608       68.181568580037776       3.0468469610199365      0.96506010116137786     0.052617081939133004     0.024162273854066905       1.0068515619305292       1.4166568014440668       2.1072337837317949   2.1048871769003404e-09     0.024162273854066905        489.9387933055271       5.7934714303969193       5.7934714303969193       1885.9288864723185                                                 1384.1365350584958                                              11.853558108295584        23.147645939395034               390.39905039766955                          68.024742447653978                      8.3673545208085383
                       3       948.34723655644666     0.022012648676278748      0.11772649464915777       68.271539599390252       3.0406316053417024      0.96347637958076804      0.04972063949200773     0.028479476493856137       1.0074233993707766       1.4099472991688484       2.4543302331244869   2.0918451269082954e-09     0.028479476493856137       491.73948317014447       5.7934714303969193       5.7934714303969193       1885.1075302520994                                                 1382.5465515666731                                               10.82149551528194        23.318017720673822                391.2859620017602                          68.097839778859338                      9.0376636688510832
                       2       946.84644322204656     0.022012648676278748      0.11772649464915777       68.271539599390252       3.0406316053417024      0.96347637958076804      0.04972063949200773     0.028479476493856137       1.0074245071067549       1.3644896058912188       2.1309914976490476   2.0918451269082954e-09     0.028479476493856137       491.73949150867566       5.7934714303969193       5.7934714303969193       1882.1059435832992                                                 1379.5449565593417                                               10.82149551528194        23.317852582252442                391.2859620017602                          68.097636067020261                      9.0380408576427165
                       3       946.83956255477585     0.022012648676278748      0.11772649464915777       68.271539599390252       3.0406316053417024      0.96347637958076804      0.04972063949200773     0.028479476493856137       1.0073656193023606       1.3644896058912188       2.1309914976490476   2.0918451269082954e-09     0.028479476493856137       491.72573017413441       5.7934714303969193       5.7934714303969193       1882.0921822487578                                                 1379.5449565593417                                               10.82149551528194        23.326636434929696               391.27025805098941                          68.110717408275718                      9.0181182799395678
                       3       946.27301995299115     0.022016795501544596      0.11728596871235002       68.595745709344513       3.0482903565378487      0.96427970837575228     0.053884108711176416     0.013090958200160001       1.0078732887114643       1.3409418865954383       2.1586447912297548   2.1079275553236259e-09     0.013090958200160001       490.52245247570988       5.7934714303969193       5.7934714303969193       1880.9590970451884                                                   1380.10341955175                                              10.333225017728759         23.27513983175993               390.17823229954303                          68.243209002065484                      8.8258713423414186
                       3       946.95778956165645     0.022016795501544596      0.11728596871235002       68.595745709344513       3.0482903565378487      0.96427970837575228     0.053884108711176416     0.013090958200160001       1.0078734570851855        1.282452191905264       2.0308334543290827   2.1079275553236259e-09     0.013090958200160001       490.52248339851303       5.7934714303969193       5.7934714303969193        1882.328636262519                                                 1381.4729278462771                                              10.333225017728759         23.27511480020803               390.17823229954303                          68.243214922523975                      8.8259213762379911
                       2       947.26814071232241     0.021998483349273831       0.1172360933446575       68.526376435226126       3.0482198542150796      0.96304414002627825     0.053197477351843034     0.017517754870179481       1.0086791640286323       1.2894056416323649       2.0578216921176966   2.1077789467734319e-09     0.017517754870179481       490.77524011155691       5.7934714303969193       5.7934714303969193       1882.9493385638509                                                 1381.8865477032496                                              10.287550749044406        23.496236362726677               390.21712805712468                            68.1822103982893                      8.8796652934162914
                       4       947.13087176909823     0.022085378769214639      0.11699174452075205       68.474466149006545       3.0555568046632531      0.96565513862628249     0.058201540049799785     0.035578566713716203       1.0072607752149314       1.2593597142877404       1.8880071085588386     2.12330048722011e-09     0.035578566713716203       490.14949901639255       5.7934714303969193       5.7934714303969193       1882.6748006774026                                                 1382.2297547219125                                              10.295546939097392        23.146197509281308               390.21100503247436                          68.165378408622217                      8.6269180660146425
                       5       947.13239079613243     0.022085378769214639      0.11699174452075205       68.474466149006545       3.0555568046632531      0.96565513862628249     0.058201540049799785     0.035578566713716203        1.007260905406733       1.2676181028897187       1.8707479995047545     2.12330048722011e-09     0.035578566713716203       490.14949230373537       5.7934714303969193       5.7934714303969193        1882.677838731471                                                 1382.2327994886382                                              10.295546939097392        23.146178475812803               390.21100503247436                          68.165358597429631                      8.6269501980185748
                       2       946.54368236793061     0.022085378769214639      0.11699174452075205       68.474466149006545       3.0555568046632531      0.96565513862628249     0.058201540049799785     0.035578566713716203       1.0072597893769011       1.2554071322698541       2.1080386621499883     2.12330048722011e-09     0.035578566713716203       490.14955061792631       5.7934714303969193       5.7934714303969193       1881.5004218750673                                                 1381.0553243180434                                              10.295546939097392        23.146341636348268               390.21100503247436                          68.165529151040488                      8.6266747980632061
                       6        947.0034010745519     0.022090111738645498      0.11841038655842892        68.07377436421784       3.0553868351830582      0.95797436324400964     0.056332147394046066    0.0091429821073820729       1.0077718683641619       1.2043295086888746       2.4075594596869871   2.1229396216089387e-09    0.0091429821073820729       490.94503233466577       5.7934714303969193       5.7934714303969193       1882.4198592883099                                                 1378.3662331291457                                              13.108593824498472        24.853031375317698               389.97873606352761                          67.836410145641281                      8.2768547501792078
                       8        946.5652799683287     0.022115155425702939      0.11830976301912216       68.076254385626598       3.0536188498825565      0.95993075920740989     0.056385959996009538      0.01585444694827233        1.006690257632002        1.208414246918222       2.3327676742773509   2.1191896115222428e-09      0.01585444694827233       490.30515323078112       5.7934714303969193       5.7934714303969193       1881.5436170758635                                                 1378.1375524698974                                               13.10091137518492        24.395641353887356               389.96811686937946                           67.68600704129706                      8.2553879662172687
                       6       946.57695188072819     0.022166695036147158      0.11838509882742321       68.110196807981168       3.0546845102621791      0.96019988377837473     0.057565973911852621     0.014047234274053555       1.0058479172849146       1.1833908835057367       2.3362681092403883   2.1214491516655196e-09     0.014047234274053555       490.45039107589747       5.7934714303969193       5.7934714303969193       1881.5669609006625                                                 1377.9362848153419                                              13.180285009423242         24.42036618521314               390.09384901336153                           67.64847231531391                      8.2877035620088737
                       1       946.08055432530841     0.022113182690070541      0.11863642381532097       68.111928597673796       3.0554190925772029      0.96062721962277797     0.057484616598814826     0.012673351353026861       1.0060971737233366       1.1892838643339809       2.3551080129024293   2.1230081032135714e-09     0.012673351353026861       490.13032380985157       5.7934714303969193       5.7934714303969193       1880.5741657898229                                                 1377.4925699622236                                              12.951272017747705        24.319072195397609               390.10145998547415                          67.347355991911186                      8.3624356370686552
                       6       946.54622167734988     0.022113182690070541      0.11863642381532097       68.111928597673796       3.0554190925772029      0.96062721962277797     0.057484616598814826     0.012673351353026861       1.0048032256841564       1.1892838643339809       2.3551080129024293   2.1230081032135714e-09     0.012673351353026861        491.0616585139345       5.7934714303969193       5.7934714303969193       1881.5055004939059                                                 1377.4925699622236                                              12.951272017747705         24.53976650974505               390.07769690608706                          67.881380769879783                       8.562814328222629
                       1        948.6691640047743     0.022113182690070541      0.11863642381532097       68.111928597673796       3.0554190925772029      0.96062721962277797     0.057484616598814826     0.012673351353026861       1.0047986859619347      0.97104586674409554       3.0632656410412635   2.1230081032135714e-09     0.012673351353026861       491.06917422546462       5.7934714303969193       5.7934714303969193       1885.7513851487547                                                 1381.7309389055424                                              12.951272017747705        24.540548834925801               390.07769690608706                          67.887182696103409                      8.5637457883483421
                       4       949.70711023270485     0.022113182690070541      0.11863642381532097       68.111928597673796       3.0554190925772029      0.96062721962277797     0.057484616598814826     0.012673351353026861        1.008052127312816      0.97104586674409554       3.0632656410412635   2.1230081032135714e-09     0.012673351353026861       493.14506668132594       5.7934714303969193       5.7934714303969193       1887.8272776046158                                                 1381.7309389055424                                              12.951272017747705        23.995876866782112               390.11333858885234                          70.732379633768218                       8.303471591923266
                       6       952.89620212298189     0.022327999522325181      0.11887867007079632        68.30039280841423       3.0589866370610359      0.96229372754750986     0.060787425934725685    0.0051777178843940164       1.0056849522998026      0.90969596122128316       2.8738753813762528   2.1305955553003834e-09    0.0051777178843940164       495.09644787945047       5.7934714303969193       5.7934714303969193       1894.2054613851699                                                 1386.3423343112897                                                12.7666791944295        23.926260972545435               390.69817386376479                          72.137637343654688                       8.334375699485598
                       2       952.39649928163669     0.022329352485585895      0.11893145339152418       68.291740691525177       3.0580042441571895      0.96228131527209693     0.059968579559564701    0.0073301727372930229       1.0058950738259671      0.91811727721574843       2.8375041049858751   2.1285035011237312e-09    0.0073301727372930229       494.69897792473341       5.7934714303969193       5.7934714303969193       1893.2060557024795                                                 1385.6516261409201                                              12.855451636826109        23.909321857993518                390.5276650113525                           71.92797905545099                      8.3340119999364415
                       4       952.59587839355481     0.022318857268174348      0.11871136692510434       68.375606183635512       3.0607928435529477      0.96258525895495117     0.061450596407060611    0.0087013015129134372       1.0061879842549319      0.90959692136491344        2.867149509950722   2.1344473283255644e-09    0.0087013015129134372       494.87812349990531       5.7934714303969193       5.7934714303969193       1893.6048139263157                                                 1386.7801980301247                                              11.946492396285596        23.879086426904337               390.86599021741785                          71.824234335782378                      8.3088125198007923
                       7       950.46953315564019     0.022250816891601185      0.11810822115923113       68.450277832541545        3.051388077165488      0.96234874142650639     0.058279474750539843    0.0042716306255543828       1.0056127296271047      0.92254719175642685       3.1459753881168107   2.1144674501472035e-09    0.0042716306255543828       493.37356964925556       5.7934714303969193       5.7934714303969193       1889.3521234504865                                                 1384.9640648437098                                              11.014488957521111        23.691571305730406               390.18127031158599                          71.015501737041006                      8.4852262948981299
                       6       951.10249112051076     0.022007033517222604      0.11903578244240642       67.986838248008581       3.0387734582542159      0.96702766483325986     0.051806325613146978    0.0056686245736028099       1.0043605115061525       1.0516675260893786       2.9503413107711132   2.0879617800104613e-09    0.0056686245736028099       495.49248322455975       5.7934714303969193       5.7934714303969193       1890.6180393802276                                                 1381.2662395024406                                              13.859316653227019        22.493239912746674               390.67339649544948                          73.661510826487429                      8.6643359898761734
                       1       951.17364536543778     0.022012557406398649      0.11911012273587908       67.936585183036627       3.0401076088544334      0.96672134659564557      0.05237006015739009    0.0078557252650764044        1.004371094161491       1.0452086870778001       2.9486173294408364    2.090749294541114e-09    0.0078557252650764044       495.14762132464006       5.7934714303969193       5.7934714303969193       1890.7603478700817                                                 1381.1021746360354                                              14.510551909406164        22.570062835143403               390.50328308917369                          73.478109690472294                      8.5961657098506681
                       2       949.80670266742948     0.022012557406398649      0.11911012273587908       67.936585183036627       3.0401076088544334      0.96672134659564557      0.05237006015739009    0.0078557252650764044       1.0043749311166885       1.2224729367712655       2.3391204654431186    2.090749294541114e-09    0.0078557252650764044       495.15840287018574       5.7934714303969193       5.7934714303969193       1888.0264624740651                                                  1378.357507694473                                              14.510551909406164        22.569550688306776               390.50328308917369                          73.488926339141273                      8.5966427535640246
                      11       950.47977346583536     0.022010610998269557      0.11923591219678201       67.886533476146724        3.038769638611023      0.96717110907043391     0.051792487734211273    0.0096775032357726172       1.0040331607964921        1.228674471195278       2.3092847895403481   2.0879538047566926e-09    0.0096775032357726172       495.73683327187052       5.7934714303969193       5.7934714303969193       1889.3726040708768                                                 1378.4430276685841                                              15.192743130422048        22.484580346151517               390.67782417438355                           73.95430832954186                      8.6201204217936223
                       9       949.48543373079781     0.022037777856100092      0.11910156442159174       67.954612666435949       3.0397478852036688      0.96672913740038757     0.052219578353967934    0.0092293697109774656       1.0042801906611305       1.2191724729902182        2.315218505690547   2.0899973378284641e-09    0.0092293697109774656       494.81580621512313       5.7934714303969193       5.7934714303969193       1887.3839246008017                                                 1378.1004347024361                                              14.467683683242708        22.582193513401194               390.51957671072068                          73.113145262327478                      8.6008907286737699
                       3       949.44432090129283       0.0220391955649567      0.11907627710314178       67.952346827016143       3.0397444314737774      0.96676216063478249     0.052254162079276932     0.010472705859216364       1.0042658299945217       1.2186552929770469       2.3159227512738054   2.0899901195546504e-09     0.010472705859216364       494.91246221835877       5.7934714303969193       5.7934714303969193       1887.3016989417918                                                 1377.9208259187074                                              14.468410804725739        22.574387050732014               390.53697057095644                          73.194765723863867                      8.6063388728064023
                      10        949.0487085137878       0.0220391955649567      0.11907627710314178       67.952346827016143       3.0397444314737774      0.96676216063478249     0.052254162079276932     0.010472705859216364       1.0039672245860207       1.2186552929770469       2.3159227512738054   2.0899901195546504e-09     0.010472705859216364       494.12123744334889       5.7934714303969193       5.7934714303969193       1886.5104741667817                                                 1377.9208259187074                                              14.468410804725739        22.614441219750461               390.51844791386122                          72.420021566369584                      8.5683267433676225
                       2       950.04139299160681      0.02214607109607215      0.11908960468768504        67.88558604204222       3.0367864711322903      0.95714578256439764     0.046903956853190078    0.0074496229363598728       1.0081575464306531       1.2096807654637121       2.4250127742881662   2.0838171458734605e-09    0.0074496229363598728       495.08061946127674       5.7934714303969193       5.7934714303969193       1888.4958431224197                                                 1376.9863068240293                                              16.428916837113515        24.539162927269842               392.42087638381093                           69.64106900328909                      8.4795111469068996
                       4       952.18455009866329     0.022101861714079057      0.11959178671787145       67.776535343963815        3.037967009984861       0.9537959149754478     0.045928778530097192   0.00034092690977164178       1.0094615545869166       1.1987015484376773       2.5664668710690268   2.0862786256261843e-09   0.00034092690977164178       496.75775606693855       5.7934714303969193       5.7934714303969193       1892.7821573365327                                                 1377.7767847230009                                              18.247616546593271        25.348000210649616               392.74704842116284                           70.28521411878485                      8.3774933163412832
                       8       951.27650604970347     0.022101861714079057      0.11959178671787145       67.776535343963815        3.037967009984861       0.9537959149754478     0.045928778530097192   0.00034092690977164178       1.0072994491737006       1.1987015484376773       2.5664668710690268   2.0862786256261843e-09   0.00034092690977164178       494.94166796901897       5.7934714303969193       5.7934714303969193        1890.966069238613                                                 1377.7767847230009                                              18.247616546593271        25.753858758072795               392.66748857770614                          68.198956442073012                      8.3213641911669729
                       2       951.95271755160513     0.022053798813029581      0.11962658754242386       67.575571754337858       3.0421287201567488      0.95439863714374107     0.047254182292711243     0.016282197157188184       1.0079755092494389       1.2192620117226594       2.4534033565091584   2.0949792046903311e-09     0.016282197157188184         493.833300234842       5.7934714303969193       5.7934714303969193       1892.3184922424164                                                 1377.4812581227213                                              21.003933884853101        25.607889383730424               391.83906541541302                          67.940690361582213                      8.4456550741163667
                       1       954.25130909694792     0.022053798813029581      0.11962658754242386       67.575571754337858       3.0421287201567488      0.95439863714374107     0.047254182292711243     0.016282197157188184       1.0079787395624995       1.5391611487492829       2.2005448664859424   2.0949792046903311e-09     0.016282197157188184       493.83019640561787       5.7934714303969193       5.7934714303969193       1896.9156753331019                                                 1382.0815450426312                                              21.003933884853101        25.607279983459193               391.83906541541302                          67.938656170056504                      8.4451948366891276
                       3       950.56206538997333     0.022033941008711214      0.11911430098513251        67.87491222864395       3.0571805413556463      0.95379465733183977     0.054987752396771804    0.0051373439152619486       1.0090356914991787       1.4746779401908039       2.3887099320884957   2.1267509687087805e-09    0.0051373439152619486       492.46733277569132       5.7934714303969193       5.7934714303969193       1889.5371879191528                                                  1381.519245782453                                              15.550609361008327        26.005852408007854               389.84433234009566                            67.9848334762805                      8.6323145513072976
                       2       951.55268804238483     0.022033941008711214      0.11911430098513251        67.87491222864395       3.0571805413556463      0.95379465733183977     0.054987752396771804    0.0051373439152619486       1.0090397679469885       1.6540939784496951       1.7275773984088403   2.1267509687087805e-09    0.0051373439152619486       492.46493805961416       5.7934714303969193       5.7934714303969193       1891.5184332239758                                                 1383.5028858033531                                              15.550609361008327        26.005057887243595               389.84433234009566                          67.984199015511791                      8.6313488167630918
                       1       951.65158167853042     0.022033941008711214      0.11911430098513251        67.87491222864395       3.0571805413556463      0.95379465733183977     0.054987752396771804    0.0051373439152619486       1.0101175579735464       1.6540939784496951       1.7275773984088403   2.1267509687087805e-09    0.0051373439152619486       492.66272533190534       5.7934714303969193       5.7934714303969193       1891.7162204962669                                                 1383.5028858033531                                              15.550609361008327          25.7969462983977               389.86241658961876                          68.582990316538073                      8.4203721273507952
                       4       952.26730082049085     0.022032946806506554      0.11914146739804572       67.882548656280008       3.0535281150244749      0.95274379120113317     0.051934502194901006    0.0071621260212499345       1.0112757750148336       1.6820453080624653       1.6652210519296982   2.1189973358767772e-09    0.0071621260212499345        493.0638339050696       5.7934714303969193       5.7934714303969193       1892.9476587801878                                                 1384.4610900822377                                              15.422734792880746        25.972293536217535               390.07352471099205                          68.708139614908148                      8.3098760429518634
                       1       952.59173231578495     0.022160831145707702      0.11892301601964281       68.138206196828833       3.0626074949861355      0.95099341196807941     0.056111633197812719      0.01912465509701871       1.0119804091638807       1.5980623536510545       1.7491810933799514   2.1383241226803463e-09      0.01912465509701871       496.01669282362451       5.7934714303969193       5.7934714303969193        1893.596521770776                                                 1384.5047686473417                                              13.075060299809804        26.776422152919395                389.8204804442513                          71.143171170486937                      8.2766190559668651
                       1       953.06834259318896     0.022169751836791401      0.11951828751229358       67.941756104403453       3.0602580702037665      0.95361003981711845     0.055515574097471029     0.022952472280217514       1.0102279794390672        1.617117957461331       1.5582021189873518   2.1333061879320751e-09     0.022952472280217514        493.9178819384756       5.7934714303969193       5.7934714303969193        1894.549742325584                                                 1384.7784014659564                                              15.853458921151791        26.064784771083566               389.86770618038122                          69.474126128640307                      8.5112648583705308
                       7       952.50442112216615     0.022169751836791401      0.11951828751229358       67.941756104403453       3.0602580702037665      0.95361003981711845     0.055515574097471029     0.022952472280217514        1.010225965939259       1.5629988765412846       1.9373753159539149   2.1333061879320751e-09     0.022952472280217514       493.91582229334966       5.7934714303969193       5.7934714303969193       1893.4218993835384                                                 1383.6526181690369                                              15.853458921151791        26.065178505524614               389.86770618038122                          69.471319888242064                      8.5116177192017641
                       1       951.01355652983682     0.022169751836791401      0.11951828751229358       67.941756104403453       3.0602580702037665      0.95361003981711845     0.055515574097471029     0.022952472280217514       1.0102211515612725       1.2283820166965449       2.5310251860648756   2.1333061879320751e-09     0.022952472280217514       493.91092032296791       5.7934714303969193       5.7934714303969193       1890.4401701988797                                                   1380.67579095476                                              15.853458921151791        26.066119993757184               389.86770618038122                          69.464631480209803                      8.5124626686197189
                       1       949.34691590736304     0.022181015476108193      0.11906442242261345       68.102169705341794       3.0567597502206776      0.95365489650719193     0.054117810405086925     0.021596589141481746       1.0104470460728727       1.2358701288244811       2.5746828586490649   2.1258562390152251e-09     0.021596589141481746       493.59696039023584       5.7934714303969193       5.7934714303969193       1887.1068889539322                                                 1379.8680660219429                                              13.641862541753186        25.976928504493287               389.79839488337359                          69.545847936973061                       8.275789065395859
                       1       948.79936663419869     0.022243380345423395      0.11915379760294659       67.946683159182768       3.0562919412379022      0.95679175033975894     0.054968313555580441     0.026865149584952869       1.0086819319650167       1.2598913291163256       2.2760445536637608   2.1248619769510195e-09     0.026865149584952869       492.34733471888165       5.7934714303969193       5.7934714303969193       1886.0117904076035                                                  1377.546101431939                                              16.118354256782748        25.223265659545518               389.83794755742662                          68.902657476505425                      8.3834640254040682
                       3       948.66469739363049     0.022245119945208277      0.11911403566631071       67.961495998503565       3.0562796081052039      0.95701312886673995     0.055078270244328327     0.026698613871704194       1.0086028222383367       1.2602056496999789       2.2710388079777339   2.1248357709078938e-09     0.026698613871704194       492.25086699142253       5.7934714303969193       5.7934714303969193       1885.7424519264671                                                 1377.5969573069024                                              15.894627628142239        25.169294325098235               389.85456081603468                           68.85422705803542                      8.3727847922541994
                       1       948.63877931619493     0.022245119945208277      0.11911403566631071       67.961495998503565       3.0562796081052039      0.95701312886673995     0.055078270244328327     0.026698613871704194       1.0075586350310408       1.2602056496999789       2.2710388079777339   2.1248357709078938e-09     0.026698613871704194       492.19903083655134       5.7934714303969193       5.7934714303969193        1885.690615771596                                                 1377.5969573069024                                              15.894627628142239        25.360772346053125               389.82832276937881                          68.470979420881932                      8.5389563002374977
                       1       948.71689272555932     0.022245119945208277      0.11911403566631071       67.961495998503565       3.0562796081052039      0.95701312886673995     0.055078270244328327     0.026698613871704194        1.007558785897777       1.2768787381605358       2.2618719668769862   2.1248357709078938e-09     0.026698613871704194       492.19892427221362       5.7934714303969193       5.7934714303969193       1885.8468425903247                                                 1377.7532906899687                                              15.894627628142239        25.360744412464896               389.82832276937881                          68.470930841746764                      8.5389262486231949
                       4       948.75166601099147     0.022244224666153934      0.11905568116618347       67.885999989634087       3.0549802549860536      0.95828559109687539     0.054723180879325858     0.040272976050638107       1.0071279202511303       1.2873371050294797       2.1974865136997899   2.1220766518444526e-09     0.040272976050638107       491.35551095841726       5.7934714303969193       5.7934714303969193        1885.916389161189                                                 1377.9024967025532                                              16.658381500218585        25.015959429497514               389.88139401886127                           68.03658327492721                      8.4215742351312119
                       2       948.99127712893596     0.022239823781626748      0.11904711931448381       67.862020044647196       3.0541917756369656      0.95809499520688535     0.054275685141231281     0.041413425094672177       1.0071901534725212       1.2909155033322908       2.2043087671653385   2.1204040977011446e-09     0.041413425094672177       491.50394918885394       5.7934714303969193       5.7934714303969193        1886.395611397078                                                 1377.9427197994321                                              16.948942408791869        25.039902017858537               389.89349417138646                          68.176751593386101                      8.3938014062228561
                       5       948.43895450129719     0.022266785238464058       0.1190418331582339       67.940889439764518       3.0526145421417081      0.95855390450824218     0.053872184712465992     0.035148739886523665       1.0067338295200996         1.28979919426027       2.1835925653813812    2.117062361376761e-09     0.035148739886523665       491.40451610429409       5.7934714303969193       5.7934714303969193       1885.2909661418005                                                 1377.7187703542627                                              16.167679683243936        24.935264390962004                389.9221922379914                          68.157634934331213                      8.3894245410094825
                       2        948.5947840872492     0.022266785238464058       0.1190418331582339       67.940889439764518       3.0526145421417081      0.95855390450824218     0.053872184712465992     0.035148739886523665       1.0067375358710788       1.4575633779326718        1.589555710478729    2.117062361376761e-09     0.035148739886523665        491.4015888583267       5.7934714303969193       5.7934714303969193       1885.6026253137045                                                 1378.0333567721341                                              16.167679683243936        24.934603274344624                389.9221922379914                          68.155817664768705                      8.3889756812219378
                       1       946.77131855314963     0.022125128166003517       0.1172206327828717       68.556696516654583       3.0502651556789266      0.95913227787764965     0.053776380269736093     0.022719932779286453       1.0087145345437529       1.4767078361331243       1.9637189493338529   2.1120944018376252e-09     0.022719932779286453       491.59315620779324       5.7934714303969193       5.7934714303969193       1881.9556942455054                                                 1380.0766845639514                                              10.285853473760863        24.546003241340259               390.00431438733801                          68.284687720805877                      8.7581508583090706
