#        weight    minuslogpost        omegabh2        omegach2              H0            logA              ns             tau             mnu              As   minuslogprior minuslogprior__0            chi2 chi2__sbt_spt_audit.likelihoods.candl_cobaya.CandlCobayaLikelihood chi2__sbt_spt_audit.likelihoods.desi_dr2_bao.DESIDR2BAOGaussian
              8       710.36612      0.02236406      0.11826746       68.388664       3.0321677      0.96586551     0.043246228     0.029341094   2.0742146e-09        2.104592         2.104592        1416.523                                                          1404.8211                                                       11.701968
              2       707.00808     0.022425315       0.1175972        68.41321       3.0321677      0.96586551     0.045554867     0.041005684   2.0742146e-09        2.104592         2.104592        1409.807                                                          1398.3286                                                       11.478375
              2       707.64452     0.022333929      0.11741072       68.648964       3.0321677      0.96586551     0.043542496     0.060016276   2.0742146e-09        2.104592         2.104592       1411.0799                                                          1400.7931                                                       10.286717
              9       706.70517     0.022335652      0.11748911       68.691799       3.0321677      0.96586551      0.04416194     0.058778538   2.0742146e-09        2.104592         2.104592       1409.2012                                                          1398.9173                                                        10.28387
              6       699.10238     0.022295099      0.11716916       68.551761       3.0321677      0.96586551     0.049649915     0.058348062   2.0742146e-09        2.104592         2.104592       1393.9956                                                          1383.6504                                                       10.345189
             19       700.20484     0.022305306      0.11727668       68.540816       3.0321677      0.96586551     0.049856653     0.060559622   2.0742146e-09        2.104592         2.104592       1396.2005                                                          1385.8204                                                        10.38011
              9       698.53138     0.022311825      0.11730193       68.443278       3.0321677      0.96586551     0.048502818     0.068310363   2.0742146e-09        2.104592         2.104592       1392.8536                                                          1382.2229                                                       10.630699
              4       698.50608     0.022311249      0.11730876       68.442399       3.0321677      0.96586551     0.048447437     0.068086726   2.0742146e-09        2.104592         2.104592        1392.803                                                          1382.1681                                                       10.634919
             17       698.75167     0.022438517      0.11670594       68.514394       3.0321677      0.96586551     0.049838727     0.073378616   2.0742146e-09        2.104592         2.104592       1393.2941                                                          1382.7236                                                         10.5705
              5       698.53838     0.022421288      0.11677892       68.490343       3.0321677      0.96586551      0.04997314     0.075368589   2.0742146e-09        2.104592         2.104592       1392.8676                                                          1382.2615                                                       10.606035
             29       699.37206     0.022474569      0.11676735       68.630317       3.0321677      0.96586551     0.050130934      0.07506188   2.0742146e-09        2.104592         2.104592       1394.5349                                                          1384.1812                                                       10.353756
              9       699.06287     0.022474569      0.11676735       68.630317       3.0426428      0.95962582     0.050130934      0.07506188   2.0960564e-09        2.104592         2.104592       1393.9166                                                          1383.5628                                                       10.353756
              7       698.30053     0.022474569      0.11676735       68.630317       3.0407453      0.95943884     0.050130934      0.07506188   2.0920831e-09        2.104592         2.104592       1392.3919                                                          1382.0381                                                       10.353756
              8       698.26665     0.022474569      0.11676735       68.630317       3.0397221       0.9596503     0.050130934      0.07506188   2.0899434e-09        2.104592         2.104592       1392.3241                                                          1381.9704                                                       10.353756
             16       702.08339     0.022478251      0.11722467       68.573514       3.0397221       0.9596503     0.048492798     0.087220698   2.0899434e-09        2.104592         2.104592       1399.9576                                                           1389.478                                                       10.479558
             13       701.55575     0.022414097       0.1173838       68.530017       3.0397221       0.9596503     0.048331533     0.080292504   2.0899434e-09        2.104592         2.104592       1398.9023                                                          1388.3686                                                       10.533688
              1        699.8669     0.022412831      0.11716593        68.50176       3.0397221       0.9596503      0.04813565     0.081122116   2.0899434e-09        2.104592         2.104592       1395.5246                                                           1384.948                                                       10.576576
             20       698.96033      0.02235538      0.11746182       68.306894       3.0397221       0.9596503     0.048028428     0.079454916   2.0899434e-09        2.104592         2.104592       1393.7115                                                           1382.293                                                       11.418488
             13       699.05222     0.022518099       0.1178619       68.490202       3.0397221       0.9596503     0.049947002     0.054521159   2.0899434e-09        2.104592         2.104592       1393.8953                                                          1382.5604                                                       11.334884
             16       698.96046     0.022506103      0.11799735       68.407261       3.0397221       0.9596503     0.049619124     0.052979623   2.0899434e-09        2.104592         2.104592       1393.7117                                                          1381.7968                                                       11.914903
             37       699.09385     0.022506103      0.11799735       68.407261       3.0395397      0.96007884     0.049619124     0.052979623   2.0895623e-09        2.104592         2.104592       1393.9785                                                          1382.0636                                                       11.914903
             16       698.34433     0.022506103      0.11799735       68.407261       3.0431833       0.9547224     0.049619124     0.052979623   2.0971897e-09        2.104592         2.104592       1392.4795                                                          1380.5646                                                       11.914903
             17       698.31428     0.022506103      0.11799735       68.407261       3.0462187      0.95227281     0.049619124     0.052979623   2.1035652e-09        2.104592         2.104592       1392.4194                                                          1380.5045                                                       11.914903
              3       698.59653     0.022493558       0.1179519       68.446375       3.0462187      0.95227281     0.049709744     0.054271685   2.1035652e-09        2.104592         2.104592       1392.9839                                                          1381.4441                                                       11.539798
              8       698.12194     0.022488008      0.11756508        68.39457       3.0462187      0.95227281     0.051353298     0.051619883   2.1035652e-09        2.104592         2.104592       1392.0347                                                          1380.2539                                                       11.780791
             64       698.44569     0.022575997      0.11818708       68.467882       3.0462187      0.95227281     0.050384708     0.034991551   2.1035652e-09        2.104592         2.104592       1392.6822                                                          1380.5586                                                       12.123591
             50       698.14798     0.022582767      0.11787604       68.598889       3.0462187      0.95227281     0.050595097     0.028903826   2.1035652e-09        2.104592         2.104592       1392.0868                                                          1380.8623                                                       11.224465
             74        697.6814      0.02249777      0.11802656       68.612907       3.0462187      0.95227281     0.050390598     0.027181245   2.1035652e-09        2.104592         2.104592       1391.1536                                                          1380.2726                                                       10.880984
             19       697.52871     0.022539511      0.11803901       68.665573       3.0462187      0.95227281     0.050474684     0.019082993   2.1035652e-09        2.104592         2.104592       1390.8482                                                          1380.0017                                                       10.846582
             12       697.61878     0.022533652      0.11805508       68.647691       3.0462187      0.95227281     0.049637067      0.01945664   2.1035652e-09        2.104592         2.104592       1391.0284                                                          1380.1191                                                       10.909262
              3        697.8192     0.022533652      0.11805508       68.647691       3.0429099       0.9528679     0.049637067      0.01945664   2.0966164e-09        2.104592         2.104592       1391.4292                                                            1380.52                                                       10.909262
             37       698.95659     0.022524897      0.11862283        68.39123       3.0429099       0.9528679     0.050594731    0.0083615914   2.0966164e-09        2.104592         2.104592        1393.704                                                          1380.6198                                                       13.084238
             11       698.65296     0.022514881      0.11860091       68.332564       3.0429099       0.9528679     0.049907406     0.012823868   2.0966164e-09        2.104592         2.104592       1393.0967                                                          1379.5567                                                       13.540081
              7       698.54321     0.022528793      0.11844946       68.418922       3.0429099       0.9528679     0.048946451    0.0087928728   2.0966164e-09        2.104592         2.104592       1392.8772                                                          1380.1189                                                       12.758344
             11       698.40273     0.022528793      0.11844946       68.418922       3.0467708      0.94658806     0.048946451    0.0087928728    2.104727e-09        2.104592         2.104592       1392.5963                                                          1379.8379                                                       12.758344
             35       698.53686     0.022547675       0.1186292       68.472622       3.0467708      0.94658806     0.048549944     0.014738334    2.104727e-09        2.104592         2.104592       1392.8645                                                           1380.492                                                       12.372548
             32       698.59395     0.022553886      0.11822333       68.487156       3.0467708      0.94658806     0.048637108    0.0084848399    2.104727e-09        2.104592         2.104592       1392.9787                                                          1380.7508                                                       12.227928
             26        698.6166     0.022553886      0.11822333       68.487156       3.0470178       0.9468525     0.048637108    0.0084848399   2.1052469e-09        2.104592         2.104592        1393.024                                                          1380.7961                                                       12.227928
              8       698.12026     0.022556391      0.11846158         68.5562       3.0470178       0.9468525     0.048539187     0.011889508   2.1052469e-09        2.104592         2.104592       1392.0313                                                          1380.2981                                                       11.733266
              4       698.14631     0.022580583      0.11842892       68.631056       3.0470178       0.9468525     0.048254974    0.0061295804   2.1052469e-09        2.104592         2.104592       1392.0834                                                          1380.6849                                                       11.398511
             18        699.3564     0.022583367        0.117975       68.719003       3.0470178       0.9468525     0.046762253     0.013269982   2.1052469e-09        2.104592         2.104592       1394.5036                                                          1383.7109                                                       10.792669
             14        698.7243     0.022583367        0.117975       68.719003       3.0463005      0.94635305     0.046762253     0.013269982   2.1037372e-09        2.104592         2.104592       1393.2394                                                          1382.4467                                                       10.792669
             21       698.73788     0.022532165      0.11770236       68.776912       3.0463005      0.94635305     0.049157468     0.012146031   2.1037372e-09        2.104592         2.104592       1393.2666                                                          1382.7994                                                       10.467203
             25       697.65888     0.022532165      0.11770236       68.776912       3.0469967      0.94768316     0.049157468     0.012146031   2.1052023e-09        2.104592         2.104592       1391.1086                                                          1380.6414                                                       10.467203
            119       697.49181     0.022532165      0.11770236       68.776912       3.0478161       0.9489273     0.049157468     0.012146031   2.1069282e-09        2.104592         2.104592       1390.7744                                                          1380.3072                                                       10.467203
             84       697.82405     0.022500312       0.1175826        68.81057       3.0478161       0.9489273     0.050127224     0.017276851   2.1069282e-09        2.104592         2.104592       1391.4389                                                          1381.0939                                                       10.344991
              2       697.68244     0.022492856       0.1180703       68.768749       3.0478161       0.9489273      0.04867393    0.0031035852   2.1069282e-09        2.104592         2.104592       1391.1557                                                            1380.68                                                       10.475689
              7        697.5195     0.022519796      0.11801992       68.760517       3.0478161       0.9489273     0.048693257    0.0015724123   2.1069282e-09        2.104592         2.104592       1390.8298                                                          1380.2723                                                       10.557507
             32       699.03386     0.022519796      0.11801992       68.760517       3.0504434      0.94915135     0.048693257    0.0015724123   2.1124709e-09        2.104592         2.104592       1393.8585                                                           1383.301                                                       10.557507
             13       697.53464     0.022519796      0.11801992       68.760517       3.0474811      0.94951419     0.048693257    0.0015724123   2.1062224e-09        2.104592         2.104592       1390.8601                                                          1380.3026                                                       10.557507
             10       697.49252     0.022518024      0.11802575       68.761049       3.0474811      0.94951419     0.048751713    0.0017112814   2.1062224e-09        2.104592         2.104592       1390.7759                                                           1380.224                                                       10.551815
              9       697.93009     0.022515012      0.11804651       68.774178       3.0474811      0.94951419     0.048246966    0.0023370571   2.1062224e-09        2.104592         2.104592        1391.651                                                           1381.144                                                       10.506945
             46       697.86701     0.022515012      0.11804651       68.774178       3.0474212      0.94936905     0.048246966    0.0023370571   2.1060963e-09        2.104592         2.104592       1391.5248                                                          1381.0179                                                       10.506945
             72        697.5339     0.022515012      0.11804651       68.774178       3.0424441      0.95364936     0.048246966    0.0023370571     2.09564e-09        2.104592         2.104592       1390.8586                                                          1380.3517                                                       10.506945
             19       697.53439     0.022515631      0.11805113       68.775127       3.0424441      0.95364936     0.048283662    0.0023119347     2.09564e-09        2.104592         2.104592       1390.8596                                                          1380.3536                                                       10.506002
            150       697.55278     0.022515631      0.11805113       68.775127       3.0424016      0.95377519     0.048283662    0.0023119347    2.095551e-09        2.104592         2.104592       1390.8964                                                          1380.3904                                                       10.506002
             54       697.47832     0.022511548      0.11804941       68.779405       3.0424016      0.95377519     0.048424847    0.0019185878    2.095551e-09        2.104592         2.104592       1390.7475                                                          1380.2594                                                       10.488058
             33       697.75303     0.022543499       0.1180221       68.782485       3.0424016      0.95377519     0.048716049    0.0073546363    2.095551e-09        2.104592         2.104592       1391.2969                                                          1380.7811                                                       10.515817
             13       697.40224      0.02253053      0.11795827       68.756067       3.0424016      0.95377519     0.048721172     0.003896565    2.095551e-09        2.104592         2.104592       1390.5953                                                          1380.0149                                                       10.580379
              6       697.97605      0.02249717      0.11817588       68.692789       3.0424016      0.95377519      0.04744375    0.0048086959    2.095551e-09        2.104592         2.104592       1391.7429                                                          1381.0091                                                       10.733844
              4       697.66845      0.02249717      0.11817588       68.692789       3.0411659      0.95423838      0.04744375    0.0048086959   2.0929631e-09        2.104592         2.104592       1391.1277                                                          1380.3939                                                       10.733844
             11       698.60507     0.022444243       0.1180086       68.600307       3.0411659      0.95423838      0.04657456   0.00080526358   2.0929631e-09        2.104592         2.104592        1393.001                                                          1382.0277                                                       10.973274
             27       698.35946     0.022378299      0.11812935       68.605871       3.0411659      0.95423838     0.045716363    0.0081752423   2.0929631e-09        2.104592         2.104592       1392.5097                                                          1381.8008                                                       10.708947
             34       698.25659     0.022378299      0.11812935       68.605871       3.0405458      0.95478278     0.045716363    0.0081752423   2.0916657e-09        2.104592         2.104592        1392.304                                                          1381.5951                                                       10.708947
             28       697.78631      0.02239121      0.11800797       68.601277       3.0405458      0.95478278     0.046215712    0.0077810595   2.0916657e-09        2.104592         2.104592       1391.3634                                                          1380.6147                                                       10.748741
             42       696.98537      0.02239121      0.11800797       68.601277       3.0393717      0.95412103     0.046215712    0.0077810595   2.0892113e-09        2.104592         2.104592       1389.7616                                                          1379.0128                                                       10.748741
             38       696.98117      0.02239121      0.11800797       68.601277       3.0323156      0.96024231     0.046215712    0.0077810595   2.0745214e-09        2.104592         2.104592       1389.7532                                                          1379.0044                                                       10.748741
             18       696.98656     0.022390793      0.11800168       68.604101       3.0323156      0.96024231     0.046170638    0.0078498199   2.0745214e-09        2.104592         2.104592       1389.7639                                                          1379.0293                                                       10.734668
              2       700.09748     0.022366648       0.1182784       68.602909       3.0323156      0.96024231     0.047403018     0.016692838   2.0745214e-09        2.104592         2.104592       1395.9858                                                          1385.3258                                                        10.65997
              6       698.58045     0.022373877      0.11814089       68.537321       3.0323156      0.96024231     0.046659623     0.027553556   2.0745214e-09        2.104592         2.104592       1392.9517                                                          1382.1005                                                       10.851245
              3       698.78203     0.022373877      0.11814089       68.537321       3.0331306      0.96388605     0.046659623     0.027553556   2.0762128e-09        2.104592         2.104592       1393.3549                                                          1382.5036                                                       10.851245
              4       700.43135     0.022373877      0.11814089       68.537321       3.0501902      0.94696616     0.046659623     0.027553556   2.1119362e-09        2.104592         2.104592       1396.6535                                                          1385.8023                                                       10.851245
             20       700.49633     0.022403368      0.11785527       68.589412       3.0501902      0.94696616     0.046701288    0.0090594758   2.1119362e-09        2.104592         2.104592       1396.7835                                                          1385.9807                                                       10.802777
              5       698.17664     0.022405629      0.11777376       68.504937       3.0501902      0.94696616     0.048664686     0.018676643   2.1119362e-09        2.104592         2.104592       1392.1441                                                          1381.0223                                                       11.121769
             21       698.76846     0.022407616      0.11783329       68.328523       3.0501902      0.94696616     0.049110194     0.032189061   2.1119362e-09        2.104592         2.104592       1393.3277                                                           1381.117                                                       12.210751
             18       699.38991     0.022407616      0.11783329       68.328523       3.0510203      0.94406961     0.049110194     0.032189061   2.1136899e-09        2.104592         2.104592       1394.5706                                                          1382.3599                                                       12.210751
             11       699.32783     0.022407616      0.11783329       68.328523       3.0514358      0.94409147     0.049110194     0.032189061   2.1145684e-09        2.104592         2.104592       1394.4465                                                          1382.2357                                                       12.210751
              8       698.46077     0.022407616      0.11783329       68.328523       3.0485764      0.94808602     0.049110194     0.032189061   2.1085306e-09        2.104592         2.104592       1392.7124                                                          1380.5016                                                       12.210751
             11       698.49137     0.022407616      0.11783329       68.328523       3.0485528      0.94768425     0.049110194     0.032189061   2.1084809e-09        2.104592         2.104592       1392.7736                                                          1380.5628                                                       12.210751
             18       698.45444     0.022361162      0.11789919       68.353513       3.0485528      0.94768425     0.047696692     0.034587537   2.1084809e-09        2.104592         2.104592       1392.6997                                                          1380.9478                                                       11.751901
              4       698.45556     0.022336418      0.11772653       68.401369       3.0485528      0.94768425     0.048218637     0.037141625   2.1084809e-09        2.104592         2.104592       1392.7019                                                           1381.462                                                       11.239952
             15       700.08757     0.022336418      0.11772653       68.401369       3.0266834      0.97258132     0.048218637     0.037141625   2.0628702e-09        2.104592         2.104592        1395.966                                                           1384.726                                                       11.239952
              4       700.56612     0.022146148      0.11731938        68.57252       3.0266834      0.97258132     0.045500214     0.045637253   2.0628702e-09        2.104592         2.104592       1396.9231                                                          1386.6394                                                       10.283633
             17       699.88928     0.022079693       0.1159937       68.892238       3.0266834      0.97258132     0.047562619     0.043943412   2.0628702e-09        2.104592         2.104592       1395.5694                                                          1383.5299                                                        12.03951
             17       700.50291     0.022079693       0.1159937       68.892238       3.0309839      0.97083553     0.047562619     0.043943412   2.0717606e-09        2.104592         2.104592       1396.7966                                                          1384.7571                                                        12.03951
             21       700.96213      0.02212723      0.11594049       68.913667       3.0309839      0.97083553      0.04813905     0.059199539   2.0717606e-09        2.104592         2.104592       1397.7151                                                          1385.5629                                                       12.152144
             17       700.81954     0.022134041      0.11594786        68.89462       3.0309839      0.97083553     0.048012644     0.060713353   2.0717606e-09        2.104592         2.104592       1397.4299                                                          1385.4516                                                       11.978268
             21       700.24343     0.022219679      0.11550157       69.108413       3.0309839      0.97083553     0.049220445     0.043587019   2.0717606e-09        2.104592         2.104592       1396.2777                                                          1382.8636                                                        13.41407
              4       700.94235     0.022219679      0.11550157       69.108413        3.031439      0.97169312     0.049220445     0.043587019   2.0727038e-09        2.104592         2.104592       1397.6755                                                          1384.2615                                                        13.41407
             47       700.19721     0.022219679      0.11550157       69.108413       3.0287576      0.97261624     0.049220445     0.043587019   2.0671535e-09        2.104592         2.104592       1396.1852                                                          1382.7712                                                        13.41407
              1       700.25618     0.022218335      0.11548213       69.106042       3.0287576      0.97261624     0.049218542     0.043347198   2.0671535e-09        2.104592         2.104592       1396.3032                                                           1382.895                                                       13.408176
             23       699.97915     0.022218335      0.11548213       69.106042       3.0286651       0.9708471     0.049218542     0.043347198   2.0669621e-09        2.104592         2.104592       1395.7491                                                          1382.3409                                                       13.408176
             12       700.51388     0.022218335      0.11548213       69.106042       3.0359226      0.96587697     0.049218542     0.043347198   2.0820177e-09        2.104592         2.104592       1396.8186                                                          1383.4104                                                       13.408176
              1       701.70843     0.022330243      0.11736701       68.306787       3.0359226      0.96587697     0.052141084     0.086611863   2.0820177e-09        2.104592         2.104592       1399.2077                                                          1387.9852                                                       11.222484
             44       702.02374     0.022330243      0.11736701       68.306787        3.049265      0.95311895     0.052141084     0.086611863   2.1099831e-09        2.104592         2.104592       1399.8383                                                          1388.6158                                                       11.222484
              6       701.70206     0.022333527      0.11738553       68.303854        3.049265      0.95311895     0.051930522     0.086702827   2.1099831e-09        2.104592         2.104592       1399.1949                                                          1387.9369                                                       11.257995
             14       701.70342      0.02233352      0.11738566       68.303816        3.049265      0.95311895     0.051930715     0.086704847   2.1099831e-09        2.104592         2.104592       1399.1977                                                          1387.9394                                                       11.258215
             30       698.49656     0.022411787      0.11646671       68.471977        3.049265      0.95311895     0.051635803     0.084519654   2.1099831e-09        2.104592         2.104592       1392.7839                                                          1382.2331                                                       10.550806
             27       698.94978     0.022402307      0.11637829       68.490095        3.049265      0.95311895     0.051051654     0.084562331   2.1099831e-09        2.104592         2.104592       1393.6904                                                          1383.2196                                                       10.470736
             19       699.03764     0.022402307      0.11637829       68.490095       3.0494506      0.95320311     0.051051654     0.084562331   2.1103747e-09        2.104592         2.104592       1393.8661                                                          1383.3954                                                       10.470736
              5       699.84001     0.022402307      0.11637829       68.490095       3.0524888      0.95049149     0.051051654     0.084562331   2.1167962e-09        2.104592         2.104592       1395.4708                                                          1385.0001                                                       10.470736
             18        699.5375     0.022384698      0.11648151       68.517742       3.0524888      0.95049149     0.051206319     0.085926788   2.1167962e-09        2.104592         2.104592       1394.8658                                                          1384.4842                                                       10.381651
             31       699.65047     0.022369231      0.11655877       68.562256       3.0524888      0.95049149     0.051853247     0.080591638   2.1167962e-09        2.104592         2.104592       1395.0918                                                          1384.7754                                                       10.316325
             24       699.65181     0.022369241      0.11655916        68.56233       3.0524888      0.95049149     0.051856166     0.080582189   2.1167962e-09        2.104592         2.104592       1395.0944                                                          1384.7781                                                       10.316285
              8       698.54875     0.022367042      0.11727605       68.632368       3.0524888      0.95049149     0.052651194    0.0027184872   2.1167962e-09        2.104592         2.104592       1392.8883                                                           1382.339                                                       10.549317
             19       698.23466     0.022424388      0.11731777       68.681808       3.0524888      0.95049149     0.054224299     0.021894715   2.1167962e-09        2.104592         2.104592       1392.2601                                                          1381.8296                                                        10.43056
              8       698.16666     0.022424388      0.11731777       68.681808       3.0426124      0.96081438     0.054224299     0.021894715   2.0959927e-09        2.104592         2.104592       1392.1241                                                          1381.6936                                                        10.43056
             24       698.57409     0.022428582      0.11688704       68.777457       3.0426124      0.96081438     0.052399109      0.01889329   2.0959927e-09        2.104592         2.104592        1392.939                                                          1382.5735                                                        10.36546
              3       697.12449     0.022406146      0.11696834       68.760548       3.0426124      0.96081438     0.052924304     0.027003645   2.0959927e-09        2.104592         2.104592       1390.0398                                                          1379.7086                                                        10.33115
             59       697.36244     0.022417061       0.1169394        68.76402       3.0426124      0.96081438     0.053113084     0.026990305   2.0959927e-09        2.104592         2.104592       1390.5157                                                          1380.1792                                                       10.336473
             53       697.63579     0.022358118      0.11634154       68.922171       3.0426124      0.96081438     0.052122392     0.030987719   2.0959927e-09        2.104592         2.104592       1391.0624                                                          1380.1902                                                       10.872185
             11       697.66867     0.022358118      0.11634154       68.922171        3.043158       0.9605422     0.052122392     0.030987719   2.0971366e-09        2.104592         2.104592       1391.1282                                                           1380.256                                                       10.872185
              9       697.65223     0.022358118      0.11634154       68.922171        3.042541      0.96104521     0.052122392     0.030987719   2.0958432e-09        2.104592         2.104592       1391.0953                                                          1380.2231                                                       10.872185
             22       697.75694     0.022358332      0.11632781       68.915029        3.042541      0.96104521     0.052196806     0.030592142   2.0958432e-09        2.104592         2.104592       1391.3047                                                          1380.4596                                                       10.845129
              6       698.29873     0.022358332      0.11632781       68.915029       3.0417172       0.9590014     0.052196806     0.030592142   2.0941172e-09        2.104592         2.104592       1392.3883                                                          1381.5431                                                       10.845129
             55       699.44311     0.022338725      0.11632901       68.910295       3.0417172       0.9590014     0.052887309     0.033252058   2.0941172e-09        2.104592         2.104592        1394.677                                                          1383.7893                                                       10.887688
              7       696.56217     0.022278165      0.11719916       68.585792       3.0417172       0.9590014     0.050529637     0.028729233   2.0941172e-09        2.104592         2.104592       1388.9152                                                          1378.5504                                                       10.364731
             27       696.27945     0.022311884      0.11752943        68.55667       3.0417172       0.9590014     0.050104246     0.028411179   2.0941172e-09        2.104592         2.104592       1388.3497                                                          1377.8392                                                       10.510505
              3       696.72685     0.022267811      0.11734274       68.509481       3.0417172       0.9590014     0.050668535     0.035544986   2.0941172e-09        2.104592         2.104592       1389.2445                                                          1378.7475                                                       10.497008
             18       696.80241     0.022270805      0.11740523       68.480523       3.0417172       0.9590014     0.050821377      0.03652738   2.0941172e-09        2.104592         2.104592       1389.3956                                                          1378.7999                                                       10.595731
             35       697.18972      0.02229722      0.11715132       68.411074       3.0417172       0.9590014     0.050364112     0.046504605   2.0941172e-09        2.104592         2.104592       1390.1703                                                          1379.3388                                                        10.83148
             37       696.76871     0.022298678      0.11738618       68.399471       3.0417172       0.9590014     0.049883195     0.049747518   2.0941172e-09        2.104592         2.104592       1389.3282                                                          1378.4151                                                       10.913118
            101       697.16703     0.022319431       0.1170757       68.465153       3.0417172       0.9590014     0.050219813     0.047008572   2.0941172e-09        2.104592         2.104592       1390.1249                                                          1379.4654                                                       10.659459
             25       697.09396     0.022289052      0.11707124       68.462529       3.0417172       0.9590014     0.050925215     0.045391971   2.0941172e-09        2.104592         2.104592       1389.9787                                                          1379.3775                                                        10.60127
             25       698.21064     0.022318086      0.11705196       68.421633       3.0417172       0.9590014     0.051884971     0.042733091   2.0941172e-09        2.104592         2.104592       1392.2121                                                          1381.3476                                                       10.864438
             13       697.72691     0.022328145      0.11712835       68.545375       3.0417172       0.9590014     0.051424531      0.05322188   2.0941172e-09        2.104592         2.104592       1391.2446                                                          1380.8305                                                        10.41412
             10       697.16283     0.022328145      0.11712835       68.545375       3.0458942      0.95953228     0.051424531      0.05322188   2.1028826e-09        2.104592         2.104592       1390.1165                                                          1379.7024                                                        10.41412
              5       697.27838     0.022376557      0.11729179        68.61206       3.0458942      0.95953228     0.051573181     0.047015845   2.1028826e-09        2.104592         2.104592       1390.3476                                                          1379.9627                                                        10.38493
             19       697.17424     0.022370582      0.11757802        68.56503       3.0458942      0.95953228     0.053892267     0.035911997   2.1028826e-09        2.104592         2.104592       1390.1393                                                          1379.5613                                                       10.577975
              2       697.61274     0.022366669      0.11759169       68.584247       3.0458942      0.95953228     0.054202689     0.033737861   2.1028826e-09        2.104592         2.104592       1391.0163                                                          1380.4931                                                       10.523255
             29       697.45992      0.02238588      0.11761246       68.653517       3.0458942      0.95953228     0.053412255     0.033867104   2.1028826e-09        2.104592         2.104592       1390.7107                                                          1380.3224                                                        10.38823
             28       696.70538     0.022395375      0.11756079       68.690409       3.0458942      0.95953228     0.052576335      0.02813998   2.1028826e-09        2.104592         2.104592       1389.2016                                                          1378.8478                                                       10.353806
             15       697.64434     0.022380624      0.11742616       68.707404       3.0458942      0.95953228     0.052700059      0.03945803   2.1028826e-09        2.104592         2.104592       1391.0795                                                          1380.7867                                                       10.292758
              3       698.10231     0.022408554      0.11714741       68.768119       3.0458942      0.95953228     0.053712779     0.043828984   2.1028826e-09        2.104592         2.104592       1391.9954                                                          1381.6963                                                        10.29911
             31       698.18529     0.022408554      0.11714741       68.768119       3.0465191      0.95873822     0.053712779     0.043828984   2.1041971e-09        2.104592         2.104592       1392.1614                                                          1381.8623                                                        10.29911
             31       698.10702     0.022409639       0.1171283       68.735259       3.0465191      0.95873822     0.053731764     0.047498366   2.1041971e-09        2.104592         2.104592       1392.0048                                                          1381.7155                                                       10.289338
             33       699.57516     0.022409639       0.1171283       68.735259       3.0356522      0.97121822     0.053731764     0.047498366   2.0814548e-09        2.104592         2.104592       1394.9411                                                          1384.6518                                                       10.289338
              8       699.72936     0.022222286      0.11584015       68.670356       3.0356522      0.97121822     0.054769236     0.070538556   2.0814548e-09        2.104592         2.104592       1395.2495                                                          1384.6893                                                       10.560284
             21        698.6686      0.02224246      0.11586704       68.695582       3.0356522      0.97121822     0.053683636     0.065397934   2.0814548e-09        2.104592         2.104592        1393.128                                                           1382.553                                                       10.575066
             39       698.71271     0.022243022      0.11587415       68.693846       3.0356522      0.97121822     0.053782692     0.065090619   2.0814548e-09        2.104592         2.104592       1393.2162                                                            1382.65                                                       10.566232
             18       699.82951     0.022243022      0.11587415       68.693846       3.0327654      0.97192542     0.053782692     0.065090619   2.0754548e-09        2.104592         2.104592       1395.4498                                                          1384.8836                                                       10.566232
              4       699.91657     0.022219011      0.11603482       68.830974       3.0327654      0.97192542     0.050828194     0.073335853   2.0754548e-09        2.104592         2.104592        1395.624                                                          1384.3811                                                       11.242827
              1       699.74139     0.022177892      0.11580028       68.849999       3.0327654      0.97192542     0.051081279     0.071472468   2.0754548e-09        2.104592         2.104592       1395.2736                                                          1383.6648                                                       11.608797
             13        700.0649     0.022177892      0.11580028       68.849999       3.0327548      0.97491166     0.051081279     0.071472468   2.0754328e-09        2.104592         2.104592       1395.9206                                                          1384.3118                                                       11.608797
              8       700.82319     0.022123199      0.11529341       68.732214       3.0327548      0.97491166     0.054090287     0.069663436   2.0754328e-09        2.104592         2.104592       1397.4372                                                          1386.1592                                                       11.277961
             28       702.62983      0.02219998      0.11607491       68.291969       3.0327548      0.97491166     0.056070988     0.090655155   2.0754328e-09        2.104592         2.104592       1401.0505                                                          1390.4935                                                       10.557015
             37       702.05196     0.022118037      0.11595627       68.200171       3.0327548      0.97491166     0.054970918     0.092169408   2.0754328e-09        2.104592         2.104592       1399.8947                                                          1389.2481                                                       10.646656
             40        700.5443     0.022181548      0.11607199       68.292507       3.0327548      0.97491166     0.054607278     0.087606539   2.0754328e-09        2.104592         2.104592       1396.8794                                                          1386.3488                                                       10.530635
             34       702.46971     0.022181149      0.11623012       68.366377       3.0327548      0.97491166     0.049182563      0.10560269   2.0754328e-09        2.104592         2.104592       1400.7302                                                          1390.3998                                                       10.330436
             49       699.20378     0.022181149      0.11623012       68.366377       3.0317677      0.97016941     0.049182563      0.10560269   2.0733851e-09        2.104592         2.104592       1394.1984                                                          1383.8679                                                       10.330436
              7       699.39585     0.022185015      0.11627684       68.371612       3.0317677      0.97016941     0.049483649      0.10543512   2.0733851e-09        2.104592         2.104592       1394.5825                                                          1384.2509                                                       10.331606
             13       700.61662     0.022177252      0.11638653       68.364169       3.0317677      0.97016941     0.048807558      0.10937297   2.0733851e-09        2.104592         2.104592        1397.024                                                          1386.6813                                                       10.342775
             29       700.26477     0.022185006      0.11637647       68.339705       3.0317677      0.97016941     0.048988108      0.11096037   2.0733851e-09        2.104592         2.104592       1396.3203                                                           1385.936                                                       10.384326
              3       700.21107     0.022185006      0.11637647       68.339705       3.0318273      0.97085064     0.048988108      0.11096037   2.0735086e-09        2.104592         2.104592        1396.213                                                          1385.8286                                                       10.384326
             12       702.58594     0.022185006      0.11637647       68.339705        3.023409      0.98206672     0.048988108      0.11096037   2.0561266e-09        2.104592         2.104592       1400.9627                                                          1390.5784                                                       10.384326
             27       701.88885     0.022120956      0.11643539       68.049079        3.023409      0.98206672     0.050577805       0.1323514   2.0561266e-09        2.104592         2.104592       1399.5685                                                          1388.3252                                                       11.243324
              3       702.53341     0.022027734       0.1152854       68.143735        3.023409      0.98206672     0.049370221      0.13150192   2.0561266e-09        2.104592         2.104592       1400.8576                                                          1390.4829                                                       10.374776
             11       702.78137     0.021967255      0.11516161        68.38694        3.023409      0.98206672     0.048435234      0.12447402   2.0561266e-09        2.104592         2.104592       1401.3536                                                          1390.7753                                                       10.578262
             21       703.26973     0.021977621       0.1152162       68.396237        3.023409      0.98206672     0.047961198      0.12333909   2.0561266e-09        2.104592         2.104592       1402.3303                                                          1391.7596                                                       10.570675
             12       702.93074     0.021968396      0.11527359        68.38377        3.023409      0.98206672     0.048318442      0.12499829   2.0561266e-09        2.104592         2.104592       1401.6523                                                          1391.0982                                                       10.554125
             14       703.31995     0.021972077      0.11513438       68.390058        3.023409      0.98206672     0.048011352      0.12333175   2.0561266e-09        2.104592         2.104592       1402.4307                                                          1391.8563                                                       10.574409
              7       702.89594     0.021972077      0.11513438       68.390058        3.024202      0.98052231     0.048011352      0.12333175   2.0577578e-09        2.104592         2.104592       1401.5827                                                          1391.0083                                                       10.574409
              2       703.12364     0.021957038      0.11538461       68.365918        3.024202      0.98052231     0.048686282      0.12648455   2.0577578e-09        2.104592         2.104592       1402.0381                                                          1391.5156                                                       10.522543
             42       702.96077      0.02195213      0.11522436       68.283938        3.024202      0.98052231      0.04807175      0.13242656   2.0577578e-09        2.104592         2.104592       1401.7124                                                          1391.3352                                                       10.377129
