#        weight    minuslogpost        omegabh2        omegach2              H0            logA              ns             tau             mnu              As   minuslogprior minuslogprior__0            chi2 chi2__sbt_spt_audit.likelihoods.candl_cobaya.CandlCobayaLikelihood chi2__sbt_spt_audit.likelihoods.desi_dr2_bao.DESIDR2BAOGaussian
              6       711.54222     0.022075675      0.11841682       67.228948            3.05           0.965     0.052592845     0.095569404   2.1115344e-09        2.104592         2.104592       1418.8753                                                            1393.89                                                       24.985288
             11       702.84627     0.022243826      0.11891844        67.60457            3.05           0.965     0.054690323     0.070325744   2.1115344e-09        2.104592         2.104592       1401.4834                                                          1380.7615                                                       20.721862
             25       702.84015     0.022243826      0.11891844        67.60457       3.0454917      0.96424451     0.054690323     0.070325744   2.1020364e-09        2.104592         2.104592       1401.4711                                                          1380.7493                                                       20.721862
             28        702.8932     0.022181684      0.11726795       67.672584       3.0454917      0.96424451     0.053379355       0.1284024   2.1020364e-09        2.104592         2.104592       1401.5772                                                          1385.6095                                                       15.967727
             12       702.94749     0.022181684      0.11726795       67.672584       3.0332279      0.97776978     0.053379355       0.1284024   2.0764149e-09        2.104592         2.104592       1401.6858                                                          1385.7181                                                       15.967727
              1       702.95569      0.02218399       0.1173077       67.678219       3.0332279      0.97776978     0.053194986       0.1284586   2.0764149e-09        2.104592         2.104592       1401.7022                                                          1385.7613                                                       15.940889
             10       703.00148     0.022186392      0.11731932       67.671512       3.0332279      0.97776978      0.05324364       0.1280417   2.0764149e-09        2.104592         2.104592       1401.7938                                                          1385.7162                                                       16.077541
              1       705.18677     0.022186392      0.11731932       67.671512       3.0261378      0.98147284      0.05324364       0.1280417    2.061745e-09        2.104592         2.104592       1406.1644                                                          1390.0868                                                       16.077541
              9       704.87881     0.022176147       0.1172958       67.636127       3.0261378      0.98147284     0.052997391      0.12591209    2.061745e-09        2.104592         2.104592       1405.5484                                                          1389.0287                                                       16.519778
              4        704.5776     0.022176147       0.1172958       67.636127       3.0268941      0.98231406     0.052997391      0.12591209   2.0633049e-09        2.104592         2.104592        1404.946                                                          1388.4262                                                       16.519778
              9       703.27295     0.022176147       0.1172958       67.636127       3.0399625      0.97272192     0.052997391      0.12591209    2.090446e-09        2.104592         2.104592       1402.3367                                                          1385.8169                                                       16.519778
             10       703.73266     0.022199736      0.11757632       67.542842       3.0399625      0.97272192     0.055421424      0.13134635    2.090446e-09        2.104592         2.104592       1403.2561                                                          1384.8448                                                       18.411307
             76        702.6968     0.022128817      0.11818372       67.640853       3.0399625      0.97272192     0.052605194      0.10019735    2.090446e-09        2.104592         2.104592       1401.1844                                                           1383.913                                                       17.271447
             24       702.82463     0.022086309      0.11817844       67.613152       3.0399625      0.97272192     0.052191795     0.095468675    2.090446e-09        2.104592         2.104592       1401.4401                                                          1384.0848                                                       17.355294
              5       704.61987     0.022037753      0.11836376       67.485038       3.0399625      0.97272192     0.052572311     0.074507007    2.090446e-09        2.104592         2.104592       1405.0306                                                          1385.3602                                                       19.670357
             35       705.37267     0.022037753      0.11836376       67.485038       3.0482007      0.95995993     0.052572311     0.074507007   2.1077385e-09        2.104592         2.104592       1406.5362                                                          1386.8658                                                       19.670357
             14       705.30832     0.022031784      0.11839359       67.487299       3.0482007      0.95995993     0.052444234     0.075448943   2.1077385e-09        2.104592         2.104592       1406.4075                                                          1386.8471                                                       19.560401
             54       703.69342     0.022123307      0.11837342       67.542439       3.0482007      0.95995993     0.052849749     0.082946675   2.1077385e-09        2.104592         2.104592       1403.1777                                                          1383.7113                                                       19.466312
             18       704.37188     0.022123307      0.11837342       67.542439       3.0509893      0.95732465     0.052849749     0.082946675   2.1136244e-09        2.104592         2.104592       1404.5346                                                          1385.0683                                                       19.466312
             17       703.51077     0.022123307      0.11837342       67.542439       3.0444782      0.96300957     0.052849749     0.082946675   2.0999071e-09        2.104592         2.104592       1402.8124                                                           1383.346                                                       19.466312
              2       703.91571     0.022110701      0.11851053       67.509763       3.0444782      0.96300957     0.052823813     0.070328261   2.0999071e-09        2.104592         2.104592       1403.6222                                                          1383.2286                                                       20.393673
             15       701.13636     0.022153701      0.11764569       68.193884       3.0444782      0.96300957     0.049779606      0.05059046   2.0999071e-09        2.104592         2.104592       1398.0635                                                          1386.4516                                                       11.611928
              8       701.81334     0.022261558      0.11714959       68.278463       3.0444782      0.96300957      0.05347716     0.038579447   2.0999071e-09        2.104592         2.104592       1399.4175                                                          1387.9022                                                       11.515238
             28       701.17634      0.02224925      0.11804279       68.631227       3.0444782      0.96300957     0.051884134     0.023230767   2.0999071e-09        2.104592         2.104592       1398.1435                                                          1387.8112                                                       10.332275
             18       701.65506     0.022029556      0.11784044       68.380436       3.0444782      0.96300957     0.053003168    0.0042090046   2.0999071e-09        2.104592         2.104592       1399.1009                                                           1388.483                                                       10.617912
             34       701.59188     0.022029556      0.11784044       68.380436       3.0538837      0.95904852     0.053003168    0.0042090046    2.119751e-09        2.104592         2.104592       1398.9746                                                          1388.3567                                                       10.617912
             26       702.26614     0.022029556      0.11784044       68.380436        3.051935      0.95768681     0.053003168    0.0042090046   2.1156241e-09        2.104592         2.104592       1400.3231                                                          1389.7052                                                       10.617912
             97       704.50499     0.022230586      0.11592461       68.765459        3.051935      0.95768681      0.05579631     0.033099982   2.1156241e-09        2.104592         2.104592       1404.8008                                                          1394.0876                                                       10.713222
             12       703.80344     0.022143735      0.11630679       68.790689        3.051935      0.95768681     0.052127382     0.028978412   2.1156241e-09        2.104592         2.104592       1403.3977                                                          1392.5019                                                        10.89577
             11       702.83019     0.022105749      0.11668271       68.651649        3.051935      0.95768681     0.052731401     0.032874522   2.1156241e-09        2.104592         2.104592       1401.4512                                                          1391.0142                                                       10.436946
              4       702.98189     0.022105749      0.11668271       68.651649       3.0524236      0.95748067     0.052731401     0.032874522   2.1166581e-09        2.104592         2.104592       1401.7546                                                          1391.3176                                                       10.436946
              4       703.48979     0.022105749      0.11668271       68.651649       3.0482843      0.95822065     0.052731401     0.032874522   2.1079149e-09        2.104592         2.104592       1402.7704                                                          1392.3334                                                       10.436946
              4        702.5083     0.022163736      0.11663977       68.594912       3.0482843      0.95822065     0.053703642     0.027084645   2.1079149e-09        2.104592         2.104592       1400.8074                                                          1390.4914                                                       10.316055
             18        702.5554     0.022160148      0.11663429       68.594596       3.0482843      0.95822065     0.053624828     0.026320382   2.1079149e-09        2.104592         2.104592       1400.9016                                                           1390.584                                                       10.317601
             18       701.62593     0.022160148      0.11663429       68.594596       3.0488824      0.95954731     0.053624828     0.026320382   2.1091758e-09        2.104592         2.104592       1399.0427                                                          1388.7251                                                       10.317601
             17       700.75141     0.022158365      0.11684275       68.613365       3.0488824      0.95954731     0.053710035     0.024751146   2.1091758e-09        2.104592         2.104592       1397.2936                                                           1386.985                                                       10.308685
             26       700.42748     0.022158365      0.11684275       68.613365        3.048569      0.96455609     0.053710035     0.024751146   2.1085151e-09        2.104592         2.104592       1396.6458                                                          1386.3371                                                       10.308685
             12       699.26836     0.022158365      0.11684275       68.613365       3.0370597      0.97414929     0.053710035     0.024751146   2.0843866e-09        2.104592         2.104592       1394.3275                                                          1384.0188                                                       10.308685
              4       699.31333     0.022151665      0.11687511       68.587726       3.0370597      0.97414929     0.053672989     0.025019291   2.0843866e-09        2.104592         2.104592       1394.4175                                                          1384.1195                                                       10.297954
             60       699.65268     0.022182271       0.1169033       68.543602       3.0370597      0.97414929     0.055161482     0.029325512   2.0843866e-09        2.104592         2.104592       1395.0962                                                          1384.7775                                                       10.318692
              5       699.65038       0.0221796      0.11687395       68.545043       3.0370597      0.97414929      0.05515378     0.030634368   2.0843866e-09        2.104592         2.104592       1395.0916                                                          1384.7792                                                       10.312405
              3       699.24959     0.022159476      0.11663677       68.637993       3.0370597      0.97414929     0.054076891     0.033841571   2.0843866e-09        2.104592         2.104592         1394.29                                                          1383.9329                                                       10.357052
             18       700.90318     0.022279799      0.11672506       68.586571       3.0370597      0.97414929     0.052245411     0.063096575   2.0843866e-09        2.104592         2.104592       1397.5972                                                          1387.3139                                                       10.283238
             14       699.68444     0.022230317       0.1173419        68.30923       3.0370597      0.97414929     0.052651196     0.064373459   2.0843866e-09        2.104592         2.104592       1395.1597                                                          1384.1496                                                       11.010084
              3       699.04798     0.022230317       0.1173419        68.30923       3.0366648      0.97280679     0.052651196     0.064373459   2.0835637e-09        2.104592         2.104592       1393.8868                                                          1382.8767                                                       11.010084
             14       699.05891     0.022228201      0.11735358       68.307159       3.0366648      0.97280679     0.052670233      0.06457986   2.0835637e-09        2.104592         2.104592       1393.9086                                                          1382.8935                                                       11.015084
             23       699.05124     0.022217713      0.11736157       68.338482       3.0366648      0.97280679     0.053058951     0.061633212   2.0835637e-09        2.104592         2.104592       1393.8933                                                          1383.0411                                                       10.852227
              7       699.08445     0.022219989      0.11733285       68.347603       3.0366648      0.97280679     0.052959091      0.06273847   2.0835637e-09        2.104592         2.104592       1393.9597                                                          1383.1551                                                       10.804609
             28       699.51687     0.022194174      0.11657745       68.462076       3.0366648      0.97280679     0.052844315     0.060493314   2.0835637e-09        2.104592         2.104592       1394.8246                                                          1384.4922                                                       10.332369
             39       700.21969     0.022194174      0.11657745       68.462076       3.0372636       0.9737689     0.052844315     0.060493314   2.0848116e-09        2.104592         2.104592       1396.2302                                                          1385.8978                                                       10.332369
             18       699.79709     0.022232752      0.11697546       68.424524       3.0372636       0.9737689     0.052584996     0.060643699   2.0848116e-09        2.104592         2.104592        1395.385                                                          1384.8816                                                       10.503425
              5        699.5073     0.022232752      0.11697546       68.424524       3.0329081      0.97296239     0.052584996     0.060643699    2.075751e-09        2.104592         2.104592       1394.8054                                                           1384.302                                                       10.503425
              9       699.56015     0.022226712      0.11712631       68.404087       3.0329081      0.97296239     0.052490953     0.059417816    2.075751e-09        2.104592         2.104592       1394.9111                                                          1384.3285                                                       10.582569
             60        699.2923     0.022240565      0.11704733       68.361952       3.0329081      0.97296239     0.051333909     0.058465687    2.075751e-09        2.104592         2.104592       1394.3754                                                          1383.6068                                                       10.768591
            120       699.38178     0.022234854      0.11657203       68.514232       3.0329081      0.97296239     0.051106535     0.068519027    2.075751e-09        2.104592         2.104592       1394.5544                                                          1384.2612                                                       10.293163
              6       699.51894      0.02223803      0.11654657       68.500759       3.0329081      0.97296239     0.050973166     0.069211378    2.075751e-09        2.104592         2.104592       1394.8287                                                          1384.5245                                                       10.304189
             41       699.56964      0.02223803      0.11654657       68.500759       3.0330615      0.97299144     0.050973166     0.069211378   2.0760695e-09        2.104592         2.104592       1394.9301                                                          1384.6259                                                       10.304189
             10       699.59173     0.022225158       0.1167377       68.485408       3.0330615      0.97299144     0.050550269     0.070261726   2.0760695e-09        2.104592         2.104592       1394.9743                                                          1384.6579                                                       10.316336
              5       699.93132     0.022219834      0.11646894       68.515885       3.0330615      0.97299144     0.051764323     0.077931798   2.0760695e-09        2.104592         2.104592       1395.6534                                                          1385.3743                                                       10.279133
              1        700.6454     0.022219834      0.11646894       68.515885       3.0367993       0.9679799     0.051764323     0.077931798    2.083844e-09        2.104592         2.104592       1397.0816                                                          1386.8025                                                       10.279133
              2       700.03233     0.022167999      0.11685897       68.551222       3.0367993       0.9679799     0.052605934     0.032724281    2.083844e-09        2.104592         2.104592       1395.8555                                                          1385.5578                                                       10.297638
             46       699.79557     0.022146835      0.11705309       68.592712       3.0367993       0.9679799     0.051650078     0.034522048    2.083844e-09        2.104592         2.104592        1395.382                                                          1385.0951                                                       10.286904
             33        700.1298     0.022146835      0.11705309       68.592712       3.0427928      0.96844466     0.051650078     0.034522048   2.0963709e-09        2.104592         2.104592       1396.0504                                                          1385.7635                                                       10.286904
              2       699.68374      0.02226148       0.1169664       68.627724       3.0427928      0.96844466     0.054502225     0.057066045   2.0963709e-09        2.104592         2.104592       1395.1583                                                          1384.8753                                                       10.282942
              9       699.97414      0.02226148       0.1169664       68.627724       3.0498875      0.96302979     0.054502225     0.057066045    2.111297e-09        2.104592         2.104592       1395.7391                                                          1385.4562                                                       10.282942
             18       699.78903     0.022419065      0.11798696        68.46988       3.0498875      0.96302979      0.05820878      0.01413454    2.111297e-09        2.104592         2.104592       1395.3689                                                          1383.8659                                                       11.502969
             32       698.23014     0.022419638      0.11819802       68.488786       3.0498875      0.96302979     0.056024152     0.017786229    2.111297e-09        2.104592         2.104592       1392.2511                                                          1380.8511                                                       11.400035
              5       698.42304     0.022411799      0.11806794       68.480219       3.0498875      0.96302979      0.05694568     0.017226238    2.111297e-09        2.104592         2.104592       1392.6369                                                          1381.2483                                                       11.388634
              4       699.06433     0.022398445      0.11804083        68.49693       3.0498875      0.96302979     0.057800611     0.014281932    2.111297e-09        2.104592         2.104592       1393.9195                                                          1382.6668                                                       11.252684
             13       699.04634      0.02239816      0.11804507       68.496244       3.0498875      0.96302979     0.057784311     0.014244933    2.111297e-09        2.104592         2.104592       1393.8835                                                          1382.6265                                                          11.257
             17        698.5267     0.022411198      0.11809663       68.533327       3.0498875      0.96302979     0.057306518      0.01128141    2.111297e-09        2.104592         2.104592       1392.8442                                                          1381.7053                                                       11.138879
             23       698.25351     0.022411198      0.11809663       68.533327       3.0537915      0.96231905     0.057306518      0.01128141   2.1195556e-09        2.104592         2.104592       1392.2978                                                           1381.159                                                       11.138879
             86       697.97871     0.022385939      0.11800604        68.53273       3.0537915      0.96231905     0.057811068     0.010232541   2.1195556e-09        2.104592         2.104592       1391.7482                                                          1380.7127                                                       11.035523
             42       698.09576     0.022323026      0.11804904       68.590184       3.0537915      0.96231905      0.05635533     0.015529744   2.1195556e-09        2.104592         2.104592       1391.9823                                                            1381.41                                                       10.572287
             35        698.3765      0.02232734       0.1173122       68.581846       3.0537915      0.96231905     0.056567965     0.032889063   2.1195556e-09        2.104592         2.104592       1392.5438                                                          1382.1078                                                       10.436041
             26       699.21662     0.022362561      0.11699564       68.706617       3.0537915      0.96231905     0.057724702     0.050438299   2.1195556e-09        2.104592         2.104592       1394.2241                                                          1383.9339                                                       10.290164
              4       699.67534     0.022362561      0.11699564       68.706617         3.04563      0.96993705     0.057724702     0.050438299   2.1023272e-09        2.104592         2.104592       1395.1415                                                          1384.8513                                                       10.290164
              6       699.50737     0.022209959      0.11633504       68.563168         3.04563      0.96993705     0.056260971     0.072444639   2.1023272e-09        2.104592         2.104592       1394.8055                                                          1384.5036                                                       10.301915
             49       700.13223     0.022239473      0.11656592       68.358571         3.04563      0.96993705     0.057746703     0.084248592   2.1023272e-09        2.104592         2.104592       1396.0553                                                          1385.5125                                                       10.542751
             47       700.05471      0.02225866      0.11654831       68.350771         3.04563      0.96993705     0.057917241     0.081675931   2.1023272e-09        2.104592         2.104592       1395.9002                                                          1385.2766                                                       10.623639
             66       699.80288      0.02225766      0.11660721       68.324034         3.04563      0.96993705     0.057594691     0.081459865   2.1023272e-09        2.104592         2.104592       1395.3966                                                          1384.6618                                                       10.734753
             31       700.02412     0.022259239      0.11657107       68.306102         3.04563      0.96993705     0.057714813      0.08263733   2.1023272e-09        2.104592         2.104592       1395.8391                                                          1385.0393                                                       10.799738
             26       700.11802     0.022259239      0.11657107       68.306102       3.0462625      0.96887136     0.057714813      0.08263733   2.1036574e-09        2.104592         2.104592       1396.0269                                                          1385.2271                                                       10.799738
             14       702.77725      0.02223625      0.11640121       68.331577       3.0462625      0.96887136     0.059251493     0.083575942   2.1036574e-09        2.104592         2.104592       1401.3453                                                          1390.7439                                                       10.601365
             36        702.1379     0.022213885      0.11651962       68.401685       3.0462625      0.96887136      0.05899076     0.068538045   2.1036574e-09        2.104592         2.104592       1400.0666                                                          1389.6261                                                       10.440506
             31       702.01447      0.02221477      0.11652518        68.39732       3.0462625      0.96887136     0.058935948      0.06875287   2.1036574e-09        2.104592         2.104592       1399.8198                                                          1389.3674                                                       10.452371
             17       699.95956      0.02221477      0.11652518        68.39732       3.0496274      0.96888153     0.058935948      0.06875287   2.1107478e-09        2.104592         2.104592       1395.7099                                                          1385.2576                                                       10.452371
             28       699.84813     0.022115953      0.11683971        68.66749       3.0496274      0.96888153     0.057901625     0.033603923   2.1107478e-09        2.104592         2.104592       1395.4871                                                          1385.0507                                                       10.436368
             51       700.86526     0.022107987      0.11612025       68.762785       3.0496274      0.96888153     0.057405942     0.037613841   2.1107478e-09        2.104592         2.104592       1397.5213                                                          1386.5376                                                       10.983736
             11       701.00144     0.022107987      0.11612025       68.762785       3.0481122       0.9688054     0.057405942     0.037613841   2.1075521e-09        2.104592         2.104592       1397.7937                                                            1386.81                                                       10.983736
             51       700.87008     0.022107987      0.11612025       68.762785       3.0495389      0.96875499     0.057405942     0.037613841    2.110561e-09        2.104592         2.104592        1397.531                                                          1386.5472                                                       10.983736
             16       700.89887        0.022113      0.11610049       68.767204       3.0495389      0.96875499     0.057354865     0.037566788    2.110561e-09        2.104592         2.104592       1397.5886                                                          1386.5933                                                       10.995229
             23       701.46123     0.022088699      0.11617361       68.751578       3.0495389      0.96875499     0.056850592     0.028948578    2.110561e-09        2.104592         2.104592       1398.7133                                                          1387.7901                                                       10.923215
              1       701.98374     0.022088699      0.11617361       68.751578       3.0406176      0.97913041     0.056850592     0.028948578   2.0918157e-09        2.104592         2.104592       1399.7583                                                          1388.8351                                                       10.923215
             62        702.6222     0.022113113      0.11611016       68.799819       3.0406176      0.97913041     0.056588285     0.028256644   2.0918157e-09        2.104592         2.104592       1401.0352                                                          1389.9368                                                       11.098411
              9       704.16568     0.022113113      0.11611016       68.799819       3.0452379      0.97636921     0.056588285     0.028256644   2.1015029e-09        2.104592         2.104592       1404.1222                                                          1393.0238                                                       11.098411
             13       700.94708     0.022084593      0.11630861       68.800232       3.0452379      0.97636921      0.05712312     0.032142037   2.1015029e-09        2.104592         2.104592        1397.685                                                          1386.5255                                                       11.159417
             11       700.33326     0.022087248      0.11640308       68.754871       3.0452379      0.97636921     0.057560361      0.04156369   2.1015029e-09        2.104592         2.104592       1396.4573                                                          1385.5039                                                       10.953401
             43        701.2394     0.022102281      0.11643949       68.782357       3.0452379      0.97636921     0.056532845     0.040369407   2.1015029e-09        2.104592         2.104592       1398.2696                                                          1387.2492                                                       11.020416
             12       700.40052     0.022089999      0.11619555       68.766347       3.0452379      0.97636921     0.058487332     0.038489318   2.1015029e-09        2.104592         2.104592       1396.5919                                                           1385.549                                                       11.042846
             11       700.41824     0.022089999      0.11619555       68.766347       3.0440911      0.97723089     0.058487332     0.038489318   2.0990944e-09        2.104592         2.104592       1396.6273                                                          1385.5845                                                       11.042846
             49        700.5619     0.022089999      0.11619555       68.766347       3.0437372      0.97829051     0.058487332     0.038489318   2.0983515e-09        2.104592         2.104592       1396.9146                                                          1385.8718                                                       11.042846
             15       700.59747      0.02208835      0.11613327       68.761625       3.0437372      0.97829051      0.05867819     0.043870311   2.0983515e-09        2.104592         2.104592       1396.9858                                                           1385.904                                                       11.081714
             61       700.72529      0.02208835      0.11613327       68.761625       3.0459598      0.97716338      0.05867819     0.043870311   2.1030207e-09        2.104592         2.104592       1397.2414                                                          1386.1597                                                       11.081714
             12       700.72206     0.022076563      0.11643378       68.629148       3.0459598      0.97716338     0.060135469     0.048765758   2.1030207e-09        2.104592         2.104592       1397.2349                                                          1386.7107                                                       10.524265
             11       700.27464     0.022071556      0.11655086       68.619163       3.0459598      0.97716338     0.059466785     0.047879924   2.1030207e-09        2.104592         2.104592       1396.3401                                                          1385.8568                                                        10.48327
              4       701.69268     0.022071556      0.11655086       68.619163       3.0450128      0.98242106     0.059466785     0.047879924     2.10103e-09        2.104592         2.104592       1399.1762                                                          1388.6929                                                        10.48327
             32       703.80865      0.02191753      0.11614816       68.545628       3.0450128      0.98242106     0.058082895     0.066313715     2.10103e-09        2.104592         2.104592       1403.4081                                                          1392.6363                                                        10.77184
              9       704.77762     0.021960705      0.11659336       68.585705       3.0450128      0.98242106     0.057355111     0.060236186     2.10103e-09        2.104592         2.104592       1405.3461                                                          1394.6564                                                       10.689608
              8       705.08253     0.021960705      0.11659336       68.585705       3.0471201       0.9734593     0.057355111     0.060236186   2.1054621e-09        2.104592         2.104592       1405.9559                                                          1395.2663                                                       10.689608
              4       705.00312     0.021963286      0.11658005       68.590517       3.0471201       0.9734593     0.057192089     0.061031896   2.1054621e-09        2.104592         2.104592       1405.7971                                                          1395.0885                                                       10.708596
             18       704.42539     0.021981959       0.1164646         68.5726       3.0471201       0.9734593     0.058144253     0.063031526   2.1054621e-09        2.104592         2.104592       1404.6416                                                          1394.0185                                                       10.623121
             10       702.68342     0.021981959       0.1164646         68.5726       3.0418918      0.98043363     0.058144253     0.063031526    2.094483e-09        2.104592         2.104592       1401.1577                                                          1390.5345                                                       10.623121
              5        702.8373     0.021981187      0.11647836       68.585319       3.0418918      0.98043363     0.058091156     0.062162802    2.094483e-09        2.104592         2.104592       1401.4654                                                          1390.8019                                                       10.663517
             21       701.43328     0.022147917      0.11599286       68.509059       3.0418918      0.98043363     0.060141909     0.078759211    2.094483e-09        2.104592         2.104592       1398.6574                                                          1388.3381                                                       10.319305
             25       701.71841     0.022147917      0.11599286       68.509059       3.0411487      0.98037252     0.060141909     0.078759211   2.0929271e-09        2.104592         2.104592       1399.2276                                                          1388.9083                                                       10.319305
             95       701.75501     0.022120855      0.11597874       68.503086       3.0411487      0.98037252     0.058208856      0.09807736   2.0929271e-09        2.104592         2.104592       1399.3008                                                          1388.9173                                                       10.383551
             16       701.78119     0.022120855      0.11597874       68.503086       3.0472768      0.97409568     0.058208856      0.09807736   2.1057922e-09        2.104592         2.104592       1399.3532                                                          1388.9696                                                       10.383551
              2       704.98912      0.02215797      0.11419777       68.626724       3.0472768      0.97409568     0.058819779       0.1419217   2.1057922e-09        2.104592         2.104592        1405.769                                                          1394.2945                                                       11.474527
              5        704.1948     0.022166795      0.11462829       68.591626       3.0472768      0.97409568     0.060298041      0.12908632   2.1057922e-09        2.104592         2.104592       1404.1804                                                          1393.1872                                                       10.993269
