#                 weight             minuslogpost                 omegabh2                 omegach2                       H0                     logA                       ns                      tau               mnu_sample                 A_planck               TT_tSZ_Amp               TT_kSZ_Amp                       As                      mnu                chi2__CMB            minuslogprior         minuslogprior__0                     chi2 chi2__sbt_spt_audit.likelihoods.candl_cobaya.CandlCobayaLikelihood chi2__sbt_spt_audit.likelihoods.desi_dr2_bao.DESIDR2BAOGaussian chi2__planck_2018_lowl.TT chi2__planck_2018_lowl.EE_sroll2 chi2__planck_2018_highl_plik.TT_lite_native chi2__planckpr4lensing.PlanckPR4Lensing
                       1       1517.2414246445962     0.022558853843794253      0.11639777769721714       68.411457992745042       3.0581367134098123      0.97981927642092126     0.065502342234640909     0.069080227359936339       1.0002922238792071       2.0571068893351465       9.6226279239572587   2.1287854810681538e-09     0.069080227359936339       493.66280592378882       5.7934714303969193       5.7934714303969193       3022.8959064283986                                                 2517.7841978343235                                              11.448902670285751        21.057156175191494               391.90004106373578                          72.328066630636485                      8.3775420542250227
                      18       1516.5442992661069     0.022546927265235224       0.1164772298342162       68.487884565206357       3.0561252003184345      0.97830995730205039     0.066024588423564581     0.057550656967091406      0.99879001710533399       2.0544500915847084       9.9895827942488822   2.1245077050478732e-09     0.057550656967091406       493.36770698527738       5.7934714303969193       5.7934714303969193       3021.5016556714199                                                 2517.0316703059152                                                11.1022783802273        21.277611686915179               392.12992967640702                          71.603254107132955                      8.3569115148222135
                       3       1516.6862923974086     0.022546927265235224       0.1164772298342162       68.487884565206357       3.0561252003184345      0.97830995730205039     0.066024588423564581     0.057550656967091406      0.99879001710533399       2.4339084171347087       9.9958976245541606   2.1245077050478732e-09     0.057550656967091406       493.36770698527738       5.7934714303969193       5.7934714303969193       3021.7856419340233                                                 2517.3156565685185                                                11.1022783802273        21.277611686915179               392.12992967640702                          71.603254107132955                      8.3569115148222135
                       4        1517.289159273779     0.022478852872386209      0.11650382629097525       68.413002845903293       3.0600037355524781      0.97789201644020873     0.066637990860005103     0.058628200206843895       1.0003149419439792       2.4317361356256448       9.9212333328958469   2.1327636832384715e-09     0.058628200206843895       493.61630013526315       5.7934714303969193       5.7934714303969193       3022.9913756867641                                                 2518.1444470624515                                              11.230628489049124        21.316077596435832               392.43047865737071                          71.591820117362474                      8.2779237640941172
                      13       1517.4629242052961     0.022494485654711207      0.11663080156570593       68.390160051914876       3.0610166808570822      0.97782414027855735     0.066949209622722453     0.060362756096480549       1.0002975662068612       2.4322319001836199       9.8945251540599024   2.1349251507365988e-09     0.060362756096480549       493.56147666588032       5.7934714303969193       5.7934714303969193       3023.3389055497983                                                 2518.3345338914492                                              11.442894992468622        21.343569225792578               392.54394938741819                          71.417325427117618                      8.2566326255519389
                       3       1517.2209490755208     0.022377688442038079      0.11663383778157992       68.427822183224322       3.0577249284164698      0.97863072126544204     0.065313633527778289     0.044178491449126459       1.0005150046231834       2.4306284256526882       9.9743629353637591   2.1279090596139903e-09     0.044178491449126459       494.13038969126598       5.7934714303969193       5.7934714303969193       3022.8549552902477                                                 2517.7868372898802                                              10.937728309101171        21.164473763941999               391.94476863652085                          72.758728877616434                      8.2624184131866993
                       1       1517.2265271312522     0.022377688442038079      0.11663383778157992       68.427822183224322       3.0577249284164698      0.97863072126544204     0.065313633527778289     0.044178491449126459       1.0001610800980969       2.4306284256526882       9.9743629353637591   2.1279090596139903e-09     0.044178491449126459       494.14154580272958       5.7934714303969193       5.7934714303969193       3022.8661114017104                                                 2517.7868372898802                                              10.937728309101171        21.198976119086296               391.93380569483958                          72.758485247455269                      8.2502787413484171
                       4       1515.6889901017507     0.022500149709777609      0.11654392001446398       68.840212549297263       3.0522352382166447      0.97810835887997638     0.061293285198485363     0.027844601613543171       1.0011959056754045       2.4311852256708137       9.8175193011930482   2.1162595035866677e-09     0.027844601613543171       491.10449718779699       5.7934714303969193       5.7934714303969193       3019.7910373427076                                                 2518.2654143054092                                              10.421125849501767        21.264589779834807               390.65512892122092                          70.864673359592786                      8.3201051271484676
                      13       1515.1512184722033     0.022518931670117436      0.11670812527225599       68.916610382979385       3.0482271373050929      0.97882750578100197     0.060520180015453506     0.013086021411768296      0.99963711160369695       2.4332974567920407       9.8839473845416386   2.1077942979731312e-09     0.013086021411768296       491.27812745572186       5.7934714303969193       5.7934714303969193       3018.7154940836126                                                 2516.9531205358326                                              10.484246092057608        21.172082756126485                390.4708567758301                          71.327493747770788                      8.3076941759944827
                       1       1517.3513468786107     0.022496449348139658      0.11822603078750989       68.291492995002429       3.0461757578618283      0.97461851074051065     0.056195655095556997     0.031366808569680389       1.0010496259673685       2.4324230056158127       9.8781298809059628    2.103474844013913e-09     0.031366808569680389       491.13778053218937       5.7934714303969193       5.7934714303969193       3023.1157508964275                                                 2518.6929446768154                                              13.285025687422614        21.728762453760453               390.20947071893204                          70.781045102711076                      8.4185022567857946
                       1       1517.3573200569783     0.022503666084502584      0.11821533421685591       68.297572723879057       3.0460272729163336      0.97482627846693026     0.056177508787608514     0.032355984163485563        1.000970312287673       2.4328193157460496        9.865570640204254   2.1031625328536771e-09     0.032355984163485563       491.14492088605147       5.7934714303969193       5.7934714303969193       3023.1276972531628                                                 2518.7313444278498                                              13.251431939261565        21.700601903577706               390.17955312618466                          70.852407410051882                      8.4123584462371763
                       1       1517.6826002019463     0.022503666084502584      0.11821533421685591       68.297572723879057       3.0460272729163336      0.97482627846693026     0.056177508787608514     0.032355984163485563       1.0021963581370656       2.4328193157460496        9.865570640204254   2.1031625328536771e-09     0.032355984163485563       491.79548117598694       5.7934714303969193       5.7934714303969193       3023.7782575430988                                                 2518.7313444278498                                              13.251431939261565        21.565946798921004               390.16072486854227                          71.698575633507488                      8.3702338750161562
                      20       1517.7055103754724     0.022521729223743066      0.11821787019536674       68.292267053517065       3.0465495217391712       0.9748273743621495     0.056489062023118847     0.033345963193177987       1.0021071223337932        2.433369110759974       9.8355035948786682   2.1042611938729366e-09     0.033345963193177987       491.85565737150802       5.7934714303969193       5.7934714303969193       3023.8240778901509                                                  2518.545240374101                                              13.423180144541849        21.579590653390028               390.18671305745403                          71.725544052982855                      8.3638096076811212
                       1       1521.6309229300084     0.022521729223743066      0.11821787019536674       68.292267053517065       3.0465495217391712       0.9748273743621495     0.056489062023118847     0.033345963193177987       1.0045905222674547        2.433369110759974       9.8355035948786682   2.1042611938729366e-09     0.033345963193177987       499.70648248058029       5.7934714303969193       5.7934714303969193       3031.6749029992229                                                  2518.545240374101                                              13.423180144541849        21.320355081405125                390.2393609861013                          79.531784510364147                      8.6149819027097259
                       2       1522.2556928551303     0.022538532341696931      0.11797489336002044       68.392428802871621       3.0575210594542739      0.97071695075251463     0.059866537972722421     0.016469848727917083       1.0075061161373067       2.4278890897195939       9.6576913450651816   2.1274752892200221e-09     0.016469848727917083       499.78430330464653       5.7934714303969193       5.7934714303969193       3032.9244428494667                                                 2520.4234532436039                                              12.716686301216395        21.987807636586012               390.42209503259346                          79.117869801619932                      8.2565308338471368
                       1       1521.7780514221542     0.022548279226572595      0.11782882601482866       68.368076112090279       3.0552652634079229      0.97121696418323644     0.059246207349226282     0.021307105931043367       1.0071237699924971       2.4288966396582898       9.6541321481589488   2.1226815477582008e-09     0.021307105931043367       499.69164965343487       5.7934714303969193       5.7934714303969193       3031.9691599835146                                                  2519.400526114051                                              12.876984216028614        21.875441588912963               390.30075543207784                          79.221653999772599                      8.2937986326715141
                       4       1525.5827469419085      0.02256489773404028      0.11715136230281348       68.055153704654515       3.0607950063085112      0.97476523629917755     0.060766497256254971     0.090031878808585986       1.0089111113284446       2.4323311353425026       9.2802286204913358   2.1344519446183907e-09     0.090031878808585986       499.18384515497593       5.7934714303969193       5.7934714303969193        3039.578551023023                                                 2525.4889821315182                                              14.905723736528632        21.297787858495155               390.59518644980682                          78.189991021040385                      9.1008798256335641
                       8       1522.4698499226872     0.022359381519191774      0.11741572508299883       68.193511054520755       3.0482591133352517      0.97214558184119804     0.054993983145281491     0.036291973148127196       1.0087335851768529       2.4251942576301473       9.7685836181547963    2.107861697944758e-09     0.036291973148127196       498.91531964053274       5.7934714303969193       5.7934714303969193       3033.3527569845805                                                 2521.5751403280206                                              12.862297016027332        21.505575097735232                  390.32055139668                           78.19441151230329                      8.8947816338142225
                       1       1521.8279322382659     0.022359381519191774      0.11741572508299883       68.193511054520755       3.0482591133352517      0.97214558184119804     0.054993983145281491     0.036291973148127196       1.0084555831499604       2.4251942576301473       9.7685836181547963    2.107861697944758e-09     0.036291973148127196       497.63148427169023       5.7934714303969193       5.7934714303969193        3032.068921615738                                                 2521.5751403280206                                              12.862297016027332        21.535197687475261               390.31622558752758                          76.969839655297719                      8.8102213413896369
                       1       1520.9830354838632     0.022485366958127095      0.11651840630744306       68.503566499211132       3.0456178811247971      0.97631609285462218     0.058638099956543531     0.017592124767585631        1.004297110505316       2.4331417881148201       9.6778807765455959   2.1023016915991543e-09     0.017592124767585631       500.54631665143353       5.7934714303969193       5.7934714303969193       3030.3791281069325                                                 2518.5784110307441                                               11.25440042475495        21.048606795002399               390.34453228605469                          80.156687952506246                      8.9964896178701714
                       1       1521.1565766880847     0.022427288028553045      0.11604658420011997       68.576358384070474       3.0540918812683122      0.97539974908231797     0.062710957578466398     0.031496481913208425       1.0053611727698568       2.4273505770086783       9.8892091009782881   2.1201922918517968e-09     0.031496481913208425       500.38576765844897       5.7934714303969193       5.7934714303969193       3030.7262105153754                                                  2519.713307167216                                              10.627135689710022        21.213705785873231               391.04185589164979                          78.927640030089847                       9.202565950836112
                      10       1521.0237269423646     0.022434800277196493      0.11605856549900891       68.580518691366763       3.0539977213989191      0.97559189609315988     0.062776882807177581     0.032081028878591024       1.0051948202861589        2.427775446109905       9.8861281185084895    2.119992664221111e-09     0.032081028878591024       500.37453346925372       5.7934714303969193       5.7934714303969193       3030.4605110239354                                                 2519.4585640267687                                              10.627413527912575        21.194284958691753                391.0602899863228                          78.913578403842976                      9.2063801203962328
                       5       1521.8952935053414     0.022554823381205954      0.11581314858091867       68.833207461134606        3.055157459808536      0.97890185993726209      0.06391742286006738     0.023176223171230161       1.0044965294435984       2.4344471237006502       9.4921562533723804   2.1224527273810521e-09     0.023176223171230161       501.31426582230267       5.7934714303969193       5.7934714303969193        3032.203644149889                                                 2520.2933977657549                                              10.595980561831508        20.852187643533341               391.29373150283431                          80.121191496762052                      9.0471551791729858
                       1       1521.2547617627936      0.02257003027100235      0.11590570364263381       68.817121028108701       3.0531793472939577       0.9794260267424969     0.061803202445950042     0.033599550365370032       1.0053226933242112        2.435303615140691       9.3837581041701821   2.1182584268462742e-09     0.033599550365370032       500.20850597193572       5.7934714303969193       5.7934714303969193       3030.9225806647933                                                 2520.1859569593425                                              10.528117733515176        20.772678011650896               390.77007480300745                          79.302635738857532                      9.3631174184198702
                       7       1519.4021089216208      0.02257003027100235      0.11590570364263381       68.817121028108701       3.0531793472939577       0.9794260267424969     0.061803202445950042     0.033599550365370032       1.0043685146146042        2.435303615140691       9.3837581041701821   2.1182584268462742e-09     0.033599550365370032       496.50320028959061       5.7934714303969193       5.7934714303969193       3027.2172749824476                                                 2520.1859569593425                                              10.528117733515176        20.852907889899086               390.72992483451361                          75.930296641124869                      8.9900709240530201
                       3        1518.752770225431      0.02257003027100235      0.11590570364263381       68.817121028108701       3.0531793472939577       0.9794260267424969     0.061803202445950042     0.033599550365370032       1.0043685146146042       2.0806220851003392       9.5112561372124809   2.1182584268462742e-09     0.033599550365370032       496.50320028959061       5.7934714303969193       5.7934714303969193       3025.9185975900682                                                 2518.8872795669627                                              10.528117733515176        20.852907889899086               390.72992483451361                          75.930296641124869                      8.9900709240530201
                       8       1516.9443963381195      0.02257003027100235      0.11590570364263381       68.817121028108701       3.0531793472939577       0.9794260267424969     0.061803202445950042     0.033599550365370032       1.0022211738327944       2.0806220851003392       9.5112561372124809   2.1182584268462742e-09     0.033599550365370032       492.88645251496706       5.7934714303969193       5.7934714303969193       3022.3018498154452                                                 2518.8872795669627                                              10.528117733515176        21.043631343459595               390.71376906687408                          72.718543930985007                      8.4105081736484077
                       2       1516.4247919298884     0.022597464325828348      0.11567914473201786        68.97185580467422       3.0423143372343597      0.98498902960119528     0.058491442718603875     0.049661786724292015      0.99971871675839064       2.0869170453859565        9.567643586153979   2.0953681047000863e-09     0.049661786724292015       494.68790589021802       5.7934714303969193       5.7934714303969193        3021.262640998983                                                 2515.7576833078747                                              10.817051800890107        20.439410185935174               390.39263455608523                          74.367262351339875                      9.4885987968577297
                       1       1516.1802022995794     0.022566220634477066      0.11598198990962325       68.853278135376712       3.0385622328495874      0.98468508065833948     0.056413589594460689     0.050982375996853305      0.99953554534520761       2.0868850468000595       9.6422683160330553   2.0875207960137807e-09     0.050982375996853305        495.1140936123104       5.7934714303969193       5.7934714303969193       3020.7734617383649                                                 2515.1704980027712                                              10.488870123282972        20.442909795356059               390.47689040269665                          74.645522722352098                      9.5487706919056112
                       7       1517.7482121306082      0.02258604434391405      0.11559057349110109       68.722838120053567       3.0344893451621955      0.98696388167758309     0.055306381969058432     0.068519670016276513      0.99891439798963522       2.0910689366339543       9.4754968223976022   2.0790358491137151e-09     0.068519670016276513       498.22547974992415       5.7934714303969193       5.7934714303969193       3023.9094814004225                                                 2515.2295379762882                                              10.454463674210489        20.243422068260372               390.71640163462916                          76.821519458826316                      10.444136588208243
                       4       1517.8904162297736     0.022437945717997444      0.11608067601961632       68.394283205780596       3.0426377054311664      0.98354623776944916     0.057661501661278883      0.06347211350350257       1.0006928198216847       2.0849716755260204        9.589472988520539   2.0960457896707276e-09      0.06347211350350257       496.37758341456021       5.7934714303969193       5.7934714303969193       3024.1938895987532                                                 2516.7609424630518                                              11.055363721140997        20.489305252654503               390.35756071402108                          76.416568137522432                       9.114149310362162
                       1       1517.8884659898831     0.022416741772425246      0.11610743325518186       68.321306993885301       3.0444997246958225      0.98212480240652855     0.057949986451168847     0.069121171943457432       1.0014527309419234       2.0824980968363431       9.6531306330754223   2.0999523031837109e-09     0.069121171943457432       495.49451418058635       5.7934714303969193       5.7934714303969193       3024.1899891189723                                                 2517.3821887253957                                              11.313286212990139         20.61380721407005               390.35774847194966                          75.388012570228184                       9.134945924338485
                       3       1517.3842129286552     0.022759733630479895      0.11604831862365801       68.720015776701203       3.0441969152103114       0.9798237780628356     0.056896861743044029     0.059172586759937557       1.0017584438417291       2.0871332987055786       9.2503706240637253   2.0993165139735458e-09     0.059172586759937557        493.5892773509778       5.7934714303969193       5.7934714303969193       3023.1814829965165                                                 2518.8160065476695                                              10.776199097869336        20.970844911046356               390.28345304176719                          73.261769114268176                      9.0732102838960831
                       4       1517.3791618400674     0.022759733630479895      0.11604831862365801       68.720015776701203       3.0441969152103114       0.9798237780628356     0.056896861743044029     0.059172586759937557       1.0015989026068448       2.0871332987055786       9.2503706240637253   2.0993165139735458e-09     0.059172586759937557       493.57917517380201       5.7934714303969193       5.7934714303969193       3023.1713808193408                                                 2518.8160065476695                                              10.776199097869336        20.984972905732207               390.28345304176719                          73.294697240980085                      9.0160519853225232
                       2       1516.5530595957362     0.022759733630479895      0.11604831862365801       68.720015776701203       3.0441969152103114       0.9798237780628356     0.056896861743044029     0.059172586759937557       1.0015989026068448        2.419078295597564       9.6988758510257309   2.0993165139735458e-09     0.059172586759937557       493.57917517380201       5.7934714303969193       5.7934714303969193       3021.5191763306784                                                 2517.1638020590071                                              10.776199097869336        20.984972905732207               390.28345304176719                          73.294697240980085                      9.0160519853225232
                       5       1516.5900088588917     0.022759733630479895      0.11604831862365801       68.720015776701203       3.0441969152103114       0.9798237780628356     0.056896861743044029     0.059172586759937557       1.0019516553968388        2.419078295597564       9.6988758510257309   2.0993165139735458e-09     0.059172586759937557       493.65307370011305       5.7934714303969193       5.7934714303969193       3021.5930748569895                                                 2517.1638020590071                                              10.776199097869336         20.95385890477661               390.28660506663743                          73.267477008188067                       9.145132720510956
                       1       1516.7660305685183     0.022762333325580329      0.11601681053191987        68.70805395606601       3.0426499729160739      0.98018523113640732     0.056630389455186919     0.056830320128367459       1.0014659612715686       2.4200593474278169       9.6946553040959476   2.0960715030385366e-09     0.056830320128367459       494.23756271533028       5.7934714303969193       5.7934714303969193       3021.9451182762427                                                 2516.8585868490545                                              10.848968711857642         20.90508535769078                390.3524614928242                          73.819451059558972                      9.1605648052563229
                       7       1517.6518665602437      0.02291049293582029      0.11513216719658795       68.963009243353696       3.0492170954387299       0.9842129765340949     0.063633099394400344     0.083496432033622614      0.99835037249162872       2.4248857242079258       9.7589716220325382   2.1098819592605839e-09     0.083496432033622614       496.46093393156099       5.7934714303969193       5.7934714303969193       3023.7167902596934                                                 2516.6073675773423                                              10.648488750790209        20.608492036128212               391.07233134254278                           74.65181025834147                       10.12830029454855
                      10       1517.8565192212345      0.02291049293582029      0.11513216719658795       68.963009243353696       3.0492170954387299       0.9842129765340949     0.063633099394400344     0.083496432033622614      0.99718781429296721       2.4248857242079258       9.7589716220325382   2.1098819592605839e-09     0.083496432033622614       496.87023925354237       5.7934714303969193       5.7934714303969193       3024.1260955816751                                                 2516.6073675773423                                              10.648488750790209        20.697700307977982               391.07845098884525                          75.547526978765745                      9.5465609779534066
                       1       1517.6368066574285      0.02291049293582029      0.11513216719658795       68.963009243353696       3.0492170954387299       0.9842129765340949     0.063633099394400344     0.083496432033622614      0.99828156675051161       2.4248857242079258       9.7589716220325382   2.1098819592605839e-09     0.083496432033622614       496.43081412593062       5.7934714303969193       5.7934714303969193        3023.686670454063                                                 2516.6073675773423                                              10.648488750790209        20.613642353239015               391.07233134254278                           74.65398206985779                       10.09085836029101
                      10       1515.8856765841106     0.022754308841596453      0.11550902616090934       69.014563888348192       3.0497172304395268      0.98119824211949569     0.060786960046501734     0.064394558750598435       1.0014158267755759       2.4166114032269768       9.9047049170058656   2.1109374489976392e-09     0.064394558750598435       492.87017992389872       5.7934714303969193       5.7934714303969193       3020.1844103074272                                                 2516.5542092954611                                              10.760021088067266        20.871426636328806                390.4909323580585                          71.919686598139634                      9.5881343313717657
                       1       1515.8802284164099     0.022754308841596453      0.11550902616090934       69.014563888348192       3.0497172304395268      0.98119824211949569     0.060786960046501734     0.064394558750598435       1.0013841074606717       2.4166114032269768       9.9047049170058656   2.1109374489976392e-09     0.064394558750598435       492.85928358849719       5.7934714303969193       5.7934714303969193       3020.1735139720258                                                 2516.5542092954611                                              10.760021088067266        20.874128192403873                390.4909323580585                          71.920738787685494                      9.5734842503493667
                      10       1515.5869286731031     0.022715718129941692      0.11578206152613713       68.950567558329197       3.0491706742822569      0.98009622598312995       0.0595686867375185     0.059897519650266129       1.0021085917900077       2.4149545591833426        9.931006912394384   2.1097840183732958e-09     0.059897519650266129       492.07970438802897       5.7934714303969193       5.7934714303969193       3019.5869144854123                                                 2516.9281553886567                                              10.579054708726872        20.978137626030048               390.36248390442927                          71.424222658050027                      9.3148601995196199
                       4       1516.2641499905344     0.022715718129941692      0.11578206152613713       68.950567558329197       3.0491706742822569      0.98009622598312995       0.0595686867375185     0.059897519650266129       1.0032878429707661       2.4149545591833426        9.931006912394384   2.1097840183732958e-09     0.059897519650266129       493.43414702289118       5.7934714303969193       5.7934714303969193       3020.9413571202749                                                 2516.9281553886567                                              10.579054708726872        20.875288597130975               390.36459643797468                          72.336941062151809                      9.8573209256337222
                       2       1515.8508552338149     0.022720876234577123      0.11578708118124853       68.957761294434633       3.0473645636337983      0.98076415410263718     0.059360750945193226     0.060875916528404413        1.002500254243069       2.4159428509423129       9.9869680522942428   2.1059769540163995e-09     0.060875916528404413       493.62561178367656       5.7934714303969193       5.7934714303969193       3020.1147676068358                                                 2515.9045797337344                                              10.584576089425026        20.801619476633334               390.34915849838092                          72.443075201229803                      10.031758607432495
                       2       1515.7431578385713     0.022708866086588685      0.11606155397068807       69.093716521184632       3.0426842763546693      0.98142476033430215      0.05709297228619447     0.026829362748071794       1.0020773526772599       2.4181207435304164        9.864556688201338   2.0961434067318978e-09     0.026829362748071794       493.81901992986246       5.7934714303969193       5.7934714303969193       3019.8993728163487                                                 2515.2215336507643                                              10.858819235722011        20.710070414396739                390.3341308821004                          73.493438259592622                      9.2813803737727163
                       3       1515.3228354093646     0.022708866086588685      0.11606155397068807       69.093716521184632       3.0426842763546693      0.98142476033430215      0.05709297228619447     0.026829362748071794       1.0015642001231848       2.4181207435304164        9.864556688201338   2.0961434067318978e-09     0.026829362748071794       492.97837507144931       5.7934714303969193       5.7934714303969193       3019.0587279579354                                                 2515.2215336507643                                              10.858819235722011        20.751031949407206               390.33709438882778                          72.808851813406946                       9.081396919807398
                       6       1515.2452158428396     0.022689353597761117       0.1161249776805871       69.078918539249159       3.0421230075290469      0.98091619683714015     0.056470165805947221     0.026683787812887553       1.0018826862264729       2.4169720682098892       9.9102098639572063   2.0949672368882747e-09     0.026683787812887553       492.72966656807097       5.7934714303969193       5.7934714303969193       3018.9034888248852                                                 2515.3530323086779                                              10.820789948135932        20.793451877185134               390.36209872554605                          72.455057417355675                      9.1190585479841122
                       1       1515.8417584886349     0.022689353597761117       0.1161249776805871       69.078918539249159       3.0421230075290469      0.98091619683714015     0.056470165805947221     0.026683787812887553        1.002565022035014       2.4169720682098892       9.9102098639572063   2.0949672368882747e-09     0.026683787812887553       493.92275185966264       5.7934714303969193       5.7934714303969193       3020.0965741164759                                                 2515.3530323086779                                              10.820789948135932          20.7380701049035               390.35748530814203                          73.432847130543138                      9.3943493160740079
                       7       1516.0364498284653     0.022734543459880921      0.11609780550804706       69.154718700138815        3.039334255534734      0.98178746971363184     0.055654222162886666     0.022686192346315262       1.0018332048664407       2.4193362853086913       9.8564768261233446   2.0891330316851984e-09     0.022686192346315262       494.53795745071557       5.7934714303969193       5.7934714303969193       3020.4859567961366                                                 2514.9460944278508                                              11.001904917570576        20.652944108337806               390.48840425083768                           73.86902873555492                      9.5275803559851333
                       3        1516.050659987875     0.022734543459880921      0.11609780550804706       69.154718700138815        3.039334255534734      0.98178746971363184     0.055654222162886666     0.022686192346315262       1.0018332048664407       2.0091279255656929       9.6894990078581849   2.0891330316851984e-09     0.022686192346315262       494.53795745071557       5.7934714303969193       5.7934714303969193        3020.514377114956                                                 2514.9745147466697                                              11.001904917570576        20.652944108337806               390.48840425083768                           73.86902873555492                      9.5275803559851333
                       1       1516.2637564024562     0.022746307671113512       0.1161345503082324       69.128017348220254       3.0389773441495671       0.9832563647773549     0.055831855413134353     0.030406877221771333       1.0012572097216119       2.0112932576522611       9.6508975324016468   2.0883875293681077e-09     0.030406877221771333       494.99104789764164       5.7934714303969193       5.7934714303969193       3020.9405699441186                                                 2515.0724245138922                                              10.877097532584839        20.522152735356087                390.5101912992302                          74.330946718604565                      9.6277571444507295
                       6       1516.1020843684273     0.022699863262588948      0.11615406126965627       69.128565262277107       3.0416325282657999      0.98377384135889445     0.057450585383855654     0.022531533701563577       1.0010824401640401       2.0109514106810824       9.6627136801641544   2.0939399508532429e-09     0.022531533701563577       494.99102895562896       5.7934714303969193       5.7934714303969193       3020.6172258760607                                                 2514.6737215520466                                              10.952475368384802        20.481448118401545               390.37927945168104                          74.908516250624018                      9.2217851349223459
                       8       1516.5371219451231     0.022740429685782895      0.11565662986247707       69.274537778265667       3.0456106379648991      0.97873607221654368       0.0580452014260745     0.032913154488140466       1.0034147925053403       2.0023477885351038       9.8933209631341033   2.1022864643469947e-09     0.032913154488140466       493.57236811220059       5.7934714303969193       5.7934714303969193       3021.4873010294523                                                 2516.0736419687541                                              11.841290948497493        21.023681887625855               390.27601439496777                          72.265829151779457                      10.006842677827528
                      18       1516.7348994422305     0.022526561158519625      0.11642990186453084       68.721239057513955       3.0600477067999079      0.97521870413232603     0.063139601175455196      0.03345876721144804       1.0054494705584311       1.9956433951268324       9.9926809021892211   2.1328574655799448e-09      0.03345876721144804       493.07026400937673       5.7934714303969193       5.7934714303969193        3021.882856023667                                                  2518.341870120852                                              10.470721893438082           21.508489554758               391.13297847226693                          72.065247548374018                      8.3635484339777406
                       5       1516.6937903378409     0.022529124471809114      0.11646409891692575       68.728671305979248       3.0601327580137041      0.97518067491262361     0.063233066024894605     0.031240368189069789       1.0053549006362694       1.9957621870787672       9.9925985215517912   2.1330388754107005e-09     0.031240368189069789       493.11164126941185       5.7934714303969193       5.7934714303969193        3021.800637814888                                                 2518.2157626106982                                               10.47323393477795        21.519725925838884               391.16033019435434                          72.100236258734526                      8.3313488904840831
                       9       1516.0159689098959     0.022599305895047179      0.11643592663985676       68.742220360496589        3.055395126105739       0.9769114971844628     0.061676070743239331     0.036507119143653441       1.0042266874202941       2.0002410621865478        9.882640308287943   2.1229572228101624e-09     0.036507119143653441       493.18013820013397       5.7934714303969193       5.7934714303969193        3020.444994958998                                                 2516.7378749499821                                              10.526981808882368        21.265737035651966               390.69624674092137                          72.711085000638391                      8.5070694229222656
                       4       1516.0854843558056     0.022597894876317508      0.11641647920630971        68.71657045512876       3.0558676620204559      0.97661648567431647     0.061859092676332959     0.039914760269368077       1.0043288230465321       1.9997424521877967        9.904475261321684    2.123960633398447e-09     0.039914760269368077       493.23351829130559       5.7934714303969193       5.7934714303969193       3020.5840258508174                                                  2516.795595891992                                              10.554911667519843        21.305892675452981               390.77771972308398                          72.612348070657731                      8.5375578221109159
                       1       1515.5326731581151     0.022597894876317508      0.11641647920630971        68.71657045512876       3.0558676620204559      0.97661648567431647     0.061859092676332959     0.039914760269368077       1.0037003487956371       1.9997424521877967        9.904475261321684    2.123960633398447e-09     0.039914760269368077       492.12789589592484       5.7934714303969193       5.7934714303969193       3019.4784034554364                                                  2516.795595891992                                              10.554911667519843        21.369787473867859               390.76400511195101                          71.584090429566444                      8.4100128805395258
                       6       1515.4803231739925     0.022631836780805856      0.11644129354673009       68.749296226605082       3.0557868088609021      0.97715902258853438     0.062522156859429801      0.03515028135337641       1.0028683284697755       2.0016162462310194        9.873441450995017   2.1237889114126951e-09      0.03515028135337641       492.66864994203559       5.7934714303969193       5.7934714303969193       3019.3737034871911                                                 2516.1248040357004                                               10.58024950945498        21.324444339064598               390.92540684197081                          72.084353326105983                       8.334445434894187
                       4       1515.2455766378614     0.022629233446979292      0.11650558325285502       68.836975480178509       3.0543689465786015      0.97808408577595962     0.062229379207548619     0.021721432361570724       1.0023245265682983         2.00305123363384       9.8355813339419154   2.1207798049730054e-09     0.021721432361570724       492.72109190589362       5.7934714303969193       5.7934714303969193       3018.9042104149289                                                 2515.6679974078011                                              10.515121101234183        21.201607817765876               390.81270933480056                           72.43579582083224                      8.2709789324949323
                       5       1515.7098546213876     0.022622791972696447        0.116444579758155       68.807917517350035       3.0545451684332572      0.97854549646755251     0.062120053227503351     0.023699200850707664       1.0025997895880712       2.0037106682909944       9.7527625171261096   2.1211535656549876e-09     0.023699200850707664       492.98104717904516       5.7934714303969193       5.7934714303969193       3019.8327663819814                                                 2516.3130916604609                                              10.538627542475503        21.130152749753506               390.79245713872234                          72.786326309882483                      8.2721109806868078
                       2       1515.6032679046457     0.022622791972696447        0.116444579758155       68.807917517350035       3.0545451684332572      0.97854549646755251     0.062120053227503351     0.023699200850707664       1.0009161588472995       2.0037106682909944       9.7527625171261096   2.1211535656549876e-09     0.023699200850707664       492.76787374556113       5.7934714303969193       5.7934714303969193       3019.6195929484975                                                 2516.3130916604609                                              10.538627542475503        21.294940743073823               390.80673799733808                          72.460627955936417                      8.2055670492128403
                       8       1518.6091192612846     0.022653223474337215      0.11572223297718338       68.310313265346011       3.0530233288819901      0.98446906338355555     0.063175913893885563      0.10595963910985198      0.99944491124743262        2.012028942095879       9.5446323687055852   2.1179279653100933e-09      0.10595963910985198       496.20245302707241       5.7934714303969193       5.7934714303969193       3025.6312956617753                                                 2517.4359071119434                                              11.992935522759673        20.560886607613782               391.10068717466208                          75.477650701380398                       9.063228543416141
                       3       1516.9835612986333     0.022622120388172531      0.11643530972072051       68.331496251919788       3.0525562021739043      0.98211146293564355     0.063388883849164954     0.069130474596477615       0.9983412570431125       2.0102978201691735       9.7523689871931882   2.1169388556294554e-09     0.069130474596477615       495.21311269466378       5.7934714303969193       5.7934714303969193       3022.3801797364727                                                 2514.7611639677666                                              12.405903074041685        20.837989845001573               391.16493581094426                          74.920352324414893                      8.2898347143030584
                      10       1516.6629113398151     0.022628102136269142      0.11581740438051558       68.545432840764448       3.0520948363527967      0.98592659957878703     0.066167474289034078     0.082480323409301948      0.99584512419527693       2.0121213370899427       9.9913165279782383    2.115962397665579e-09     0.082480323409301948        497.2191195738302       5.7934714303969193       5.7934714303969193       3021.7388798188363                                                 2513.7141712597627                                              10.805588985243032        20.491917653571704               391.96583590916077                          76.043367984425458                      8.7179980266722676
                       6       1515.9502957238021     0.022649840895626813      0.11556798088205761       68.622818533643468       3.0478410673837364      0.98433110041890348     0.063525637785615444     0.077438936532224029      0.99674715813269776       2.0104184482377097       9.9790169635389567   2.1069806990574177e-09     0.077438936532224029       496.11409169601166       5.7934714303969193       5.7934714303969193       3020.3136485868104                                                  2513.548865752839                                              10.650691137959454        20.601445878826723               391.09222072801583                          75.342008009520484                      9.0784170796485899
                      11       1515.7732670289115     0.022649840895626813      0.11556798088205761       68.622818533643468       3.0478410673837364      0.98433110041890348     0.063525637785615444     0.077438936532224029      0.99733711908429468       2.0104184482377097       9.9790169635389567   2.1069806990574177e-09     0.077438936532224029       495.76003430623086       5.7934714303969193       5.7934714303969193       3019.9595911970291                                                  2513.548865752839                                              10.650691137959454        20.557979897479129               391.10535198893382                          74.786366520030214                      9.3103358997876793
                      14       1515.8035855309918     0.022649840895626813      0.11556798088205761       68.622818533643468       3.0478410673837364      0.98433110041890348     0.063525637785615444     0.077438936532224029      0.99781268787217059       2.0104184482377097       9.9790169635389567   2.1069806990574177e-09     0.077438936532224029       495.82067131039156       5.7934714303969193       5.7934714303969193       3020.0202282011896                                                  2513.548865752839                                              10.650691137959454        20.523692633701785               391.09802167289678                          74.681332689699303                      9.5176243140936876
                       1        1517.109051746465     0.022649840895626813      0.11556798088205761       68.622818533643468       3.0478410673837364      0.98433110041890348     0.063525637785615444     0.077438936532224029      0.99940193466896099       2.0104184482377097       9.9790169635389567   2.1069806990574177e-09     0.077438936532224029       498.43160374133754       5.7934714303969193       5.7934714303969193        3022.631160632136                                                  2513.548865752839                                              10.650691137959454        20.414511851848317               391.14305505478609                          76.533050292105415                      10.340986542597697
                       5       1517.0899332479419     0.022663902003142646      0.11555750168084872       68.648753331136433       3.0476977086599586      0.98451648044811735     0.063492637660239284     0.077283057012850473      0.99932516418799111       2.0108849910958457       9.9591761628595403   2.1066786666433843e-09     0.077283057012850473       498.42883647396661       5.7934714303969193       5.7934714303969193       3022.5929236350898                                                 2513.5478322972854                                              10.616254863838021        20.403378135340517               391.14093859627701                          76.513396067143432                      10.371123675205638
                       3       1515.7855712034386     0.022663902003142646      0.11555750168084872       68.648753331136433       3.0476977086599586      0.98451648044811735     0.063492637660239284     0.077283057012850473      0.99777450916141808       2.0108849910958457       9.9591761628595403   2.1066786666433843e-09     0.077283057012850473       495.82011238495988       5.7934714303969193       5.7934714303969193       3019.9841995460833                                                 2513.5478322972854                                              10.616254863838021        20.508879849431992               391.08932359600283                          74.662890253899263                      9.5590186856257997
                       8       1516.0527053195049     0.022698170985342804      0.11531191628564218       68.784776311648869       3.0480220503462903      0.98434456001215931     0.063702884960925771       0.0737266871228449      0.99801085940400081       2.0105309540646692       9.9273385722525109   2.1073620611753588e-09       0.0737266871228449       495.81000370213769       5.7934714303969193       5.7934714303969193       3020.5184677782158                                                 2514.1750834171612                                              10.533380658916817          20.5336161251264               391.10367450258451                          74.423844698333284                      9.7488683760934833
                       4       1516.0473784863418     0.022714328417356627      0.11555647953671118        68.85542901707133       3.0446198559232287      0.98505925590695131     0.063050217756210641     0.052780645385574136      0.99656425139686999       2.0131335488268474       9.9274052746307042   2.1002045881847367e-09     0.052780645385574136        496.0952174841608       5.7934714303969193       5.7934714303969193       3020.5078141118897                                                 2513.8271832675732                                              10.585413360156247        20.480834499550781               390.96597733611611                          75.465544809639198                      9.1828608388547313
                      16       1516.0522944548707     0.022714328417356627      0.11555647953671118        68.85542901707133       3.0446198559232287      0.98505925590695131     0.063050217756210641     0.052780645385574136      0.99658199530171165       2.0131335488268474       9.9274052746307042   2.1002045881847367e-09     0.052780645385574136       496.10504942121798       5.7934714303969193       5.7934714303969193       3020.5176460489474                                                 2513.8271832675732                                              10.585413360156247        20.479605254185685               390.96597733611611                          75.469593843123633                       9.189872987792576
                      10       1515.8085982567241     0.022710168344437839      0.11557333013607846       68.813520862620578       3.0446295413791371      0.98502996197744674     0.063159667869199632     0.059811828972645212      0.99643774280706765       2.0128047302881305       9.9887246479920861   2.1002249297221826e-09     0.059811828972645212       495.98016173568624       5.7934714303969193       5.7934714303969193       3020.0302536526542                                                 2513.4963946935809                                              10.553697223387104        20.482364992558018               390.98606412138071                          75.160211487841849                      9.3515211339056172
                       7       1514.7662966882308     0.022735513966908413      0.11623945514252065       68.948444384153404       3.0419736320371547      0.98161219863472782     0.059985383014142309     0.017099257370079543      0.99759872334397381       2.0111205822971581       9.8919679996121328   2.0946543234981445e-09     0.017099257370079543       494.03749314358987       5.7934714303969193       5.7934714303969193       3017.9456505156677                                                  2513.289039597636                                              10.619117774441673        20.813452595344813               390.44868089607246                          74.265102013915794                       8.510257638256828
                       2       1515.3714947054011     0.022758523430207303      0.11612732959386754       69.012826482846322       3.0419597094458486      0.98202687530909616     0.060166566891939902     0.011338519113250747      0.99751490247254115       2.0122534141621604        9.802309655198977   2.0946251606850823e-09     0.011338519113250747       494.48717981267561       5.7934714303969193       5.7934714303969193       3019.1560465500083                                                 2513.9716916097673                                              10.697175127565522        20.773369653981888               390.43250126957832                          74.787475401774657                      8.4938334873407459
                       4       1515.3246067022062     0.022758523430207303      0.11612732959386754       69.012826482846322       3.0419597094458486      0.98202687530909616     0.060166566891939902     0.011338519113250747      0.99700569364250735       2.0122534141621604        9.802309655198977   2.0946251606850823e-09     0.011338519113250747       494.39340380628568       5.7934714303969193       5.7934714303969193       3019.0622705436185                                                 2513.9716916097673                                              10.697175127565522        20.815552231039931               390.45555669271971                          74.728195742744745                      8.3940991397812983
                       2       1516.1900176172906     0.022758523430207303      0.11612732959386754       69.012826482846322       3.0419597094458486      0.98202687530909616     0.060166566891939902     0.011338519113250747      0.99700569364250735       2.3297598514037898       9.5360407320692353   2.0946251606850823e-09     0.011338519113250747       494.39340380628568       5.7934714303969193       5.7934714303969193       3020.7930923737872                                                  2515.702513439936                                              10.697175127565522        20.815552231039931               390.45555669271971                          74.728195742744745                      8.3940991397812983
                       9       1516.2164446834513     0.022758000657790729      0.11614330951891072       68.979625939934181       3.0424721336708549      0.98153213306172149     0.060159877137312842     0.013662620853411803      0.99728404867864251       2.3292045410708648       9.5360133073793456   2.0956987724085603e-09     0.013662620853411803       494.32767635691334       5.7934714303969193       5.7934714303969193       3020.8459465061087                                                 2515.8453709453138                                              10.672899203881679         20.86853592728886               390.41559404879251                          74.659937296131915                      8.3836090847000726
                       2       1516.4035590349308     0.022760306975325904      0.11609393865420711       68.901735400916223       3.0433489855543066      0.98120076276503354     0.060592572778465602     0.024351664269962103       0.9973627071923421       2.3287248526085675       9.5697755103019944   2.0975371957189732e-09     0.024351664269962103        494.4880297520499       5.7934714303969193       5.7934714303969193       3021.2201752090677                                                 2516.0695664425793                                               10.66257901443889        20.909020723050787                390.4624673069253                          74.680163913871411                      8.4363778082023693
                       6       1516.2124146993124     0.022827990666396708      0.11681615316789623       68.889177746602726       3.0380920100390041      0.97704980373994754     0.055817098829948286     0.008637423064457396      0.99856167448659039       2.3269563267569002       9.5583880256008058   2.0865394268670897e-09     0.008637423064457396        494.2690281447812       5.7934714303969193       5.7934714303969193       3020.8378865378309                                                 2515.7032586140253                                              10.865599779024098        21.401534433036886               390.31520437389253                          74.208809386194176                      8.3434799516576081
                       2       1516.4183082228299     0.022788165412576653      0.11592051244944557       68.932987858633808        3.038822391255791      0.97879113667183237     0.057472510298235698     0.032327503950930564      0.99846631442715894       2.3254909868773819       9.6784998402190539   2.0880639527473203e-09     0.032327503950930564       494.67413912567025       5.7934714303969193       5.7934714303969193       3021.2496735848658                                                 2515.9231629981387                                              10.652371461057269        21.149889677332453               390.23368855650642                           74.30147356002702                      8.9890873318043205
                       1        1516.319186645276     0.022829448577009286      0.11587169878620301       68.889034782936918       3.0323921295470266      0.98237128896819603     0.056592937781077435     0.051615317522442791       0.9957062581078826       2.3310286790666281       9.7731322599474488   2.0746802315974397e-09     0.051615317522442791       495.49195504841299       5.7934714303969193       5.7934714303969193       3021.0514304297581                                                 2514.9416009806705                                              10.617874400674401         20.74080238420629                390.3614806780792                          74.612872916888847                      9.7767990692386313
                       1       1516.4928235130008     0.022829448577009286      0.11587169878620301       68.889034782936918       3.0323921295470266      0.98237128896819603     0.056592937781077435     0.051615317522442791       0.9957062581078826       2.5581069552232596       9.9244563229182834   2.0746802315974397e-09     0.051615317522442791       495.49195504841299       5.7934714303969193       5.7934714303969193       3021.3987041652076                                                 2515.2888747161201                                              10.617874400674401         20.74080238420629                390.3614806780792                          74.612872916888847                      9.7767990692386313
                       2       1516.6131372268728     0.022829448577009286      0.11587169878620301       68.889034782936918       3.0323921295470266      0.98237128896819603     0.056592937781077435     0.051615317522442791      0.99522553994379304       2.5581069552232596       9.9244563229182834   2.0746802315974397e-09     0.051615317522442791       495.73258247615735       5.7934714303969193       5.7934714303969193       3021.6393315929517                                                 2515.2888747161201                                              10.617874400674401        20.779504026185236               390.35725980335189                           75.04882199016356                      9.5469966564566509
                       2       1516.6600445658923     0.022829448577009286      0.11587169878620301       68.889034782936918       3.0323921295470266      0.98237128896819603     0.056592937781077435     0.051615317522442791      0.99522553994379304       2.5512256075688482       9.8935147648617807   2.0746802315974397e-09     0.051615317522442791       495.73258247615735       5.7934714303969193       5.7934714303969193       3021.7331462709908                                                 2515.3826893941591                                              10.617874400674401        20.779504026185236               390.35725980335189                           75.04882199016356                      9.5469966564566509
                       2       1517.3846984671713     0.022829448577009286      0.11587169878620301       68.889034782936918       3.0323921295470266      0.98237128896819603     0.056592937781077435     0.051615317522442791      0.99427809343009721       2.5512256075688482       9.8935147648617807   2.0746802315974397e-09     0.051615317522442791       497.18189027871568       5.7934714303969193       5.7934714303969193       3023.1824540735488                                                 2515.3826893941591                                              10.617874400674401        20.857924703182846               390.34342849388412                          76.831743560757033                       9.148793520891676
                       1       1517.1129788850033     0.022814448718774891      0.11592092227920266        68.86936661162369       3.0322636106597041      0.98213025012643695     0.056377761331350085     0.052710582353371838      0.99440053016401997       2.5505189573814921       9.9339456963241997   2.0744136131356455e-09     0.052710582353371838       496.93564813145542       5.7934714303969193       5.7934714303969193       3022.6390149092126                                                 2515.0971157708855                                              10.606251006871801        20.878372375579659                390.3772056091637                          76.509650776371629                      9.1704193703404524
                       1        1517.527301487361     0.022869433559859754      0.11564499598666055       68.968266795344348       3.0336205912592127      0.98252277549020173     0.056884847402197868     0.063514633706856907      0.99476048826684038       2.5508610676167489       9.8709478688318786    2.077230462937049e-09     0.063514633706856907       497.28626530816484       5.7934714303969193       5.7934714303969193       3023.4676601139281                                                 2515.5873657604047                                              10.594029045358313        20.855294375031292               390.32067693915178                          76.467464122599651                      9.6428298713820997
                       1       1517.5472467513325     0.022762882932641292      0.11528970024185821       68.909930986107909       3.0358434815276296      0.97999659334464861     0.056468450250859246     0.068397785887549384      0.99724668621237511       2.5439375816555625       9.9807703204500093    2.081853054171461e-09     0.068397785887549384       497.43838414309869       5.7934714303969193       5.7934714303969193       3023.5075506418711                                                 2515.4460963875849                                              10.623070111187632         21.07789950945255               390.30448046508297                          75.881946579632242                       10.17405758893088
                       5       1517.7949046009035     0.022762882932641292      0.11528970024185821       68.909930986107909       3.0358434815276296      0.97999659334464861     0.056468450250859246     0.068397785887549384      0.99724668621237511       2.5768982623052299       9.9267026070650513    2.081853054171461e-09     0.068397785887549384       497.43838414309869       5.7934714303969193       5.7934714303969193        3024.002866341013                                                 2515.9414120867268                                              10.623070111187632         21.07789950945255               390.30448046508297                          75.881946579632242                       10.17405758893088
                       4       1517.5137725585532     0.022782506506584491      0.11549321348697318       68.897782960778031       3.0324125275157372      0.98105443852940055     0.055111191065829734     0.068067885168476547       0.9964274656699813       2.5794136529490888        9.906645508502498   2.0747225512915048e-09     0.068067885168476547       497.46991698004291       5.7934714303969193       5.7934714303969193       3023.4406022563126                                                 2515.4075307352664                                               10.56315454100314        20.950576742741021               390.51534211713988                          75.813011738084981                      10.190986382077002
                       1        1518.738414209522     0.022935555476925499      0.11561639310615315       69.060939272187937       3.0357936233370357      0.98292869006492056      0.05899418986087273     0.058395739058378082      0.99363932637777685       2.5857396012536245       9.8003656415032907   2.0817492593326309e-09     0.058395739058378082       497.62039146190972       5.7934714303969193       5.7934714303969193       3025.8898855582502                                                 2517.5786764709319                                              10.690817625408298         20.86864142439947               390.27505139275888                          77.147671114304472                      9.3290275304469272
                      19       1519.0227125006197     0.022935555476925499      0.11561639310615315       69.060939272187937       3.0357936233370357      0.98292869006492056      0.05899418986087273     0.058395739058378082      0.99694503354172259       2.5857396012536245       9.8003656415032907   2.0817492593326309e-09     0.058395739058378082       498.18898804410514       5.7934714303969193       5.7934714303969193       3026.4584821404455                                                 2517.5786764709319                                              10.690817625408298         20.60505360328591               390.33867066354776                          76.100797904519638                      11.144465872751823
