#        weight    minuslogpost        omegabh2        omegach2              H0            logA              ns             tau             mnu              As   minuslogprior minuslogprior__0            chi2 chi2__sbt_spt_audit.likelihoods.candl_cobaya.CandlCobayaLikelihood chi2__sbt_spt_audit.likelihoods.desi_dr2_bao.DESIDR2BAOGaussian
              7        1299.631     0.022552483      0.11672374       69.235342       3.0131665       1.0330542     0.057270115     0.051121897   2.0351742e-09        2.104592         2.104592       2595.0529                                                          2583.0925                                                       11.960389
             11       1297.7843     0.022477832      0.11308689       69.134899       3.0131665       1.0330542     0.065814176     0.068987021   2.0351742e-09        2.104592         2.104592       2591.3593                                                          2577.2424                                                       14.116921
              7       1295.5288     0.022569325      0.11295929       69.188593       3.0131665       1.0330542     0.064605304     0.084846926   2.0351742e-09        2.104592         2.104592       2586.8484                                                          2572.5046                                                       14.343759
              1       1295.2917     0.022569325      0.11295929       69.188593       3.0184839       1.0280752     0.064605304     0.084846926   2.0460249e-09        2.104592         2.104592       2586.3741                                                          2572.0304                                                       14.343759
              2       1292.4113     0.022571269      0.11390337        68.80266       3.0184839       1.0280752     0.062087032      0.08167066   2.0460249e-09        2.104592         2.104592       2580.6134                                                          2569.5837                                                       11.029775
              1       1290.4977     0.022669499      0.11504616       69.126037       3.0184839       1.0280752     0.059099594     0.082721384   2.0460249e-09        2.104592         2.104592       2576.7863                                                          2565.0451                                                       11.741175
              2       1294.2744     0.022956197      0.11492222       68.924784       3.0184839       1.0280752     0.066927215     0.081382143   2.0460249e-09        2.104592         2.104592       2584.3397                                                          2573.5891                                                       10.750549
              1        1295.151     0.022956197      0.11492222       68.924784       3.0050217       1.0570217     0.066927215     0.081382143   2.0186654e-09        2.104592         2.104592       2586.0929                                                          2575.3424                                                       10.750549
              5       1294.8499      0.02295984      0.11489239       68.917254       3.0050217       1.0570217     0.066686891     0.087046777   2.0186654e-09        2.104592         2.104592       2585.4906                                                          2574.7643                                                       10.726316
              2       1298.8216     0.022832577       0.1142268       68.898775       3.0050217       1.0570217     0.069260592     0.072711133   2.0186654e-09        2.104592         2.104592       2593.4339                                                          2582.4776                                                       10.956359
              1        1300.189     0.022836155      0.11404664       68.874559       3.0050217       1.0570217     0.070336608     0.081714969   2.0186654e-09        2.104592         2.104592       2596.1688                                                          2585.2166                                                       10.952174
             14       1297.7265     0.022907444      0.11540201       69.498774       3.0050217       1.0570217     0.060414747     0.068398213   2.0186654e-09        2.104592         2.104592       2591.2438                                                          2578.0598                                                       13.184018
              1       1297.6596     0.022908155      0.11539363       69.494476       3.0050217       1.0570217      0.06038467     0.068354671   2.0186654e-09        2.104592         2.104592         2591.11                                                           2577.965                                                       13.145014
              7       1293.5802     0.022908155      0.11539363       69.494476       3.0256122       1.0189081      0.06038467     0.068354671   2.0606616e-09        2.104592         2.104592       2582.9512                                                          2569.8062                                                       13.145014
             16       1293.0169     0.022900129      0.11351121         69.3372       3.0256122       1.0189081      0.06212962     0.077961006   2.0606616e-09        2.104592         2.104592       2581.8246                                                          2568.5215                                                       13.303007
             23         1292.94     0.022903498      0.11352796       69.349693       3.0256122       1.0189081     0.062028929     0.077286001   2.0606616e-09        2.104592         2.104592       2581.6708                                                          2568.2943                                                       13.376494
              3       1292.4511     0.022737446       0.1141435       69.480703       3.0256122       1.0189081     0.059995312     0.068501718   2.0606616e-09        2.104592         2.104592       2580.6931                                                          2565.4797                                                       15.213425
              1       1292.5731     0.022757439      0.11441991       69.402959       3.0256122       1.0189081     0.057962286     0.065795989   2.0606616e-09        2.104592         2.104592        2580.937                                                          2567.0277                                                       13.909307
              6       1291.7888      0.02265793      0.11521144       69.124353       3.0256122       1.0189081     0.061502684     0.076008383   2.0606616e-09        2.104592         2.104592       2579.3685                                                          2567.7177                                                       11.650773
              8        1291.479     0.022706013      0.11627628       68.635129       3.0256122       1.0189081     0.063094316     0.084730173   2.0606616e-09        2.104592         2.104592       2578.7489                                                          2568.0252                                                       10.723678
              3       1291.6054     0.022697114      0.11635524       68.617659       3.0256122       1.0189081     0.063101751     0.083367885   2.0606616e-09        2.104592         2.104592       2579.0017                                                          2568.2193                                                       10.782418
              9       1288.9972     0.022697114      0.11635524       68.617659       3.0246451       1.0296608     0.063101751     0.083367885   2.0586697e-09        2.104592         2.104592       2573.7852                                                          2563.0028                                                       10.782418
             22        1288.994     0.022697114      0.11635524       68.617659        3.024518       1.0299433     0.063101751     0.083367885    2.058408e-09        2.104592         2.104592       2573.7787                                                          2562.9963                                                       10.782418
             31       1290.2329     0.022697114      0.11635524       68.617659       3.0295071       1.0183369     0.063101751     0.083367885   2.0687034e-09        2.104592         2.104592       2576.2566                                                          2565.4742                                                       10.782418
              1       1290.1575     0.022695528      0.11634583       68.603078       3.0295071       1.0183369     0.063286063     0.082907106   2.0687034e-09        2.104592         2.104592       2576.1057                                                          2565.2645                                                       10.841213
              3       1290.2026     0.022695272      0.11635349       68.603706       3.0295071       1.0183369     0.063303866     0.082884413   2.0687034e-09        2.104592         2.104592       2576.1959                                                          2565.3573                                                       10.838624
             10        1290.006     0.022534125      0.11577525        69.10366       3.0295071       1.0183369     0.059833809      0.01733412   2.0687034e-09        2.104592         2.104592       2575.8028                                                          2564.3937                                                       11.409101
             20         1288.86     0.022672398      0.11569853       69.123202       3.0295071       1.0183369     0.061851534     0.033754692   2.0687034e-09        2.104592         2.104592       2573.5108                                                          2562.3178                                                       11.192943
              6       1289.3517     0.022638636      0.11597155       69.055299       3.0295071       1.0183369     0.064482462     0.016774173   2.0687034e-09        2.104592         2.104592       2574.4942                                                          2563.6147                                                       10.879494
              3       1289.0648     0.022625914      0.11591831       69.121204       3.0295071       1.0183369     0.063365369     0.016505377   2.0687034e-09        2.104592         2.104592       2573.9204                                                          2562.7544                                                       11.166017
             66       1289.4497     0.022628774      0.11556483       69.141329       3.0295071       1.0183369     0.064080201     0.014848335   2.0687034e-09        2.104592         2.104592       2574.6902                                                          2563.2672                                                       11.422987
             10        1290.888     0.022610012      0.11619041        69.07662       3.0295071       1.0183369      0.06477469     0.021694686   2.0687034e-09        2.104592         2.104592       2577.5668                                                          2566.6506                                                       10.916221
              3       1290.1161     0.022610012      0.11619041        69.07662       3.0313337       1.0183271      0.06477469     0.021694686   2.0724855e-09        2.104592         2.104592       2576.0231                                                          2565.1068                                                       10.916221
              7       1290.7768     0.022610012      0.11619041        69.07662       3.0307441       1.0173683      0.06477469     0.021694686    2.071264e-09        2.104592         2.104592       2577.3444                                                          2566.4282                                                       10.916221
             31       1289.6475     0.022610012      0.11619041        69.07662       3.0299312        1.034046      0.06477469     0.021694686    2.069581e-09        2.104592         2.104592       2575.0858                                                          2564.1695                                                       10.916221
             16       1289.9955     0.022624118      0.11600527       68.982578       3.0299312        1.034046     0.064396468      0.03622893    2.069581e-09        2.104592         2.104592       2575.7818                                                          2565.0992                                                       10.682605
              3       1291.8452      0.02257671      0.11597687       68.684029       3.0299312        1.034046     0.062938368     0.063360244    2.069581e-09        2.104592         2.104592       2579.4812                                                          2569.0081                                                       10.473095
              4       1291.4331     0.022513218       0.1150118       68.768532       3.0299312        1.034046     0.065185719     0.062960558    2.069581e-09        2.104592         2.104592       2578.6571                                                          2568.0259                                                       10.631194
             10       1289.6767     0.022534057      0.11534764       68.934832       3.0299312        1.034046     0.067739023     0.026809543    2.069581e-09        2.104592         2.104592       2575.1442                                                           2564.221                                                       10.923238
             17       1289.9119     0.022534057      0.11534764       68.934832       3.0340986       1.0292064     0.067739023     0.026809543   2.0782236e-09        2.104592         2.104592       2575.6146                                                          2564.6914                                                       10.923238
              5       1289.6924     0.022534057      0.11534764       68.934832       3.0330719       1.0292345     0.067739023     0.026809543   2.0760911e-09        2.104592         2.104592       2575.1756                                                          2564.2524                                                       10.923238
             15       1289.6306     0.022534057      0.11534764       68.934832       3.0332143       1.0270738     0.067739023     0.026809543   2.0763867e-09        2.104592         2.104592        2575.052                                                          2564.1287                                                       10.923238
              1       1290.3551     0.022534057      0.11534764       68.934832        3.033838        1.031749     0.067739023     0.026809543   2.0776822e-09        2.104592         2.104592        2576.501                                                          2565.5778                                                       10.923238
              5       1289.5128     0.022534057      0.11534764       68.934832       3.0271387       1.0319724     0.067739023     0.026809543   2.0638096e-09        2.104592         2.104592       2574.8164                                                          2563.8932                                                       10.923238
              6        1289.892     0.022519149      0.11519793       68.964504       3.0271387       1.0319724     0.066389943     0.020938053   2.0638096e-09        2.104592         2.104592       2575.5748                                                          2564.4612                                                       11.113614
             18       1290.0434     0.022519149      0.11519793       68.964504       3.0186403       1.0383074     0.066389943     0.020938053   2.0463449e-09        2.104592         2.104592       2575.8776                                                           2564.764                                                       11.113614
              1       1290.4023     0.022521411      0.11515028       68.943874       3.0186403       1.0383074     0.066361612     0.020054512   2.0463449e-09        2.104592         2.104592       2576.5954                                                          2565.5332                                                       11.062169
              5       1290.3969     0.022519937      0.11515235       68.942741       3.0186403       1.0383074     0.066360828     0.020018373   2.0463449e-09        2.104592         2.104592       2576.5846                                                          2565.5246                                                       11.059945
             11       1290.8893     0.022504597      0.11478915       69.272468       3.0186403       1.0383074     0.066124009    0.0023693452   2.0463449e-09        2.104592         2.104592       2577.5694                                                          2564.2552                                                       13.314199
              1       1292.8009     0.022503258       0.1151148       69.483997       3.0186403       1.0383074     0.061731944     0.029323419   2.0463449e-09        2.104592         2.104592       2581.3925                                                          2565.6695                                                       15.722981
              4       1292.8457     0.022494502      0.11505447       69.477788       3.0186403       1.0383074     0.061405113     0.028768596   2.0463449e-09        2.104592         2.104592       2581.4822                                                          2565.7186                                                       15.763581
             20       1293.8338     0.022494502      0.11505447       69.477788       3.0128856       1.0320791     0.061405113     0.028768596   2.0346026e-09        2.104592         2.104592       2583.4583                                                          2567.6948                                                       15.763581
              1       1293.0012     0.022494502      0.11505447       69.477788       3.0175455       1.0297337     0.061405113     0.028768596   2.0441057e-09        2.104592         2.104592       2581.7933                                                          2566.0297                                                       15.763581
              9       1294.2708     0.022538332      0.11461195       69.457495       3.0175455       1.0297337      0.06497108     0.029187938   2.0441057e-09        2.104592         2.104592       2584.3325                                                          2568.7839                                                       15.548588
             23        1294.692     0.022434184      0.11417748        69.28333       3.0175455       1.0297337     0.057840271      0.02110552   2.0441057e-09        2.104592         2.104592       2585.1748                                                           2570.618                                                       14.556765
             24       1291.6732      0.02239575      0.11442816       69.070962       3.0175455       1.0297337     0.063256207      0.05118994   2.0441057e-09        2.104592         2.104592       2579.1372                                                          2566.3581                                                       12.779045
              8       1292.6372     0.022410667      0.11411013       69.086603       3.0175455       1.0297337     0.063990185     0.055498393   2.0441057e-09        2.104592         2.104592       2581.0652                                                          2567.9659                                                       13.099279
             31       1293.3032     0.022410667      0.11411013       69.086603       3.0167586       1.0289739     0.063990185     0.055498393    2.042498e-09        2.104592         2.104592       2582.3972                                                          2569.2979                                                       13.099279
              3       1293.8877     0.022395047      0.11551648       69.141435       3.0167586       1.0289739     0.064023356     0.022953572    2.042498e-09        2.104592         2.104592       2583.5662                                                          2571.1478                                                       12.418489
              2       1293.4025     0.022395047      0.11551648       69.141435       3.0174207       1.0289941     0.064023356     0.022953572   2.0438507e-09        2.104592         2.104592       2582.5958                                                          2570.1773                                                       12.418489
              1       1294.9674     0.022395047      0.11551648       69.141435       3.0125884       1.0322599     0.064023356     0.022953572   2.0339981e-09        2.104592         2.104592       2585.7255                                                          2573.3071                                                       12.418489
             13       1294.5204     0.022424527      0.11313535       68.462085       3.0125884       1.0322599     0.061429325      0.13144013   2.0339981e-09        2.104592         2.104592       2584.8316                                                          2574.1987                                                       10.632906
              1       1291.0513     0.022327284      0.11479057       68.031586       3.0125884       1.0322599     0.059376523      0.13518724   2.0339981e-09        2.104592         2.104592       2577.8935                                                          2566.1769                                                       11.716604
              6       1291.1972     0.022327284      0.11479057       68.031586       3.0143546       1.0313432     0.059376523      0.13518724   2.0375937e-09        2.104592         2.104592       2578.1852                                                          2566.4686                                                       11.716604
              8       1291.0963     0.022327722      0.11485578       68.032857       3.0143546       1.0313432     0.059173954      0.13434911   2.0375937e-09        2.104592         2.104592       2577.9834                                                          2566.2454                                                       11.737979
             24       1291.2607     0.022378296      0.11502058       68.003461       3.0143546       1.0313432     0.058264946      0.13396962   2.0375937e-09        2.104592         2.104592       2578.3123                                                           2565.998                                                       12.314275
             17       1290.9399     0.022397125      0.11503561       68.032774       3.0143546       1.0313432     0.058818044      0.12930665   2.0375937e-09        2.104592         2.104592       2577.6707                                                          2565.4182                                                       12.252433
             22       1290.5598     0.022397125      0.11503561       68.032774       3.0026708         1.04452     0.058818044      0.12930665   2.0139253e-09        2.104592         2.104592       2576.9105                                                           2564.658                                                       12.252433
              7       1289.9186     0.022440572      0.11605196       68.032347       3.0026708         1.04452     0.058397454      0.11604802   2.0139253e-09        2.104592         2.104592        2575.628                                                          2562.4797                                                       13.148284
              1       1291.0748     0.022204975      0.11583931       67.986445       3.0026708         1.04452     0.057639502      0.12563268   2.0139253e-09        2.104592         2.104592       2577.9404                                                          2566.0709                                                       11.869593
             34       1290.5969     0.022108407      0.11672543       68.346976       3.0026708         1.04452     0.056037889      0.05179563   2.0139253e-09        2.104592         2.104592       2576.9846                                                          2566.5024                                                        10.48213
              7       1290.9911     0.022108407      0.11672543       68.346976        3.005061       1.0379578     0.056037889      0.05179563   2.0187447e-09        2.104592         2.104592        2577.773                                                          2567.2908                                                        10.48213
              6       1290.6685      0.02212207      0.11639814       68.493234        3.005061       1.0379578     0.055011061     0.046997147   2.0187447e-09        2.104592         2.104592       2577.1279                                                          2566.8343                                                       10.293555
             33       1288.0971      0.02235489      0.11610225       68.691128        3.005061       1.0379578     0.056322969    0.0080605019   2.0187447e-09        2.104592         2.104592       2571.9851                                                          2561.4772                                                       10.507875
              5       1288.0011      0.02235489      0.11610225       68.691128       3.0060263       1.0352604     0.056322969    0.0080605019   2.0206944e-09        2.104592         2.104592        2571.793                                                          2561.2851                                                       10.507875
             19       1287.8917     0.022360015      0.11615291        68.67275       3.0060263       1.0352604     0.057099772    0.0099504691   2.0206944e-09        2.104592         2.104592       2571.5741                                                          2561.0689                                                       10.505225
             45        1288.012     0.022360015      0.11615291        68.67275       3.0041568       1.0360591     0.057099772    0.0099504691   2.0169202e-09        2.104592         2.104592       2571.8148                                                          2561.3096                                                       10.505225
              1       1288.5396     0.022348937      0.11620582         68.6336       3.0041568       1.0360591     0.058116879     0.010671462   2.0169202e-09        2.104592         2.104592       2572.8701                                                          2562.3472                                                       10.522916
              9       1288.6608     0.022348937      0.11620582         68.6336       3.0020813       1.0383188     0.058116879     0.010671462   2.0127385e-09        2.104592         2.104592       2573.1124                                                          2562.5895                                                       10.522916
              4       1289.5658     0.022336288      0.11614164       68.773637       3.0020813       1.0383188     0.058783018       0.0162552   2.0127385e-09        2.104592         2.104592       2574.9225                                                           2564.402                                                       10.520459
              3       1288.0854     0.022356293      0.11578299       68.665121       3.0020813       1.0383188     0.055357333       0.0446082   2.0127385e-09        2.104592         2.104592       2571.9615                                                          2561.5346                                                       10.426957
              2       1288.4071     0.022350879      0.11562598       68.617404       3.0020813       1.0383188     0.055497574     0.042697435   2.0127385e-09        2.104592         2.104592        2572.605                                                          2562.1512                                                        10.45385
             29       1288.4051     0.022350879      0.11562598       68.617404       3.0016872       1.0388708     0.055497574     0.042697435   2.0119454e-09        2.104592         2.104592        2572.601                                                          2562.1472                                                        10.45385
             21       1288.7354      0.02227194      0.11550528       68.581293       3.0016872       1.0388708      0.05577406     0.054571557   2.0119454e-09        2.104592         2.104592       2573.2616                                                          2562.8519                                                       10.409746
             31       1288.5097     0.022290369       0.1156751       68.571958       3.0016872       1.0388708     0.055419263     0.053566279   2.0119454e-09        2.104592         2.104592       2572.8103                                                          2562.4249                                                       10.385426
              7       1289.0268     0.022290369       0.1156751       68.571958       3.0061829        1.036939     0.055419263     0.053566279   2.0210108e-09        2.104592         2.104592       2573.8443                                                          2563.4589                                                       10.385426
             20       1289.4573     0.022302278      0.11583242       68.565108       3.0061829        1.036939     0.054448586     0.052974279   2.0210108e-09        2.104592         2.104592       2574.7054                                                          2564.3307                                                       10.374696
              5       1289.3707     0.022302278      0.11583242       68.565108       2.9936346       1.0519497     0.054448586     0.052974279    1.995809e-09        2.104592         2.104592       2574.5322                                                          2564.1576                                                       10.374696
              9       1291.6437     0.022311779      0.11596436       68.758952       2.9936346       1.0519497      0.05632423     0.067147073    1.995809e-09        2.104592         2.104592       2579.0783                                                          2568.4605                                                       10.617739
             21       1291.7117     0.022319771       0.1161425       68.587758       2.9936346       1.0519497     0.058018551     0.072833271    1.995809e-09        2.104592         2.104592       2579.2142                                                          2568.9121                                                       10.302131
             16        1290.225     0.022319771       0.1161425       68.587758       3.0063903        1.042426     0.058018551     0.072833271   2.0214301e-09        2.104592         2.104592       2576.2408                                                          2565.9386                                                       10.302131
             30       1290.6412     0.022319771       0.1161425       68.587758       2.9998773       1.0468447     0.058018551     0.072833271   2.0083072e-09        2.104592         2.104592       2577.0732                                                           2566.771                                                       10.302131
              6       1290.4228     0.022262353      0.11555817       68.446422       2.9998773       1.0468447     0.055071832      0.09241778   2.0083072e-09        2.104592         2.104592       2576.6364                                                          2566.3197                                                       10.316702
             14       1290.2521     0.022262353      0.11555817       68.446422       2.9892957       1.0550787     0.055071832      0.09241778   1.9871682e-09        2.104592         2.104592        2576.295                                                          2565.9783                                                       10.316702
              9       1290.2229     0.022275054      0.11573272       68.364364       2.9892957       1.0550787     0.055365742     0.094325501   1.9871682e-09        2.104592         2.104592       2576.2365                                                          2565.7824                                                       10.454118
             20       1290.2593     0.022295254      0.11566406       68.261623       2.9892957       1.0550787     0.055521269      0.10562003   1.9871682e-09        2.104592         2.104592       2576.3094                                                          2565.5468                                                       10.762681
              6       1290.7185     0.022287923      0.11481423       68.367295       2.9892957       1.0550787     0.055265791     0.092623083   1.9871682e-09        2.104592         2.104592       2577.2277                                                          2566.7501                                                       10.477653
             11       1290.7365      0.02227629      0.11480492       68.357281       2.9892957       1.0550787     0.055472397     0.092094092   1.9871682e-09        2.104592         2.104592       2577.2638                                                          2566.7832                                                        10.48061
             20       1291.7124     0.022349177      0.11452062       68.579037       2.9892957       1.0550787     0.057521588      0.12854166   1.9871682e-09        2.104592         2.104592       2579.2155                                                          2568.6885                                                       10.527061
              8       1290.9717     0.022349177      0.11452062       68.579037       2.9945831       1.0548081     0.057521588      0.12854166   1.9977029e-09        2.104592         2.104592       2577.7342                                                          2567.2071                                                       10.527061
             24       1292.5458     0.022510683      0.11423061       68.506917       2.9945831       1.0548081     0.061449564      0.15686383   1.9977029e-09        2.104592         2.104592       2580.8824                                                          2570.5282                                                        10.35421
              5       1293.6261     0.022456169      0.11413025       68.405163       2.9945831       1.0548081     0.059211884      0.18912147   1.9977029e-09        2.104592         2.104592        2583.043                                                          2572.7494                                                        10.29362
             36       1293.4654     0.022526918      0.11411298       68.335915       2.9945831       1.0548081     0.059870231      0.19793929   1.9977029e-09        2.104592         2.104592       2582.7216                                                          2572.3395                                                       10.382098
             34       1292.8375     0.022526918      0.11411298       68.335915       2.9990252       1.0541301     0.059870231      0.19793929   2.0065966e-09        2.104592         2.104592       2581.4659                                                          2571.0838                                                       10.382098
             11       1292.7331      0.02252842      0.11409847       68.331097       2.9990252       1.0541301     0.060015005       0.1979465   2.0065966e-09        2.104592         2.104592       2581.2571                                                          2570.8645                                                       10.392585
             52       1292.8797     0.022526415      0.11407931       68.340824       2.9990252       1.0541301     0.059800181      0.19892973   2.0065966e-09        2.104592         2.104592       2581.5503                                                           2571.182                                                       10.368285
              9        1294.107      0.02242645      0.11457322       67.966335       2.9990252       1.0541301     0.056644949      0.17106843   2.0065966e-09        2.104592         2.104592       2584.0049                                                          2571.7713                                                       12.233606
              2       1293.4275     0.022613923      0.11639745       68.054131       2.9990252       1.0541301     0.059199621      0.14247805   2.0065966e-09        2.104592         2.104592       2582.6459                                                          2568.6955                                                        13.95039
              1       1293.5007     0.022613923      0.11639745       68.054131       2.9975555        1.053771     0.059199621      0.14247805   2.0036499e-09        2.104592         2.104592       2582.7921                                                          2568.8417                                                        13.95039
              3       1292.6974      0.02270792      0.11564552        68.33125       2.9975555        1.053771     0.060442235      0.14583215   2.0036499e-09        2.104592         2.104592       2581.1857                                                          2569.5642                                                       11.621479
              7       1292.3929     0.022728891      0.11591923       68.224973       2.9975555        1.053771     0.059133524      0.13973336   2.0036499e-09        2.104592         2.104592       2580.5766                                                           2567.775                                                        12.80167
              5       1292.3931     0.022728913      0.11591942       68.225004       2.9975555        1.053771     0.059133377      0.13972607   2.0036499e-09        2.104592         2.104592        2580.577                                                          2567.7753                                                       12.801709
              2       1292.1396     0.022728913      0.11591942       68.225004       3.0152258       1.0395122     0.059133377      0.13972607   2.0393696e-09        2.104592         2.104592         2580.07                                                          2567.2683                                                       12.801709
              5       1289.3154      0.02275942      0.11559604       68.531045       3.0152258       1.0395122     0.064052773      0.10584493   2.0393696e-09        2.104592         2.104592       2574.4217                                                           2563.323                                                        11.09865
             54       1290.1632     0.022701572      0.11380705       68.794513       3.0152258       1.0395122     0.064057129      0.13097579   2.0393696e-09        2.104592         2.104592       2576.1172                                                          2565.3133                                                       10.803917
             14       1291.3365     0.022965087      0.11526644       68.887706       3.0152258       1.0395122     0.060042098      0.10048676   2.0393696e-09        2.104592         2.104592       2578.4638                                                          2567.8782                                                       10.585514
              4       1290.9376     0.022965087      0.11526644       68.887706       3.0117852       1.0419675     0.060042098      0.10048676   2.0323649e-09        2.104592         2.104592        2577.666                                                          2567.0805                                                       10.585514
              7       1289.9252     0.022965087      0.11526644       68.887706       3.0318392       1.0137961     0.060042098      0.10048676   2.0735335e-09        2.104592         2.104592       2575.6413                                                          2565.0558                                                       10.585514
             22       1291.0511     0.022959959      0.11531724       68.869588       3.0318392       1.0137961     0.058718076     0.089129412   2.0735335e-09        2.104592         2.104592       2577.8929                                                          2567.2162                                                       10.676695
             17       1291.2267     0.022968505      0.11541034        68.81148       3.0318392       1.0137961     0.058779688     0.085606951   2.0735335e-09        2.104592         2.104592       2578.2441                                                          2567.3901                                                       10.854018
             17        1290.371     0.022968505      0.11541034        68.81148       3.0134103       1.0197317     0.058779688     0.085606951   2.0356704e-09        2.104592         2.104592       2576.5327                                                          2565.6787                                                       10.854018
              2       1290.0141     0.022987648      0.11545331       68.781655       3.0134103       1.0197317     0.058271383     0.084550184   2.0356704e-09        2.104592         2.104592       2575.8191                                                          2564.7966                                                       11.022448
              1       1289.2402     0.022987648      0.11545331       68.781655       3.0159166       1.0196418     0.058271383     0.084550184   2.0407789e-09        2.104592         2.104592       2574.2713                                                          2563.2488                                                       11.022448
              1       1289.0976     0.022980671      0.11546599       68.790609       3.0159166       1.0196418     0.057992898     0.081410449   2.0407789e-09        2.104592         2.104592        2573.986                                                           2562.985                                                       11.000998
              9       1289.3597     0.022980671      0.11546599       68.790609         3.01682       1.0259407     0.057992898     0.081410449   2.0426232e-09        2.104592         2.104592       2574.5103                                                          2563.5093                                                       11.000998
              6       1289.0042     0.022978157      0.11550651       68.791393         3.01682       1.0259407     0.057859946     0.087559251   2.0426232e-09        2.104592         2.104592       2573.7991                                                          2562.8794                                                       10.919762
              2       1288.9348     0.022978157      0.11550651       68.791393       3.0225223       1.0171351     0.057859946     0.087559251   2.0543042e-09        2.104592         2.104592       2573.6604                                                          2562.7406                                                       10.919762
             12       1288.9751     0.022978157      0.11550651       68.791393       3.0126841       1.0300401     0.057859946     0.087559251   2.0341927e-09        2.104592         2.104592       2573.7409                                                          2562.8212                                                       10.919762
             12       1288.6353     0.022973585      0.11572795       68.803773       3.0126841       1.0300401     0.057796197     0.086441231   2.0341927e-09        2.104592         2.104592       2573.0614                                                          2562.1992                                                       10.862158
              8       1289.7415     0.022643394      0.11481046       68.682588       3.0126841       1.0300401     0.059312113      0.12624101   2.0341927e-09        2.104592         2.104592       2575.2737                                                          2564.8683                                                       10.405454
              5       1289.9256     0.022541794      0.11509275       68.224051       3.0126841       1.0300401     0.060133429      0.12933094   2.0341927e-09        2.104592         2.104592        2575.642                                                          2564.0378                                                       11.604149
              3       1288.9291     0.022656849      0.11515307       68.422756       3.0126841       1.0300401     0.057751049       0.1260061   2.0341927e-09        2.104592         2.104592       2573.6489                                                          2562.6577                                                       10.991268
             14       1288.7731     0.022637485      0.11681922       68.254749       3.0126841       1.0300401     0.056520978     0.070400781   2.0341927e-09        2.104592         2.104592       2573.3371                                                          2559.9114                                                       13.425649
             11       1289.7457     0.022463649      0.11759749       68.071864       3.0126841       1.0300401     0.057636628     0.062055184   2.0341927e-09        2.104592         2.104592       2575.2822                                                          2560.5845                                                       14.697747
             32       1290.0395     0.022448548      0.11759403       68.071647       3.0126841       1.0300401     0.057578067     0.065386083   2.0341927e-09        2.104592         2.104592       2575.8699                                                          2561.3706                                                       14.499235
              8       1290.1627     0.022448548      0.11759403       68.071647       3.0158607       1.0264573     0.057578067     0.065386083   2.0406647e-09        2.104592         2.104592       2576.1162                                                          2561.6169                                                       14.499235
              8       1289.6348     0.022291809       0.1172583       68.177685       3.0158607       1.0264573     0.055827427     0.042569743   2.0406647e-09        2.104592         2.104592       2575.0605                                                            2562.62                                                       12.440544
             53       1289.3256     0.022252542      0.11715662       68.182579       3.0158607       1.0264573     0.057654812     0.014800679   2.0406647e-09        2.104592         2.104592       2574.4419                                                          2561.8892                                                       12.552716
              4        1290.589     0.022252542      0.11715662       68.182579       3.0152604       1.0214384     0.057654812     0.014800679   2.0394402e-09        2.104592         2.104592       2576.9688                                                          2564.4161                                                       12.552716
             46       1290.5161     0.022245708      0.11711127       68.198264       3.0152604       1.0214384     0.057527504      0.01311653   2.0394402e-09        2.104592         2.104592       2576.8231                                                          2564.4424                                                       12.380653
              1       1291.1373     0.022232133      0.11683873       68.147501       3.0152604       1.0214384     0.057249048     0.017035962   2.0394402e-09        2.104592         2.104592       2578.0655                                                          2565.4698                                                        12.59576
              7       1291.3737     0.022289116      0.11770527       67.898543       3.0152604       1.0214384     0.056745875     0.039304238   2.0394402e-09        2.104592         2.104592       2578.5382                                                          2562.5552                                                       15.982933
              6       1291.8574     0.022295542      0.11740759       67.858601       3.0152604       1.0214384     0.057106996     0.041178911   2.0394402e-09        2.104592         2.104592       2579.5056                                                          2563.1112                                                       16.394314
             20         1291.43     0.022295542      0.11740759       67.858601       2.9998478       1.0404739     0.057106996     0.041178911    2.008248e-09        2.104592         2.104592       2578.6509                                                          2562.2566                                                       16.394314
              4       1290.7833     0.022312484      0.11739733       67.908642       2.9998478       1.0404739     0.056825989     0.043019318    2.008248e-09        2.104592         2.104592       2577.3574                                                          2561.5748                                                       15.782569
              6       1290.8198     0.022312484      0.11739733       67.908642       3.0105855       1.0366828     0.056825989     0.043019318   2.0299282e-09        2.104592         2.104592       2577.4304                                                          2561.6478                                                       15.782569
              2       1290.8649     0.022309521       0.1173451       67.936162       3.0105855       1.0366828     0.056618486     0.040619593   2.0299282e-09        2.104592         2.104592       2577.5206                                                          2562.1282                                                       15.392347
              3       1291.8995     0.022347727      0.11569157       68.114973       3.0105855       1.0366828     0.057603528     0.073334434   2.0299282e-09        2.104592         2.104592       2579.5899                                                          2567.2634                                                       12.326456
              3       1293.1296     0.022292412      0.11576854       68.129797       3.0105855       1.0366828     0.054610312     0.089958452   2.0299282e-09        2.104592         2.104592       2582.0499                                                          2570.3746                                                       11.675332
             18       1292.0353     0.022459865      0.11686668       67.985921       3.0105855       1.0366828     0.055972794      0.11609173   2.0299282e-09        2.104592         2.104592       2579.8615                                                          2565.6127                                                       14.248801
             11       1291.8329     0.022384744      0.11679177       67.880967       3.0105855       1.0366828     0.056329573      0.11669418   2.0299282e-09        2.104592         2.104592       2579.4567                                                           2564.598                                                       14.858608
             18       1290.9708     0.022564546      0.11800441       68.088127       3.0105855       1.0366828     0.056892236     0.066138405   2.0299282e-09        2.104592         2.104592       2577.7325                                                          2562.1524                                                       15.580089
              2       1291.0321     0.022562765      0.11799589       68.079049       3.0105855       1.0366828     0.056635173     0.066437932   2.0299282e-09        2.104592         2.104592        2577.855                                                          2562.1773                                                       15.677687
              7       1291.4579     0.022541876      0.11772685       68.246897       3.0105855       1.0366828     0.055510852     0.067891055   2.0299282e-09        2.104592         2.104592       2578.7067                                                          2565.4475                                                       13.259212
             13       1292.0742     0.022510763      0.11778364       68.157094       3.0105855       1.0366828     0.055062375     0.072056104   2.0299282e-09        2.104592         2.104592       2579.9392                                                          2565.9697                                                       13.969502
              3       1292.3475     0.022510763      0.11778364       68.157094       3.0130845       1.0343667     0.055062375     0.072056104   2.0350072e-09        2.104592         2.104592       2580.4858                                                          2566.5163                                                       13.969502
              8       1291.8832     0.022509987      0.11772129       68.167903       3.0130845       1.0343667     0.055101601     0.068788938   2.0350072e-09        2.104592         2.104592       2579.5572                                                          2565.6931                                                       13.864049
             13       1291.3535     0.022477759      0.11762125       68.114307       3.0130845       1.0343667     0.055400202     0.068786061   2.0350072e-09        2.104592         2.104592       2578.4978                                                          2564.3228                                                       14.175021
              8       1290.6087     0.022477759      0.11762125       68.114307       3.0029986       1.0357507     0.055400202     0.068786061   2.0145855e-09        2.104592         2.104592       2577.0082                                                          2562.8332                                                       14.175021
              4       1291.0668     0.022496169      0.11782237       67.968243       3.0029986       1.0357507     0.057062187     0.049659394   2.0145855e-09        2.104592         2.104592       2577.9244                                                          2561.0036                                                       16.920782
             25       1290.4899      0.02256526      0.11782168       68.000758       3.0029986       1.0357507     0.056048229     0.043574998   2.0145855e-09        2.104592         2.104592       2576.7705                                                          2559.4409                                                       17.329594
             30        1289.856     0.022544296      0.11821314       68.140541       3.0029986       1.0357507     0.052642771      0.03196003   2.0145855e-09        2.104592         2.104592       2575.5029                                                          2559.9386                                                       15.564287
              7       1289.3937      0.02235562      0.11630123       68.761798       3.0029986       1.0357507     0.058323215    0.0091645839   2.0145855e-09        2.104592         2.104592       2574.5781                                                          2564.1023                                                       10.475823
             10       1289.5757     0.022345883      0.11632958       68.773038       3.0029986       1.0357507     0.058282916     0.009827723   2.0145855e-09        2.104592         2.104592       2574.9423                                                           2564.462                                                       10.480263
             46       1288.7442     0.022380162      0.11591506       68.748307       3.0029986       1.0357507     0.057801708     0.015987369   2.0145855e-09        2.104592         2.104592       2573.2791                                                          2562.7454                                                       10.533772
              1        1288.641     0.022437076      0.11703972       68.720303       3.0029986       1.0357507     0.051763195    0.0062444832   2.0145855e-09        2.104592         2.104592       2573.0728                                                          2562.6063                                                       10.466466
              5       1289.6972     0.022402748      0.11726849       68.732724       3.0029986       1.0357507     0.051828771      0.01346349   2.0145855e-09        2.104592         2.104592       2575.1851                                                          2564.8239                                                       10.361216
              4       1290.3028     0.022355767       0.1171573       68.700219       3.0029986       1.0357507     0.051220748       0.0173476   2.0145855e-09        2.104592         2.104592       2576.3965                                                          2566.0539                                                       10.342604
              2       1289.7909     0.022641928      0.11590834       68.314158       3.0029986       1.0357507     0.055117384      0.12626683   2.0145855e-09        2.104592         2.104592       2575.3727                                                          2563.6501                                                       11.722624
             13       1289.9661     0.022641928      0.11590834       68.314158       3.0022895       1.0347157     0.055117384      0.12626683   2.0131576e-09        2.104592         2.104592       2575.7231                                                          2564.0005                                                       11.722624
             13       1290.9867     0.022654078      0.11580317       68.203537       3.0022895       1.0347157     0.052127747      0.14068332   2.0131576e-09        2.104592         2.104592       2577.7641                                                           2565.311                                                       12.453086
              3        1293.109     0.022468533      0.11593548       67.941633       3.0022895       1.0347157     0.057455874      0.14736042   2.0131576e-09        2.104592         2.104592       2582.0088                                                          2568.2592                                                       13.749614
              3       1292.8292     0.022485545      0.11572186       67.988884       3.0022895       1.0347157     0.057548557      0.15119253   2.0131576e-09        2.104592         2.104592       2581.4493                                                          2568.2579                                                        13.19135
              3       1292.4877     0.022485545      0.11572186       67.988884       2.9916109        1.052129     0.057548557      0.15119253   1.9917742e-09        2.104592         2.104592       2580.7663                                                           2567.575                                                        13.19135
              4       1293.3467     0.022493905      0.11558622       68.006902       2.9916109        1.052129     0.057945562      0.16229548   1.9917742e-09        2.104592         2.104592       2582.4842                                                          2569.6496                                                       12.834653
              3       1293.1032     0.022488083      0.11556481       67.982044       2.9916109        1.052129     0.057829697      0.16269106   1.9917742e-09        2.104592         2.104592       2581.9971                                                          2568.9731                                                       13.024011
              8       1293.2845         0.02256      0.11483213       67.779297       2.9916109        1.052129     0.056130897      0.18303439   1.9917742e-09        2.104592         2.104592       2582.3599                                                          2567.1235                                                       15.236348
              7       1292.7529     0.022837886       0.1133804       68.514136       2.9916109        1.052129     0.056305829      0.21603843   1.9917742e-09        2.104592         2.104592       2581.2966                                                          2570.8471                                                       10.449559
              6       1293.4622     0.022837886       0.1133804       68.514136       2.9876059       1.0495277     0.056305829      0.21603843   1.9838131e-09        2.104592         2.104592       2582.7152                                                          2572.2657                                                       10.449559
              7       1293.2147     0.022843012      0.11339082       68.498816       2.9876059       1.0495277     0.056003279      0.21654328   1.9838131e-09        2.104592         2.104592       2582.2201                                                          2571.7433                                                       10.476828
              9        1293.773     0.022843012      0.11339082       68.498816       2.9862228         1.04957     0.056003279      0.21654328   1.9810712e-09        2.104592         2.104592       2583.3369                                                            2572.86                                                       10.476828
              8       1294.4188     0.022843012      0.11339082       68.498816       2.9883392       1.0437239     0.056003279      0.21654328   1.9852684e-09        2.104592         2.104592       2584.6283                                                          2574.1515                                                       10.476828
              4       1295.0065     0.022843012      0.11339082       68.498816        2.995639       1.0543107     0.056003279      0.21654328   1.9998134e-09        2.104592         2.104592       2585.8038                                                          2575.3269                                                       10.476828
             18       1293.2814     0.022762795      0.11285602       68.534876        2.995639       1.0543107     0.058344065      0.20288136   1.9998134e-09        2.104592         2.104592       2582.3535                                                          2571.8438                                                       10.509789
             26       1293.3992     0.022885393       0.1136692       69.032613        2.995639       1.0543107     0.057614407      0.15387294   1.9998134e-09        2.104592         2.104592       2582.5892                                                          2571.1527                                                       11.436459
              7       1293.4893     0.022885393       0.1136692       69.032613       2.9962719       1.0540752     0.057614407      0.15387294   2.0010796e-09        2.104592         2.104592       2582.7694                                                          2571.3329                                                       11.436459
              1        1294.481      0.02288605      0.11332308       69.002191       2.9962719       1.0540752     0.056864257       0.1577439   2.0010796e-09        2.104592         2.104592       2584.7528                                                          2573.2898                                                       11.462931
             26       1292.8012      0.02288605      0.11332308       69.002191       2.9908813        1.053816     0.056864257       0.1577439   1.9903215e-09        2.104592         2.104592       2581.3933                                                          2569.9304                                                       11.462931
             14       1293.1169      0.02288605      0.11332308       69.002191       3.0044854       1.0434523     0.056864257       0.1577439   2.0175831e-09        2.104592         2.104592       2582.0246                                                          2570.5616                                                       11.462931
             10       1293.7087     0.022966614      0.11304092       68.917946       3.0044854       1.0434523     0.063657913      0.18515375   2.0175831e-09        2.104592         2.104592       2583.2082                                                          2572.1565                                                       11.051672
             50       1292.6461     0.022966614      0.11304092       68.917946       3.0070687       1.0468763     0.063657913      0.18515375    2.022802e-09        2.104592         2.104592       2581.0829                                                          2570.0313                                                       11.051672
              5       1292.5845     0.022966614      0.11304092       68.917946       3.0173567       1.0403086     0.063657913      0.18515375   2.0437199e-09        2.104592         2.104592       2580.9599                                                          2569.9082                                                       11.051672
             51       1292.5674     0.022963658      0.11290186       68.970546       3.0173567       1.0403086     0.066886559      0.18126172   2.0437199e-09        2.104592         2.104592       2580.9256                                                          2569.5797                                                       11.345869
             22       1292.4124     0.022974193      0.11286027       69.001028       3.0173567       1.0403086     0.065533222      0.18121298   2.0437199e-09        2.104592         2.104592       2580.6155                                                           2569.126                                                        11.48953
              3       1292.5541     0.022974193      0.11286027       69.001028        3.023331       1.0356592     0.065533222      0.18121298   2.0559662e-09        2.104592         2.104592        2580.899                                                          2569.4095                                                        11.48953
             26       1292.8839     0.023110126       0.1138597        68.74518        3.023331       1.0356592      0.06730352      0.19788739   2.0559662e-09        2.104592         2.104592       2581.5587                                                          2571.0101                                                        10.54856
             25       1293.1143     0.023110126       0.1138597        68.74518       3.0221939       1.0354399      0.06730352      0.19788739   2.0536298e-09        2.104592         2.104592       2582.0195                                                          2571.4709                                                        10.54856
              6       1293.3964     0.022484279      0.11247457       68.777736       3.0221939       1.0354399     0.065190604      0.17845401   2.0536298e-09        2.104592         2.104592       2582.5835                                                           2570.408                                                       12.175486
             10       1292.9427     0.022485069      0.11277011       68.811769       3.0221939       1.0354399     0.064795675       0.1654041   2.0536298e-09        2.104592         2.104592       2581.6761                                                           2569.514                                                       12.162159
             21       1292.9923     0.022486865      0.11274375       68.811337       3.0221939       1.0354399     0.064746723      0.16606179   2.0536298e-09        2.104592         2.104592       2581.7754                                                          2569.6048                                                       12.170574
             12         1292.96     0.022487793      0.11274832       68.803167       3.0221939       1.0354399     0.064740298      0.16670583   2.0536298e-09        2.104592         2.104592       2581.7108                                                          2569.6045                                                        12.10635
              7       1292.7165     0.022487793      0.11274832       68.803167       3.0204333       1.0353233     0.064740298      0.16670583   2.0500172e-09        2.104592         2.104592       2581.2239                                                          2569.1176                                                        12.10635
              7       1292.4437     0.022472469      0.11302941       68.817083       3.0204333       1.0353233     0.065612195      0.15359565   2.0500172e-09        2.104592         2.104592       2580.6782                                                          2568.6499                                                       12.028301
              5        1291.161     0.022457593       0.1144764       68.808052       3.0204333       1.0353233     0.065867029      0.10827185   2.0500172e-09        2.104592         2.104592       2578.1128                                                          2567.0324                                                       11.080425
             51       1291.1496     0.022457593       0.1144764       68.808052       3.0273892       1.0363309     0.065867029      0.10827185   2.0643267e-09        2.104592         2.104592       2578.0901                                                          2567.0097                                                       11.080425
              5       1290.6462     0.022457593       0.1144764       68.808052       3.0242598       1.0347294     0.065867029      0.10827185   2.0578766e-09        2.104592         2.104592       2577.0833                                                          2566.0029                                                       11.080425
              1       1290.6673     0.022457593       0.1144764       68.808052        3.023062       1.0352249     0.065867029      0.10827185   2.0554132e-09        2.104592         2.104592       2577.1254                                                          2566.0449                                                       11.080425
              1       1290.5551     0.022448873      0.11464924       68.787259        3.023062       1.0352249     0.066229878      0.10213596   2.0554132e-09        2.104592         2.104592        2576.901                                                          2565.9778                                                       10.923245
             36       1289.6613     0.022775323      0.11459737       69.139941        3.023062       1.0352249     0.066238824     0.074379412   2.0554132e-09        2.104592         2.104592       2575.1134                                                          2563.4679                                                       11.645486
              7       1289.7375     0.022775323      0.11459737       69.139941       3.0242629       1.0355477     0.066238824     0.074379412    2.057883e-09        2.104592         2.104592       2575.2658                                                          2563.6204                                                       11.645486
             26       1289.9026     0.022775323      0.11459737       69.139941       3.0251358       1.0358218     0.066238824     0.074379412   2.0596802e-09        2.104592         2.104592       2575.5959                                                          2563.9505                                                       11.645486
              8       1290.2603     0.022775323      0.11459737       69.139941       3.0206663       1.0415766     0.066238824     0.074379412   2.0504949e-09        2.104592         2.104592       2576.3113                                                          2564.6659                                                       11.645486
              6       1290.4548     0.022775323      0.11459737       69.139941       3.0203263       1.0426561     0.066238824     0.074379412   2.0497978e-09        2.104592         2.104592       2576.7005                                                           2565.055                                                       11.645486
              5       1290.3503     0.022782883      0.11462472       69.122064       3.0203263       1.0426561     0.066512799     0.076274018   2.0497978e-09        2.104592         2.104592       2576.4915                                                          2564.9771                                                       11.514418
             20       1290.3422     0.022851686       0.1149271        69.07987       3.0203263       1.0426561     0.065840633     0.084851914   2.0497978e-09        2.104592         2.104592       2576.4753                                                          2565.4546                                                       11.020653
             14       1290.2108     0.022851686       0.1149271        69.07987       3.0171313       1.0380077     0.065840633     0.084851914   2.0432592e-09        2.104592         2.104592       2576.2123                                                          2565.1917                                                       11.020653
             14       1289.9919     0.022814033      0.11538291       68.876761       3.0171313       1.0380077     0.061228879      0.10278651   2.0432592e-09        2.104592         2.104592       2575.7747                                                          2565.3132                                                       10.461463
              1        1292.487     0.022814033      0.11538291       68.876761       3.0255329       1.0339775     0.061228879      0.10278651   2.0604982e-09        2.104592         2.104592       2580.7648                                                          2570.3034                                                       10.461463
             16        1289.538     0.022755742      0.11479632       68.885658       3.0255329       1.0339775     0.064768414      0.10186721   2.0604982e-09        2.104592         2.104592       2574.8667                                                          2564.2145                                                       10.652279
             13       1289.6394     0.022663376       0.1163923       68.507003       3.0255329       1.0339775     0.063614014     0.090885475   2.0604982e-09        2.104592         2.104592       2575.0697                                                          2563.9506                                                       11.119045
             23       1290.8573     0.022593082      0.11652675       68.535789       3.0255329       1.0339775     0.063765257     0.092363761   2.0604982e-09        2.104592         2.104592       2577.5055                                                          2566.7574                                                       10.748112
              6       1291.1553     0.022593082      0.11652675       68.535789       3.0219271       1.0325656     0.063765257     0.092363761   2.0530818e-09        2.104592         2.104592       2578.1013                                                          2567.3532                                                       10.748112
              2       1291.7411     0.022610686      0.11641574       68.528008       3.0219271       1.0325656     0.064549801     0.098992318   2.0530818e-09        2.104592         2.104592        2579.273                                                          2568.5072                                                       10.765777
              2       1289.6545     0.022626005      0.11631456       68.445932       3.0219271       1.0325656     0.063736059     0.098044734   2.0530818e-09        2.104592         2.104592       2575.0998                                                           2563.881                                                       11.218788
              5       1289.6148      0.02260597      0.11610521       68.493348       3.0219271       1.0325656     0.064275616     0.097264449   2.0530818e-09        2.104592         2.104592       2575.0203                                                          2564.1476                                                       10.872754
              2       1288.8355     0.022614876      0.11568831       68.386059       3.0219271       1.0325656     0.063135041     0.093033906   2.0530818e-09        2.104592         2.104592       2573.4618                                                          2561.9859                                                       11.475886
              4       1288.5639     0.022626944      0.11574651       68.501881       3.0219271       1.0325656     0.063522712     0.097386182   2.0530818e-09        2.104592         2.104592       2572.9186                                                          2562.0539                                                       10.864725
             11       1289.9855     0.022626944      0.11574651       68.501881       3.0265902       1.0344215     0.063522712     0.097386182    2.062678e-09        2.104592         2.104592       2575.7617                                                           2564.897                                                       10.864725
             24       1289.3712      0.02258374      0.11631064       68.261963       3.0265902       1.0344215     0.065221732     0.092981774    2.062678e-09        2.104592         2.104592       2574.5332                                                          2562.1322                                                       12.401029
             20       1289.8328     0.022600431      0.11625896       68.226924       3.0265902       1.0344215     0.064668068     0.092444067    2.062678e-09        2.104592         2.104592       2575.4565                                                          2562.6341                                                       12.822402
             22       1289.8557     0.022646613      0.11593549       68.208512       3.0265902       1.0344215      0.06606132      0.11385424    2.062678e-09        2.104592         2.104592       2575.5021                                                          2562.6708                                                       12.831275
             23       1289.8063     0.022652899      0.11605873       68.246958       3.0265902       1.0344215      0.06621663      0.11493049    2.062678e-09        2.104592         2.104592       2575.4035                                                          2562.8619                                                       12.541563
             16       1289.8356     0.022652899      0.11605873       68.246958       3.0251652       1.0344942      0.06621663      0.11493049   2.0597407e-09        2.104592         2.104592       2575.4619                                                          2562.9204                                                       12.541563
             30       1290.7893     0.022790142      0.11500737       68.577914       3.0251652       1.0344942     0.066995278     0.093889715   2.0597407e-09        2.104592         2.104592       2577.3695                                                          2566.2643                                                       11.105199
             16       1290.2964     0.022674608      0.11497774       68.858353       3.0251652       1.0344942     0.063750571      0.10729228   2.0597407e-09        2.104592         2.104592       2576.3837                                                          2565.7617                                                       10.621976
              5       1290.5174     0.022754042      0.11514115       68.949717       3.0251652       1.0344942     0.065644964      0.10691947   2.0597407e-09        2.104592         2.104592       2576.8256                                                          2566.1245                                                       10.701098
             10       1289.7198     0.022760471      0.11504524       68.963467       3.0251652       1.0344942     0.065690516     0.099285363   2.0597407e-09        2.104592         2.104592       2575.2304                                                          2564.4724                                                       10.757948
              2       1288.9219      0.02271098      0.11531804       68.782394       3.0251652       1.0344942     0.064721465     0.088572478   2.0597407e-09        2.104592         2.104592       2573.6346                                                          2563.1566                                                       10.478015
             10       1289.9133      0.02271098      0.11531804       68.782394       3.0206676        1.028644     0.064721465     0.088572478   2.0504975e-09        2.104592         2.104592       2575.6175                                                          2565.1395                                                       10.478015
              1       1288.7642     0.022666134      0.11484253       68.865527       3.0206676        1.028644     0.062761618     0.084173541   2.0504975e-09        2.104592         2.104592       2573.3191                                                          2562.6134                                                       10.705733
             16       1287.8749     0.022552784      0.11580906       68.713839       3.0206676        1.028644     0.061917267      0.05459509   2.0504975e-09        2.104592         2.104592       2571.5406                                                          2561.0656                                                       10.475002
             30       1288.1883     0.022570439       0.1155158       68.713489       3.0206676        1.028644     0.061287999     0.058395619   2.0504975e-09        2.104592         2.104592       2572.1674                                                          2561.6499                                                       10.517488
              9       1289.9096     0.022713936      0.11801611       68.203777       3.0206676        1.028644     0.060175844     0.055201432   2.0504975e-09        2.104592         2.104592       2575.6101                                                          2559.9461                                                       15.663977
              4       1290.2316     0.022517836      0.11637232       68.417271       3.0206676        1.028644     0.057650031     0.053377851   2.0504975e-09        2.104592         2.104592       2576.2539                                                          2564.7986                                                       11.455324
              5       1288.8805     0.022530224      0.11628616       68.457278       3.0206676        1.028644     0.058780154     0.060476553   2.0504975e-09        2.104592         2.104592       2573.5518                                                          2562.3781                                                       11.173639
             15       1288.7516     0.022530224      0.11628616       68.457278       3.0184026       1.0315411     0.058780154     0.060476553   2.0458586e-09        2.104592         2.104592        2573.294                                                          2562.1204                                                       11.173639
              9       1288.7306      0.02252664      0.11631066        68.46216       3.0184026       1.0315411     0.058729499      0.05990535   2.0458586e-09        2.104592         2.104592       2573.2521                                                          2562.1095                                                       11.142621
              8        1288.894     0.022548946      0.11623627       68.489432       3.0184026       1.0315411     0.058568632     0.060767588   2.0458586e-09        2.104592         2.104592       2573.5789                                                          2562.5095                                                       11.069435
             16       1288.7744     0.022505447      0.11572891       68.706313       3.0184026       1.0315411     0.059308723     0.069912661   2.0458586e-09        2.104592         2.104592       2573.3397                                                          2562.9421                                                       10.397587
              3       1288.4498     0.022521761       0.1157577       68.944453       3.0184026       1.0315411     0.063111956    0.0031994844   2.0458586e-09        2.104592         2.104592       2572.6903                                                          2561.8569                                                       10.833418
             15       1290.1284     0.022246728      0.11531928       68.827927       3.0184026       1.0315411     0.062659594     0.022775621   2.0458586e-09        2.104592         2.104592       2576.0477                                                          2564.9246                                                       11.123139
              2       1290.5822     0.022265022      0.11563757       68.661883       3.0184026       1.0315411     0.064033575     0.013621827   2.0458586e-09        2.104592         2.104592       2576.9553                                                          2566.4044                                                       10.550935
             17       1289.6046     0.022247017      0.11585652       68.637078       3.0184026       1.0315411     0.063026688     0.016287054   2.0458586e-09        2.104592         2.104592       2575.0001                                                           2564.524                                                        10.47612
              6       1289.1821     0.022247017      0.11585652       68.637078       3.0075942       1.0489133     0.063026688     0.016287054   2.0238652e-09        2.104592         2.104592        2574.155                                                          2563.6788                                                        10.47612
              1       1290.2803     0.022219196      0.11702026       68.084864       3.0075942       1.0489133     0.059744923     0.036968929   2.0238652e-09        2.104592         2.104592       2576.3515                                                          2563.5293                                                       12.822214
             10        1291.262     0.022074621      0.11649064       68.381114       3.0075942       1.0489133     0.063148519     0.048975139   2.0238652e-09        2.104592         2.104592       2578.3149                                                          2567.9652                                                       10.349716
              2       1291.4025     0.022203738       0.1169103       68.273084       3.0075942       1.0489133     0.057501288     0.027932801   2.0238652e-09        2.104592         2.104592       2578.5958                                                          2567.2551                                                       11.340642
              3       1290.5082     0.022203738       0.1169103       68.273084       3.0089609       1.0455148     0.057501288     0.027932801   2.0266331e-09        2.104592         2.104592       2576.8073                                                          2565.4666                                                       11.340642
             22       1290.7681      0.02219211      0.11710035       68.270163       3.0089609       1.0455148     0.057081226     0.033475336   2.0266331e-09        2.104592         2.104592       2577.3269                                                          2566.0367                                                       11.290209
             41       1288.9479      0.02219211      0.11710035       68.270163       3.0027804       1.0461929     0.057081226     0.033475336   2.0141461e-09        2.104592         2.104592       2573.6866                                                          2562.3964                                                       11.290209
             48       1288.8988      0.02219211      0.11710035       68.270163       3.0020113       1.0462824     0.057081226     0.033475336   2.0125976e-09        2.104592         2.104592       2573.5884                                                          2562.2982                                                       11.290209
             26       1289.7429      0.02219211      0.11710035       68.270163       2.9979063       1.0445117     0.057081226     0.033475336   2.0043527e-09        2.104592         2.104592       2575.2766                                                          2563.9864                                                       11.290209
             22       1289.1781      0.02219211      0.11710035       68.270163       2.9971234       1.0495834     0.057081226     0.033475336   2.0027841e-09        2.104592         2.104592        2574.147                                                          2562.8568                                                       11.290209
             26       1289.0337     0.022202062        0.117028       68.310662       2.9971234       1.0495834     0.056892345     0.033479658   2.0027841e-09        2.104592         2.104592       2573.8581                                                          2562.7757                                                       11.082413
             12       1289.0296     0.022262335      0.11681193        68.32014       2.9971234       1.0495834     0.055320789     0.043376029   2.0027841e-09        2.104592         2.104592         2573.85                                                          2562.7274                                                       11.122667
              7       1289.1149     0.022326633      0.11627016       68.477745       2.9971234       1.0495834      0.05499823     0.043366285   2.0027841e-09        2.104592         2.104592       2574.0206                                                          2563.4259                                                        10.59464
             18       1289.4754     0.022187798      0.11632418       68.231472       2.9971234       1.0495834     0.058549864     0.049485371   2.0027841e-09        2.104592         2.104592       2574.7415                                                          2563.5859                                                       11.155609
              3       1290.9543      0.02222847      0.11707184        68.24479       2.9971234       1.0495834       0.0564872     0.064515676   2.0027841e-09        2.104592         2.104592       2577.6995                                                          2566.4231                                                        11.27639
              5       1290.5554      0.02225436      0.11816229       68.197036       2.9971234       1.0495834     0.053537235    0.0064477904   2.0027841e-09        2.104592         2.104592       2576.9015                                                          2563.9419                                                        12.95962
             11       1289.7989      0.02225436      0.11816229       68.197036       2.9962096       1.0474174     0.053537235    0.0064477904   2.0009549e-09        2.104592         2.104592       2575.3886                                                           2562.429                                                        12.95962
              1       1289.1895     0.022260275      0.11773135        68.13491       2.9962096       1.0474174     0.054960479     0.014163201   2.0009549e-09        2.104592         2.104592       2574.1697                                                          2560.8568                                                       13.312921
             10        1288.926     0.022260275      0.11773135        68.13491       2.9995924       1.0434852     0.054960479     0.014163201   2.0077351e-09        2.104592         2.104592       2573.6428                                                          2560.3299                                                       13.312921
              2       1289.0681     0.022260275      0.11773135        68.13491       3.0003312       1.0440663     0.054960479     0.014163201    2.009219e-09        2.104592         2.104592       2573.9271                                                          2560.6142                                                       13.312921
