#        weight    minuslogpost        omegabh2        omegach2              H0            logA              ns             tau             mnu              As   minuslogprior minuslogprior__0            chi2 chi2__sbt_spt_audit.likelihoods.candl_cobaya.CandlCobayaLikelihood chi2__sbt_spt_audit.likelihoods.desi_dr2_bao.DESIDR2BAOGaussian
              7        1299.631     0.022552483      0.11672374       69.235342       3.0131665       1.0330542     0.057270115     0.051121897   2.0351742e-09        2.104592         2.104592       2595.0529                                                          2583.0925                                                       11.960389
             11       1297.7843     0.022477832      0.11308689       69.134899       3.0131665       1.0330542     0.065814176     0.068987021   2.0351742e-09        2.104592         2.104592       2591.3593                                                          2577.2424                                                       14.116921
              7       1295.5288     0.022569325      0.11295929       69.188593       3.0131665       1.0330542     0.064605304     0.084846926   2.0351742e-09        2.104592         2.104592       2586.8484                                                          2572.5046                                                       14.343759
              1       1295.2917     0.022569325      0.11295929       69.188593       3.0184839       1.0280752     0.064605304     0.084846926   2.0460249e-09        2.104592         2.104592       2586.3741                                                          2572.0304                                                       14.343759
              2       1292.4113     0.022571269      0.11390337        68.80266       3.0184839       1.0280752     0.062087032      0.08167066   2.0460249e-09        2.104592         2.104592       2580.6134                                                          2569.5837                                                       11.029775
              1       1290.4977     0.022669499      0.11504616       69.126037       3.0184839       1.0280752     0.059099594     0.082721384   2.0460249e-09        2.104592         2.104592       2576.7863                                                          2565.0451                                                       11.741175
              2       1294.2744     0.022956197      0.11492222       68.924784       3.0184839       1.0280752     0.066927215     0.081382143   2.0460249e-09        2.104592         2.104592       2584.3397                                                          2573.5891                                                       10.750549
              1        1295.151     0.022956197      0.11492222       68.924784       3.0050217       1.0570217     0.066927215     0.081382143   2.0186654e-09        2.104592         2.104592       2586.0929                                                          2575.3424                                                       10.750549
              5       1294.8499      0.02295984      0.11489239       68.917254       3.0050217       1.0570217     0.066686891     0.087046777   2.0186654e-09        2.104592         2.104592       2585.4906                                                          2574.7643                                                       10.726316
              2       1298.8216     0.022832577       0.1142268       68.898775       3.0050217       1.0570217     0.069260592     0.072711133   2.0186654e-09        2.104592         2.104592       2593.4339                                                          2582.4776                                                       10.956359
              1        1300.189     0.022836155      0.11404664       68.874559       3.0050217       1.0570217     0.070336608     0.081714969   2.0186654e-09        2.104592         2.104592       2596.1688                                                          2585.2166                                                       10.952174
             14       1297.7265     0.022907444      0.11540201       69.498774       3.0050217       1.0570217     0.060414747     0.068398213   2.0186654e-09        2.104592         2.104592       2591.2438                                                          2578.0598                                                       13.184018
              1       1297.6596     0.022908155      0.11539363       69.494476       3.0050217       1.0570217      0.06038467     0.068354671   2.0186654e-09        2.104592         2.104592         2591.11                                                           2577.965                                                       13.145014
              7       1293.5802     0.022908155      0.11539363       69.494476       3.0256122       1.0189081      0.06038467     0.068354671   2.0606616e-09        2.104592         2.104592       2582.9512                                                          2569.8062                                                       13.145014
             16       1293.0169     0.022900129      0.11351121         69.3372       3.0256122       1.0189081      0.06212962     0.077961006   2.0606616e-09        2.104592         2.104592       2581.8246                                                          2568.5215                                                       13.303007
             23         1292.94     0.022903498      0.11352796       69.349693       3.0256122       1.0189081     0.062028929     0.077286001   2.0606616e-09        2.104592         2.104592       2581.6708                                                          2568.2943                                                       13.376494
              3       1292.4511     0.022737446       0.1141435       69.480703       3.0256122       1.0189081     0.059995312     0.068501718   2.0606616e-09        2.104592         2.104592       2580.6931                                                          2565.4797                                                       15.213425
              1       1292.5731     0.022757439      0.11441991       69.402959       3.0256122       1.0189081     0.057962286     0.065795989   2.0606616e-09        2.104592         2.104592        2580.937                                                          2567.0277                                                       13.909307
              6       1291.7888      0.02265793      0.11521144       69.124353       3.0256122       1.0189081     0.061502684     0.076008383   2.0606616e-09        2.104592         2.104592       2579.3685                                                          2567.7177                                                       11.650773
              8        1291.479     0.022706013      0.11627628       68.635129       3.0256122       1.0189081     0.063094316     0.084730173   2.0606616e-09        2.104592         2.104592       2578.7489                                                          2568.0252                                                       10.723678
              3       1291.6054     0.022697114      0.11635524       68.617659       3.0256122       1.0189081     0.063101751     0.083367885   2.0606616e-09        2.104592         2.104592       2579.0017                                                          2568.2193                                                       10.782418
              9       1288.9972     0.022697114      0.11635524       68.617659       3.0246451       1.0296608     0.063101751     0.083367885   2.0586697e-09        2.104592         2.104592       2573.7852                                                          2563.0028                                                       10.782418
             22        1288.994     0.022697114      0.11635524       68.617659        3.024518       1.0299433     0.063101751     0.083367885    2.058408e-09        2.104592         2.104592       2573.7787                                                          2562.9963                                                       10.782418
             31       1290.2329     0.022697114      0.11635524       68.617659       3.0295071       1.0183369     0.063101751     0.083367885   2.0687034e-09        2.104592         2.104592       2576.2566                                                          2565.4742                                                       10.782418
              1       1290.1575     0.022695528      0.11634583       68.603078       3.0295071       1.0183369     0.063286063     0.082907106   2.0687034e-09        2.104592         2.104592       2576.1057                                                          2565.2645                                                       10.841213
              3       1290.2026     0.022695272      0.11635349       68.603706       3.0295071       1.0183369     0.063303866     0.082884413   2.0687034e-09        2.104592         2.104592       2576.1959                                                          2565.3573                                                       10.838624
             10        1290.006     0.022534125      0.11577525        69.10366       3.0295071       1.0183369     0.059833809      0.01733412   2.0687034e-09        2.104592         2.104592       2575.8028                                                          2564.3937                                                       11.409101
             20         1288.86     0.022672398      0.11569853       69.123202       3.0295071       1.0183369     0.061851534     0.033754692   2.0687034e-09        2.104592         2.104592       2573.5108                                                          2562.3178                                                       11.192943
              6       1289.3517     0.022638636      0.11597155       69.055299       3.0295071       1.0183369     0.064482462     0.016774173   2.0687034e-09        2.104592         2.104592       2574.4942                                                          2563.6147                                                       10.879494
              3       1289.0648     0.022625914      0.11591831       69.121204       3.0295071       1.0183369     0.063365369     0.016505377   2.0687034e-09        2.104592         2.104592       2573.9204                                                          2562.7544                                                       11.166017
             66       1289.4497     0.022628774      0.11556483       69.141329       3.0295071       1.0183369     0.064080201     0.014848335   2.0687034e-09        2.104592         2.104592       2574.6902                                                          2563.2672                                                       11.422987
             10        1290.888     0.022610012      0.11619041        69.07662       3.0295071       1.0183369      0.06477469     0.021694686   2.0687034e-09        2.104592         2.104592       2577.5668                                                          2566.6506                                                       10.916221
              3       1290.1161     0.022610012      0.11619041        69.07662       3.0313337       1.0183271      0.06477469     0.021694686   2.0724855e-09        2.104592         2.104592       2576.0231                                                          2565.1068                                                       10.916221
              7       1290.7768     0.022610012      0.11619041        69.07662       3.0307441       1.0173683      0.06477469     0.021694686    2.071264e-09        2.104592         2.104592       2577.3444                                                          2566.4282                                                       10.916221
             31       1289.6475     0.022610012      0.11619041        69.07662       3.0299312        1.034046      0.06477469     0.021694686    2.069581e-09        2.104592         2.104592       2575.0858                                                          2564.1695                                                       10.916221
             16       1289.9955     0.022624118      0.11600527       68.982578       3.0299312        1.034046     0.064396468      0.03622893    2.069581e-09        2.104592         2.104592       2575.7818                                                          2565.0992                                                       10.682605
              3       1291.8452      0.02257671      0.11597687       68.684029       3.0299312        1.034046     0.062938368     0.063360244    2.069581e-09        2.104592         2.104592       2579.4812                                                          2569.0081                                                       10.473095
              4       1291.4331     0.022513218       0.1150118       68.768532       3.0299312        1.034046     0.065185719     0.062960558    2.069581e-09        2.104592         2.104592       2578.6571                                                          2568.0259                                                       10.631194
             10       1289.6767     0.022534057      0.11534764       68.934832       3.0299312        1.034046     0.067739023     0.026809543    2.069581e-09        2.104592         2.104592       2575.1442                                                           2564.221                                                       10.923238
             17       1289.9119     0.022534057      0.11534764       68.934832       3.0340986       1.0292064     0.067739023     0.026809543   2.0782236e-09        2.104592         2.104592       2575.6146                                                          2564.6914                                                       10.923238
              5       1289.6924     0.022534057      0.11534764       68.934832       3.0330719       1.0292345     0.067739023     0.026809543   2.0760911e-09        2.104592         2.104592       2575.1756                                                          2564.2524                                                       10.923238
             15       1289.6306     0.022534057      0.11534764       68.934832       3.0332143       1.0270738     0.067739023     0.026809543   2.0763867e-09        2.104592         2.104592        2575.052                                                          2564.1287                                                       10.923238
              1       1290.3551     0.022534057      0.11534764       68.934832        3.033838        1.031749     0.067739023     0.026809543   2.0776822e-09        2.104592         2.104592        2576.501                                                          2565.5778                                                       10.923238
              5       1289.5128     0.022534057      0.11534764       68.934832       3.0271387       1.0319724     0.067739023     0.026809543   2.0638096e-09        2.104592         2.104592       2574.8164                                                          2563.8932                                                       10.923238
              6        1289.892     0.022519149      0.11519793       68.964504       3.0271387       1.0319724     0.066389943     0.020938053   2.0638096e-09        2.104592         2.104592       2575.5748                                                          2564.4612                                                       11.113614
             18       1290.0434     0.022519149      0.11519793       68.964504       3.0186403       1.0383074     0.066389943     0.020938053   2.0463449e-09        2.104592         2.104592       2575.8776                                                           2564.764                                                       11.113614
              1       1290.4023     0.022521411      0.11515028       68.943874       3.0186403       1.0383074     0.066361612     0.020054512   2.0463449e-09        2.104592         2.104592       2576.5954                                                          2565.5332                                                       11.062169
              5       1290.3969     0.022519937      0.11515235       68.942741       3.0186403       1.0383074     0.066360828     0.020018373   2.0463449e-09        2.104592         2.104592       2576.5846                                                          2565.5246                                                       11.059945
             11       1290.8893     0.022504597      0.11478915       69.272468       3.0186403       1.0383074     0.066124009    0.0023693452   2.0463449e-09        2.104592         2.104592       2577.5694                                                          2564.2552                                                       13.314199
              1       1292.8009     0.022503258       0.1151148       69.483997       3.0186403       1.0383074     0.061731944     0.029323419   2.0463449e-09        2.104592         2.104592       2581.3925                                                          2565.6695                                                       15.722981
              4       1292.8457     0.022494502      0.11505447       69.477788       3.0186403       1.0383074     0.061405113     0.028768596   2.0463449e-09        2.104592         2.104592       2581.4822                                                          2565.7186                                                       15.763581
             20       1293.8338     0.022494502      0.11505447       69.477788       3.0128856       1.0320791     0.061405113     0.028768596   2.0346026e-09        2.104592         2.104592       2583.4583                                                          2567.6948                                                       15.763581
              1       1293.0012     0.022494502      0.11505447       69.477788       3.0175455       1.0297337     0.061405113     0.028768596   2.0441057e-09        2.104592         2.104592       2581.7933                                                          2566.0297                                                       15.763581
              9       1294.2708     0.022538332      0.11461195       69.457495       3.0175455       1.0297337      0.06497108     0.029187938   2.0441057e-09        2.104592         2.104592       2584.3325                                                          2568.7839                                                       15.548588
             23        1294.692     0.022434184      0.11417748        69.28333       3.0175455       1.0297337     0.057840271      0.02110552   2.0441057e-09        2.104592         2.104592       2585.1748                                                           2570.618                                                       14.556765
             24       1291.6732      0.02239575      0.11442816       69.070962       3.0175455       1.0297337     0.063256207      0.05118994   2.0441057e-09        2.104592         2.104592       2579.1372                                                          2566.3581                                                       12.779045
              8       1292.6372     0.022410667      0.11411013       69.086603       3.0175455       1.0297337     0.063990185     0.055498393   2.0441057e-09        2.104592         2.104592       2581.0652                                                          2567.9659                                                       13.099279
             31       1293.3032     0.022410667      0.11411013       69.086603       3.0167586       1.0289739     0.063990185     0.055498393    2.042498e-09        2.104592         2.104592       2582.3972                                                          2569.2979                                                       13.099279
              3       1293.8877     0.022395047      0.11551648       69.141435       3.0167586       1.0289739     0.064023356     0.022953572    2.042498e-09        2.104592         2.104592       2583.5662                                                          2571.1478                                                       12.418489
              2       1293.4025     0.022395047      0.11551648       69.141435       3.0174207       1.0289941     0.064023356     0.022953572   2.0438507e-09        2.104592         2.104592       2582.5958                                                          2570.1773                                                       12.418489
              1       1294.9674     0.022395047      0.11551648       69.141435       3.0125884       1.0322599     0.064023356     0.022953572   2.0339981e-09        2.104592         2.104592       2585.7255                                                          2573.3071                                                       12.418489
             13       1294.5204     0.022424527      0.11313535       68.462085       3.0125884       1.0322599     0.061429325      0.13144013   2.0339981e-09        2.104592         2.104592       2584.8316                                                          2574.1987                                                       10.632906
              1       1291.0513     0.022327284      0.11479057       68.031586       3.0125884       1.0322599     0.059376523      0.13518724   2.0339981e-09        2.104592         2.104592       2577.8935                                                          2566.1769                                                       11.716604
              6       1291.1972     0.022327284      0.11479057       68.031586       3.0143546       1.0313432     0.059376523      0.13518724   2.0375937e-09        2.104592         2.104592       2578.1852                                                          2566.4686                                                       11.716604
              8       1291.0963     0.022327722      0.11485578       68.032857       3.0143546       1.0313432     0.059173954      0.13434911   2.0375937e-09        2.104592         2.104592       2577.9834                                                          2566.2454                                                       11.737979
             24       1291.2607     0.022378296      0.11502058       68.003461       3.0143546       1.0313432     0.058264946      0.13396962   2.0375937e-09        2.104592         2.104592       2578.3123                                                           2565.998                                                       12.314275
             17       1290.9399     0.022397125      0.11503561       68.032774       3.0143546       1.0313432     0.058818044      0.12930665   2.0375937e-09        2.104592         2.104592       2577.6707                                                          2565.4182                                                       12.252433
             22       1290.5598     0.022397125      0.11503561       68.032774       3.0026708         1.04452     0.058818044      0.12930665   2.0139253e-09        2.104592         2.104592       2576.9105                                                           2564.658                                                       12.252433
              7       1289.9186     0.022440572      0.11605196       68.032347       3.0026708         1.04452     0.058397454      0.11604802   2.0139253e-09        2.104592         2.104592        2575.628                                                          2562.4797                                                       13.148284
              1       1291.0748     0.022204975      0.11583931       67.986445       3.0026708         1.04452     0.057639502      0.12563268   2.0139253e-09        2.104592         2.104592       2577.9404                                                          2566.0709                                                       11.869593
             34       1290.5969     0.022108407      0.11672543       68.346976       3.0026708         1.04452     0.056037889      0.05179563   2.0139253e-09        2.104592         2.104592       2576.9846                                                          2566.5024                                                        10.48213
              7       1290.9911     0.022108407      0.11672543       68.346976        3.005061       1.0379578     0.056037889      0.05179563   2.0187447e-09        2.104592         2.104592        2577.773                                                          2567.2908                                                        10.48213
              6       1290.6685      0.02212207      0.11639814       68.493234        3.005061       1.0379578     0.055011061     0.046997147   2.0187447e-09        2.104592         2.104592       2577.1279                                                          2566.8343                                                       10.293555
             33       1288.0971      0.02235489      0.11610225       68.691128        3.005061       1.0379578     0.056322969    0.0080605019   2.0187447e-09        2.104592         2.104592       2571.9851                                                          2561.4772                                                       10.507875
              5       1288.0011      0.02235489      0.11610225       68.691128       3.0060263       1.0352604     0.056322969    0.0080605019   2.0206944e-09        2.104592         2.104592        2571.793                                                          2561.2851                                                       10.507875
             19       1287.8917     0.022360015      0.11615291        68.67275       3.0060263       1.0352604     0.057099772    0.0099504691   2.0206944e-09        2.104592         2.104592       2571.5741                                                          2561.0689                                                       10.505225
             45        1288.012     0.022360015      0.11615291        68.67275       3.0041568       1.0360591     0.057099772    0.0099504691   2.0169202e-09        2.104592         2.104592       2571.8148                                                          2561.3096                                                       10.505225
              1       1288.5396     0.022348937      0.11620582         68.6336       3.0041568       1.0360591     0.058116879     0.010671462   2.0169202e-09        2.104592         2.104592       2572.8701                                                          2562.3472                                                       10.522916
              9       1288.6608     0.022348937      0.11620582         68.6336       3.0020813       1.0383188     0.058116879     0.010671462   2.0127385e-09        2.104592         2.104592       2573.1124                                                          2562.5895                                                       10.522916
              4       1289.5658     0.022336288      0.11614164       68.773637       3.0020813       1.0383188     0.058783018       0.0162552   2.0127385e-09        2.104592         2.104592       2574.9225                                                           2564.402                                                       10.520459
              3       1288.0854     0.022356293      0.11578299       68.665121       3.0020813       1.0383188     0.055357333       0.0446082   2.0127385e-09        2.104592         2.104592       2571.9615                                                          2561.5346                                                       10.426957
              2       1288.4071     0.022350879      0.11562598       68.617404       3.0020813       1.0383188     0.055497574     0.042697435   2.0127385e-09        2.104592         2.104592        2572.605                                                          2562.1512                                                        10.45385
             29       1288.4051     0.022350879      0.11562598       68.617404       3.0016872       1.0388708     0.055497574     0.042697435   2.0119454e-09        2.104592         2.104592        2572.601                                                          2562.1472                                                        10.45385
             21       1288.7354      0.02227194      0.11550528       68.581293       3.0016872       1.0388708      0.05577406     0.054571557   2.0119454e-09        2.104592         2.104592       2573.2616                                                          2562.8519                                                       10.409746
             31       1288.5097     0.022290369       0.1156751       68.571958       3.0016872       1.0388708     0.055419263     0.053566279   2.0119454e-09        2.104592         2.104592       2572.8103                                                          2562.4249                                                       10.385426
              7       1289.0268     0.022290369       0.1156751       68.571958       3.0061829        1.036939     0.055419263     0.053566279   2.0210108e-09        2.104592         2.104592       2573.8443                                                          2563.4589                                                       10.385426
             20       1289.4573     0.022302278      0.11583242       68.565108       3.0061829        1.036939     0.054448586     0.052974279   2.0210108e-09        2.104592         2.104592       2574.7054                                                          2564.3307                                                       10.374696
              5       1289.3707     0.022302278      0.11583242       68.565108       2.9936346       1.0519497     0.054448586     0.052974279    1.995809e-09        2.104592         2.104592       2574.5322                                                          2564.1576                                                       10.374696
              9       1291.6437     0.022311779      0.11596436       68.758952       2.9936346       1.0519497      0.05632423     0.067147073    1.995809e-09        2.104592         2.104592       2579.0783                                                          2568.4605                                                       10.617739
