#                 weight             minuslogpost                 omegabh2                 omegach2                       H0                     logA                       ns                      tau                      mnu                       As            minuslogprior         minuslogprior__0                     chi2 chi2__sbt_spt_audit.likelihoods.candl_cobaya.CandlCobayaLikelihood chi2__sbt_spt_audit.likelihoods.desi_dr2_bao.DESIDR2BAOGaussian
                      19       1297.0490066406489     0.022819244562151682      0.11356364655183443       68.662613062840805       2.9898074000000001       1.0253220999999999     0.048013944215289511      0.18363494388241966   1.9881852877920488e-09       2.1045919762829826       2.1045919762829826       2589.8888293287318                                                 2579.4069609173885                                              10.481868411343264
                       5       1296.7303781770709     0.022791573642823235      0.11418080109474325       68.499626866175063       2.9898074000000001       1.0253220999999999     0.048563336234623902      0.16832390045931661   1.9881852877920488e-09       2.1045919762829826       2.1045919762829826       2589.2515724015757                                                 2578.5769641543261                                              10.674608247249539
                      41       1295.9244009957488     0.022788443302463018      0.11402559479023895       68.524839058443163       2.9898074000000001       1.0253220999999999     0.046239335616306824      0.16863239057843543   1.9881852877920488e-09       2.1045919762829826       2.1045919762829826       2587.6396180389315                                                 2577.0390945010822                                                10.6005235378493
                       3       1299.9794695530147      0.02291540746349786      0.11470401316750627       68.488656444562636       2.9898074000000001       1.0253220999999999     0.040954077348915735      0.16800408170667683   1.9881852877920488e-09       2.1045919762829826       2.1045919762829826       2595.7497551534634                                                 2584.5978704248232                                              11.151884728640338
                       4       1298.4586363176818      0.02285451368816992      0.11540366601137028       68.667506824793321       2.9898074000000001       1.0253220999999999     0.040769262705815247      0.11530417565829862   1.9881852877920488e-09       2.1045919762829826       2.1045919762829826       2592.7080886827976                                                 2581.9723795824784                                               10.73570910031915
                       8       1295.7107789420813     0.022891466184956463      0.11581265287529012       68.717311137322838       2.9898074000000001       1.0253220999999999     0.043089550651157285      0.10658081267143993   1.9881852877920488e-09       2.1045919762829826       2.1045919762829826       2587.2123739315966                                                 2576.4668230563602                                              10.745550875236527
                      13       1294.2812924632451     0.022879161540044542      0.11581422090437907        68.67728320621616       2.9898074000000001       1.0253220999999999     0.045766350135703529     0.097623428749191013   1.9881852877920488e-09       2.1045919762829826       2.1045919762829826       2584.3534009739242                                                 2573.4008441479573                                              10.952556825966822
                      20       1294.7277644041981     0.022879161540044542      0.11581422090437907        68.67728320621616       2.9963359264631233       1.0175724623338915     0.045766350135703529     0.097623428749191013   2.0012076702884339e-09       2.1045919762829826       2.1045919762829826       2585.2463448558301                                                 2574.2937880298632                                              10.952556825966822
                      15       1294.5333721686366     0.022891957149451088      0.11544507551915452       68.722619548783825       2.9963359264631233       1.0175724623338915     0.045877858499517477     0.096181906421751728   2.0012076702884339e-09       2.1045919762829826       2.1045919762829826       2584.8575603847071                                                 2574.0284342407508                                              10.829126143956492
                      10       1294.5358053701905     0.022908590398747888      0.11546704453889585       68.725168431394053       2.9963359264631233       1.0175724623338915     0.045777268253991123     0.096688110358391838   2.0012076702884339e-09       2.1045919762829826       2.1045919762829826       2584.8624267878149                                                 2573.9997480828688                                              10.862678704945994
                       7       1294.5285711556126     0.022851739171097226      0.11556355499041457       68.658320908298109       2.9963359264631233       1.0175724623338915     0.046873138141079462     0.089697798586423641   2.0012076702884339e-09       2.1045919762829826       2.1045919762829826       2584.8479583586591                                                  2573.826890130124                                              11.021068228534928
                      11       1294.6229664523566     0.022854810167799753      0.11555222219272014       68.628876394037349       2.9963359264631233       1.0175724623338915     0.046915443464110286     0.090091932966659058   2.0012076702884339e-09       2.1045919762829826       2.1045919762829826       2585.0367489521473                                                 2573.8715627417896                                              11.165186210357797
                      22        1295.463879056593      0.02292688851317428      0.11612098826208796       68.648031049493298       2.9963359264631233       1.0175724623338915     0.045813999982933895      0.10408934137922715   2.0012076702884339e-09       2.1045919762829826       2.1045919762829826       2586.7185741606199                                                 2575.4854173061776                                              11.233156854442134
                      12       1296.3377241909473      0.02292688851317428      0.11612098826208796       68.648031049493298       3.0049586549256797       1.0151654859377601     0.045813999982933895      0.10408934137922715   2.0185381512635756e-09       2.1045919762829826       2.1045919762829826       2588.4662644293285                                                 2577.2331075748862                                              11.233156854442134
                       7       1296.5774678612979     0.022977076918896975      0.11671338317777973       68.464207565338228       3.0049586549256797       1.0151654859377601     0.045813524056092049      0.10250998750102971   2.0185381512635756e-09       2.1045919762829826       2.1045919762829826       2588.9457517700298                                                 2575.8127798173873                                              13.132971952642553
                       5       1296.5803133227291     0.022977076918896975      0.11671338317777973       68.464207565338228       3.0051320850235572       1.0147137062213203     0.045813524056092049      0.10250998750102971   2.0188882568912678e-09       2.1045919762829826       2.1045919762829826       2588.9514426928922                                                 2575.8184707402497                                              13.132971952642553
                       2       1295.8943561207363     0.022932051421665336      0.11646099785060988        68.49271959272977       3.0051320850235572       1.0147137062213203     0.046483259561727844      0.10447146345807751   2.0188882568912678e-09       2.1045919762829826       2.1045919762829826       2587.5795282889067                                                 2575.1385299160593                                              12.440998372847485
                       6       1295.1983239612659     0.022979652862615989      0.11648150097403606       68.352686230817142       3.0051320850235572       1.0147137062213203     0.049104268949924611     0.095103999679430645   2.0188882568912678e-09       2.1045919762829826       2.1045919762829826       2586.1874639699658                                                 2571.7317648348212                                              14.455699135144467
                       2       1296.5256276306695     0.022979652862615989      0.11648150097403606       68.352686230817142       2.9975187896837752       1.0175610454436905     0.049104268949924611     0.095103999679430645   2.0035762258009382e-09       2.1045919762829826       2.1045919762829826        2588.842071308773                                                 2574.3863721736284                                              14.455699135144467
                      35       1294.4045351087245     0.022826298298978739      0.11519677625107086       68.890157804489888       2.9975187896837752       1.0175610454436905     0.047434881775254262     0.075380166079019859   2.0035762258009382e-09       2.1045919762829826       2.1045919762829826        2584.599886264883                                                 2573.9750369552758                                              10.624849309607372
                       2       1294.3373873699097     0.022834450754760694      0.11524398226320796       68.881232653728048       2.9975187896837752       1.0175610454436905     0.047301359782784297     0.073744138816489141   2.0035762258009382e-09       2.1045919762829826       2.1045919762829826       2584.4655907872534                                                 2573.8358923014207                                              10.629698485832845
                       1       1294.3852496685677     0.022834450754760694      0.11524398226320796       68.881232653728048       2.9856478389954053       1.0292834140937657     0.047301359782784297     0.073744138816489141   1.9799324857150149e-09       2.1045919762829826       2.1045919762829826       2584.5613153845693                                                 2573.9316168987366                                              10.629698485832845
                       2       1294.9582620302922     0.022618523997156484       0.1160525654385243       68.894233365186849       2.9856478389954053       1.0292834140937657     0.042899343416250957     0.053775810986010683   1.9799324857150149e-09       2.1045919762829826       2.1045919762829826       2585.7073401080183                                                 2575.2160692088955                                              10.491270899122902
                       7       1298.1845347667127     0.023031354948114407      0.11615626383980958       68.779686624661252       2.9856478389954053       1.0292834140937657     0.047757384527907058      0.10849174414449034   1.9799324857150149e-09       2.1045919762829826       2.1045919762829826       2592.1598855808593                                                 2581.2341502382092                                              10.925735342649936
                      11       1298.0996391023582      0.02300672624977302      0.11646683241766141       68.590030830902307       2.9856478389954053       1.0292834140937657     0.047683430493297312      0.10960095180488461   1.9799324857150149e-09       2.1045919762829826       2.1045919762829826       2591.9900942521504                                                   2579.98519988526                                              12.004894366890246
                      26        1296.159751530035      0.02300672624977302      0.11646683241766141       68.590030830902307       2.9889663711870771       1.0382485410176532     0.047683430493297312      0.10960095180488461    1.986513869633521e-09       2.1045919762829826       2.1045919762829826        2588.110319107504                                                 2576.1054247406137                                              12.004894366890246
                       1       1296.9297406835749      0.02300672624977302      0.11646683241766141       68.590030830902307       2.9892337009190446       1.0407500094083106     0.047683430493297312      0.10960095180488461   1.9870449948434571e-09       2.1045919762829826       2.1045919762829826       2589.6502974145837                                                 2577.6454030476934                                              12.004894366890246
                      10       1296.5112822727297      0.02300672624977302      0.11646683241766141       68.590030830902307       2.9832695004554566       1.0409093566258576     0.047683430493297312      0.10960095180488461   1.9752291312793441e-09       2.1045919762829826       2.1045919762829826       2588.8133805928933                                                  2576.808486226003                                              12.004894366890246
                       3        1296.889307602318     0.022977742357714187      0.11625937269270215        68.62260000813194       2.9832695004554566       1.0409093566258576     0.046738205418462138      0.11976772980622113   1.9752291312793441e-09       2.1045919762829826       2.1045919762829826         2589.56943125207                                                  2578.126735481133                                              11.442695770937059
                      21       1297.4682049001635     0.023048688468349891      0.11638565013706362       68.381823219973384       2.9832695004554566       1.0409093566258576     0.046139981215636908      0.11603457569282653   1.9752291312793441e-09       2.1045919762829826       2.1045919762829826        2590.727225847761                                                 2576.5280552960066                                              14.199170551754497
                       5       1301.2300037519067     0.023048688468349891      0.11638565013706362       68.381823219973384       2.9860666508784139       1.0182444250254179     0.046139981215636908      0.11603457569282653   1.9807618786352692e-09       2.1045919762829826       2.1045919762829826       2598.2508235512473                                                 2584.0516529994929                                              14.199170551754497
                       2       1302.6055248003768     0.023212982093804416      0.11675838809195552       68.369884085203935       2.9860666508784139       1.0182444250254179     0.045612005218771373      0.12591377314208424   1.9807618786352692e-09       2.1045919762829826       2.1045919762829826       2601.0018656481875                                                 2585.1723055966777                                              15.829560051509958
                       7       1302.6225678563808     0.023271717567708287      0.11550635737139671       68.554824728671647       2.9860666508784139       1.0182444250254179     0.038687288581372083      0.10866657201371513   1.9807618786352692e-09       2.1045919762829826       2.1045919762829826       2601.0359517601955                                                 2587.1100434885975                                              13.925908271598233
                      19       1298.3824324207333     0.022560094660402596      0.11656378908913848       68.401726801661312       2.9860666508784139       1.0182444250254179     0.037416265091701595     0.065100236740447764   1.9807618786352692e-09       2.1045919762829826       2.1045919762829826       2592.5556808889005                                                 2580.9009594709478                                              11.654721417952629
                       6       1297.5960094020875     0.022560094660402596      0.11656378908913848       68.401726801661312       2.9819047361659439       1.0234065759077229     0.037416265091701595     0.065100236740447764   1.9725352477735049e-09       2.1045919762829826       2.1045919762829826       2590.9828348516089                                                 2579.3281134336562                                              11.654721417952629
                       2       1297.6141713976288     0.022583749959960406      0.11670671926771407       68.207221719639392       2.9819047361659439       1.0234065759077229     0.038134272486949256     0.079366911433512599   1.9725352477735049e-09       2.1045919762829826       2.1045919762829826       2591.0191588426915                                                 2577.6974086846949                                              13.321750157996401
                      20       1298.3595274616669     0.022583749959960406      0.11670671926771407       68.207221719639392       2.9579000327095906       1.0447413021204104     0.038134272486949256     0.079366911433512599   1.9257489166977714e-09       2.1045919762829826       2.1045919762829826       2592.5098709707677                                                 2579.1881208127711                                              13.321750157996401
                       1       1299.8622744728864     0.022586358430957097      0.11642503329454434       68.135302028210333       2.9579000327095906       1.0447413021204104     0.035910030888832233      0.06700728928621083   1.9257489166977714e-09       2.1045919762829826       2.1045919762829826       2595.5153649932067                                                 2581.2320740133659                                              14.283290979840702
                      12       1298.3258128233595     0.022611388349575115      0.11612076324334504       68.383115396161344       2.9579000327095906       1.0447413021204104     0.035786350447248212     0.062095195092709318   1.9257489166977714e-09       2.1045919762829826       2.1045919762829826       2592.4424416941529                                                 2580.4275056652591                                              12.014936028893773
                      11       1300.1069155321163     0.022611388349575115      0.11612076324334504       68.383115396161344       2.9618747646248917       1.0463078310986904     0.035786350447248212     0.062095195092709318   1.9334184845185245e-09       2.1045919762829826       2.1045919762829826       2596.0046471116666                                                 2583.9897110827728                                              12.014936028893773
                       3       1299.8066198803681     0.022622091713414505      0.11641510137657807       68.295171221244146       2.9618747646248917       1.0463078310986904     0.036203176431960672     0.060904759101165287   1.9334184845185245e-09       2.1045919762829826       2.1045919762829826       2595.4040558081701                                                 2582.4587572506812                                              12.945298557489078
                       3       1300.0599647693127     0.022451581019555501      0.11621629351419699       68.139544515102813       2.9618747646248917       1.0463078310986904     0.037231675270186226     0.057702590842522883   1.9334184845185245e-09       2.1045919762829826       2.1045919762829826       2595.9107455860594                                                 2582.6463630499188                                              13.264382536140651
                      23       1299.9586655504565     0.022324484460449687      0.11629875676499973       68.061244889032025       2.9618747646248917       1.0463078310986904     0.042686094219656572     0.094123843509801797   1.9334184845185245e-09       2.1045919762829826       2.1045919762829826       2595.7081471483471                                                 2583.1614658521898                                              12.546681296157415
                       2       1297.2614878350939     0.022324484460449687      0.11629875676499973       68.061244889032025       2.9623660385576422       1.0540995227808287     0.042686094219656572     0.094123843509801797   1.9343685559746285e-09       2.1045919762829826       2.1045919762829826       2590.3137917176218                                                 2577.7671104214646                                              12.546681296157415
                       3       1297.4368936868602     0.022276743490906855      0.11601460844933441       67.985257393872985       2.9623660385576422       1.0540995227808287     0.042005025096911099      0.10269725304201748   1.9343685559746285e-09       2.1045919762829826       2.1045919762829826       2590.6646034211544                                                 2577.9714290519737                                              12.693174369180499
                      19       1297.3085120015317     0.022276743490906855      0.11601460844933441       67.985257393872985       2.9642652496604085       1.0532302030198697     0.042005025096911099      0.10269725304201748   1.9380458210589896e-09       2.1045919762829826       2.1045919762829826       2590.4078400504973                                                 2577.7146656813165                                              12.693174369180499
                      10       1297.1546264119993     0.022303221215646301       0.1158304562497162       68.008381135405529       2.9642652496604085       1.0532302030198697     0.042368563686419891      0.10531577436424935   1.9380458210589896e-09       2.1045919762829826       2.1045919762829826       2590.1000688714325                                                 2577.5637157751607                                              12.536353096271883
                       6        1298.019112324695     0.022303221215646301       0.1158304562497162       68.008381135405529       2.9578784410119794       1.0597208991436093     0.042368563686419891      0.10531577436424935   1.9257073369583768e-09       2.1045919762829826       2.1045919762829826        2591.829040696824                                                 2579.2926876005522                                              12.536353096271883
                      11       1298.5805325349143     0.022303221215646301       0.1158304562497162       68.008381135405529       2.9587495675497593       1.0634862030366421     0.042368563686419891      0.10531577436424935   1.9273856026083405e-09       2.1045919762829826       2.1045919762829826       2592.9518811172625                                                 2580.4155280209907                                              12.536353096271883
                      11       1298.4456078971914      0.02230257186589165      0.11592481633549276       68.032370051969224       2.9587495675497593       1.0634862030366421      0.04229438811490286      0.10063026047504275   1.9273856026083405e-09       2.1045919762829826       2.1045919762829826       2592.6820318418168                                                 2580.2584551037949                                              12.423576738021969
                      10       1298.3233732882918      0.02230257186589165      0.11592481633549276       68.032370051969224       2.9557443554612814       1.0606806729085596      0.04229438811490286      0.10063026047504275   1.9216020947827551e-09       2.1045919762829826       2.1045919762829826       2592.4375626240176                                                 2580.0139858859957                                              12.423576738021969
                      11       1298.7780322927483     0.022270484773968917      0.11581858959645329       67.961370253555657       2.9557443554612814       1.0606806729085596     0.042446939278238824      0.11692131574306847   1.9216020947827551e-09       2.1045919762829826       2.1045919762829826       2593.3468806329306                                                 2580.7688899487885                                              12.577990684142351
                       5       1298.8129104596032      0.02238985338823872      0.11546813651287058       68.081219859403603       2.9557443554612814       1.0606806729085596     0.043269835214213639      0.13138645675478564   1.9216020947827551e-09       2.1045919762829826       2.1045919762829826       2593.4166369666405                                                 2581.4780527778889                                              11.938584188751722
                      13       1298.5948107299537     0.022384854014004005      0.11462842244794555       68.162249515956546       2.9557443554612814       1.0606806729085596     0.041642282177049267      0.16337628364421397   1.9216020947827551e-09       2.1045919762829826       2.1045919762829826       2592.9804375073413                                                 2582.1136823228208                                              10.866755184520732
                       5       1300.1726049510246     0.022384854014004005      0.11462842244794555       68.162249515956546        2.982040939784584       1.0380628806896139     0.041642282177049267      0.16337628364421397   1.9728039325096478e-09       2.1045919762829826       2.1045919762829826       2596.1360259494832                                                 2585.2692707649626                                              10.866755184520732
                       7       1300.4861631774831     0.022359942869936599      0.11486437787660504       68.048646255800563        2.982040939784584       1.0380628806896139     0.041741599542307321      0.17134109321207205   1.9728039325096478e-09       2.1045919762829826       2.1045919762829826       2596.7631424024003                                                 2585.3863357879636                                              11.376806614436823
                       4       1300.4308475030512     0.022261079973402865      0.11431963135206422       68.011713018972571        2.982040939784584       1.0380628806896139     0.050630389018875885      0.16873474991269499   1.9728039325096478e-09       2.1045919762829826       2.1045919762829826       2596.6525110535363                                                 2585.5826768994129                                              11.069834154123454
                      23       1296.7407895074214     0.022433241204021379        0.113853289194909       68.185981326310596        2.982040939784584       1.0380628806896139     0.046284809166242079      0.18198602760971411   1.9728039325096478e-09       2.1045919762829826       2.1045919762829826       2589.2723950622767                                                 2578.5995565904645                                              10.672838471812051
                       5       1296.7647944497558     0.022431650356033072      0.11386547728209132       68.145787188779835        2.982040939784584       1.0380628806896139      0.04635888931292792      0.18159516652167704   1.9728039325096478e-09       2.1045919762829826       2.1045919762829826       2589.3204049469455                                                 2578.4885607099741                                              10.831844236971166
                       2       1297.2982258169093     0.022562035322846265      0.11321154166752957       68.608924922552902        2.982040939784584       1.0380628806896139      0.04806322783554464      0.13979778537960413   1.9728039325096478e-09       2.1045919762829826       2.1045919762829826       2590.3872676812525                                                 2579.6628712904599                                              10.724396390792851
                      12        1297.265608490452     0.022566632816040353      0.11326138109705075       68.596185471438105        2.982040939784584       1.0380628806896139     0.048069264257498634      0.13890997956941795   1.9728039325096478e-09       2.1045919762829826       2.1045919762829826        2590.322033028338                                                 2579.6355728194794                                              10.686460208858355
                      31        1295.742006817045      0.02258997885006802      0.11358237680055351       68.830260530554739        2.982040939784584       1.0380628806896139     0.047379656876378566      0.13127948901469791   1.9728039325096478e-09       2.1045919762829826       2.1045919762829826       2587.2748296815239                                                 2576.0075898082523                                              11.267239873271491
                       2       1296.0505946771314      0.02258997885006802      0.11358237680055351       68.830260530554739       2.9818772775780134       1.0442662913204659     0.047379656876378566      0.13127948901469791   1.9724810854845711e-09       2.1045919762829826       2.1045919762829826       2587.8920054016967                                                 2576.6247655284251                                              11.267239873271491
                       4       1295.2173182892436     0.022919961074538444      0.11418710458526987       69.088693978976693       2.9818772775780134       1.0442662913204659     0.049427267937404436      0.11642223769602202   1.9724810854845711e-09       2.1045919762829826       2.1045919762829826       2586.2254526259212                                                 2574.9559971547474                                              11.269455471174052
                      25       1295.2435392568441     0.022912116300895052      0.11415131177647259       69.107936770787475       2.9818772775780134       1.0442662913204659     0.048990201862932584        0.109360874803407   1.9724810854845711e-09       2.1045919762829826       2.1045919762829826       2586.2778945611221                                                 2574.8904013820661                                              11.387493179056102
                      34         1295.19346171091     0.022912116300895052      0.11415131177647259       69.107936770787475       2.9814068107548275       1.0418310047336963     0.048990201862932584        0.109360874803407   1.9715533168337865e-09       2.1045919762829826       2.1045919762829826        2586.177739469254                                                  2574.790246290198                                              11.387493179056102
                       8       1295.5987408902197     0.022890022313216195      0.11386009691555093       69.154503441084827       2.9814068107548275       1.0418310047336963     0.047937911678029084      0.10861848298307611   1.9715533168337865e-09       2.1045919762829826       2.1045919762829826       2586.9882978278733                                                 2575.1177793707802                                              11.870518457093162
                      21       1295.5107038179981     0.022879197028081506      0.11386661920917393       69.190472581156939       2.9814068107548275       1.0418310047336963     0.048605857210862677      0.10793050814046629   1.9715533168337865e-09       2.1045919762829826       2.1045919762829826       2586.8122236834301                                                 2574.6761113230782                                              12.136112360351792
                       5       1296.1758050248532     0.022879197028081506      0.11386661920917393       69.190472581156939       2.9856445960035591       1.0431098907802268     0.048605857210862677      0.10793050814046629   1.9799260648205187e-09       2.1045919762829826       2.1045919762829826       2588.1424260971403                                                 2576.0063137367883                                              12.136112360351792
                       4       1296.7040160893766     0.022875409224754784      0.11385069597474889       69.167133048561979       2.9856445960035591       1.0431098907802268      0.04826001985685318      0.10396184718259445   1.9799260648205187e-09       2.1045919762829826       2.1045919762829826       2589.1988482261872                                                 2577.2056909348094                                              11.993157291377878
                       8       1296.6052565129241     0.022875409224754784      0.11385069597474889       69.167133048561979       3.0002191393749817       1.0230822594420852      0.04826001985685318      0.10396184718259445   2.0089938937504905e-09       2.1045919762829826       2.1045919762829826       2589.0013290732822                                                 2577.0081717819044                                              11.993157291377878
                       3        1296.659111822371     0.022869243653626525      0.11370618578595403       69.160470563639436       3.0002191393749817       1.0230822594420852     0.048713999653261099      0.10399260952424461   2.0089938937504905e-09       2.1045919762829826       2.1045919762829826       2589.1090396921759                                                 2577.0424147383551                                              12.066624953820837
                       7       1297.3926277248488     0.022866224296007504      0.11351932009494758       69.122075915445876       3.0002191393749817       1.0230822594420852      0.04882615295888975      0.10719697515435359   2.0089938937504905e-09       2.1045919762829826       2.1045919762829826       2590.5760714971316                                                 2578.6081027460514                                               11.96796875108013
                       8       1298.7770277157867     0.022866224296007504      0.11351932009494758       69.122075915445876       3.0009787932124414       1.0264477212082055      0.04882615295888975      0.10719697515435359   2.0105206134871451e-09       2.1045919762829826       2.1045919762829826       2593.3448714790075                                                 2581.3769027279272                                               11.96796875108013
                      10       1298.2667383389323     0.022916656852547304      0.11388735837338752       69.202071272529949       3.0009787932124414       1.0264477212082055     0.050791447598308691      0.06809070356912765   2.0105206134871451e-09       2.1045919762829826       2.1045919762829826       2592.3242927252986                                                 2580.3452823027551                                              11.979010422543588
                      10       1294.1479866130342     0.022967891445463316      0.11530870123613619       69.116748403041782       3.0009787932124414       1.0264477212082055     0.054359790396860702     0.042597337921878697   2.0105206134871451e-09       2.1045919762829826       2.1045919762829826       2584.0867892735023                                                 2573.1533840214074                                              10.933405252094946
                      12       1293.8029644424478     0.022955749634895339      0.11544356898837495       69.131685827482059       3.0009787932124414       1.0264477212082055     0.054386909110100502     0.042872568512199095   2.0105206134871451e-09       2.1045919762829826       2.1045919762829826       2583.3967449323295                                                 2572.4940188000787                                               10.90272613225101
                      34       1293.3701984410411     0.022960793241297042      0.11543402324801534       69.176715649531232       3.0009787932124414       1.0264477212082055      0.05291495981279213     0.032219935419047788   2.0105206134871451e-09       2.1045919762829826       2.1045919762829826       2582.5312129295162                                                 2571.5033635020181                                              11.027849427498092
                      10       1293.2645617904323     0.022950035313688621      0.11571497639537953       69.127580340758684       3.0009787932124414       1.0264477212082055     0.051121077955467234     0.023998489005825858   2.0105206134871451e-09       2.1045919762829826       2.1045919762829826       2582.3199396282985                                                 2571.4291600247393                                              10.890779603559286
                      34        1292.409304583294     0.022912091593185194      0.11626091253343006        68.92131411986972       3.0009787932124414       1.0264477212082055     0.051811044453354001     0.029255570417255752   2.0105206134871451e-09       2.1045919762829826       2.1045919762829826       2580.6094252140219                                                 2569.7388206157107                                              10.870604598311399
                       6       1292.3439357722427     0.022972526337440003      0.11630901773635291       69.088535964822512       3.0009787932124414       1.0264477212082055     0.051667385527287446     0.035314852165404552   2.0105206134871451e-09       2.1045919762829826       2.1045919762829826       2580.4786875919194                                                 2569.8306389265567                                              10.648048665362563
                       7       1292.3466524171379     0.022972526337440003      0.11630901773635291       69.088535964822512       3.0007294415124197       1.0286537285292185     0.051667385527287446     0.035314852165404552   2.0100193492523853e-09       2.1045919762829826       2.1045919762829826       2580.4841208817097                                                  2569.836072216347                                              10.648048665362563
                       4       1292.5592092431714     0.022851410342656586      0.11632837900717657       68.928840367649471       3.0007294415124197       1.0286537285292185     0.053765262190750111     0.037672686514170481   2.0100193492523853e-09       2.1045919762829826       2.1045919762829826       2580.9092345337767                                                  2570.268476458114                                              10.640758075662749
                       4       1292.8780148751312     0.022851410342656586      0.11632837900717657       68.928840367649471       3.0000224780914087       1.0284597912569351     0.053765262190750111     0.037672686514170481   2.0085988412796911e-09       2.1045919762829826       2.1045919762829826       2581.5468457976963                                                 2570.9060877220336                                              10.640758075662749
                       3       1293.6143751039917     0.022860511562759697      0.11594385769491905       68.830871127039487       3.0000224780914087       1.0284597912569351     0.054299702761371235     0.039133289996600165   2.0085988412796911e-09       2.1045919762829826       2.1045919762829826       2583.0195662554174                                                 2572.0818173679536                                              10.937748887464029
                       4       1293.4292428755173     0.022740906795717476      0.11533816025976776       68.950054617319083       3.0000224780914087       1.0284597912569351     0.053431770377595132     0.039055775796853834   2.0085988412796911e-09       2.1045919762829826       2.1045919762829826       2582.6493017984685                                                 2571.8771902041935                                              10.772111594275046
                      27       1294.0268155935489     0.022740906795717476      0.11533816025976776       68.950054617319083        2.993401288052949       1.0344758477556399     0.053431770377595132     0.039055775796853834   1.9953434582719829e-09       2.1045919762829826       2.1045919762829826       2583.8444472345318                                                 2573.0723356402568                                              10.772111594275046
                      29       1294.4150886469913     0.022734198315948834      0.11521053969051845        68.96576112749834        2.993401288052949       1.0344758477556399     0.053661582990877109     0.038740941663848449   1.9953434582719829e-09       2.1045919762829826       2.1045919762829826       2584.6209933414166                                                 2573.7824858046238                                               10.83850753679263
                      33       1294.7124327630197     0.022733194811168825      0.11606170346432804       69.101809045705153        2.993401288052949       1.0344758477556399     0.052221093392838966     0.047150244152436419   1.9953434582719829e-09       2.1045919762829826       2.1045919762829826       2585.2156815734734                                                 2574.3760570057821                                              10.839624567691148
                      24       1292.9186769000128     0.022819904974675585      0.11584738783030483       69.076197521658997        2.993401288052949       1.0344758477556399     0.050924864344188879     0.051680808234527933   1.9953434582719829e-09       2.1045919762829826       2.1045919762829826       2581.6281698474595                                                 2570.9100144255121                                               10.71815542194719
                       6       1292.8802286205264     0.022818796254851725      0.11596211695787674       69.039049243107939        2.993401288052949       1.0344758477556399     0.050960898998591721     0.051494412291141038   1.9953434582719829e-09       2.1045919762829826       2.1045919762829826       2581.5512732884868                                                 2570.9348668770272                                              10.616406411459561
                      13       1292.8162082819269     0.022854226978746697      0.11606917886919518       69.071745963878172        2.993401288052949       1.0344758477556399     0.051515688769541886      0.04167940491068936   1.9953434582719829e-09       2.1045919762829826       2.1045919762829826       2581.4232326112879                                                 2570.7811502167947                                              10.642082394493297
                       2       1295.0553422013302     0.023054101401252577      0.11676850066238899        69.10248572610729        2.993401288052949       1.0344758477556399     0.050942517455899887     0.051152836768247688   1.9953434582719829e-09       2.1045919762829826       2.1045919762829826       2585.9015004500943                                                 2575.3667646152826                                              10.534735834811954
                      10       1296.4158128138372      0.02323733381400744      0.11590802758919636       68.783136606768608        2.993401288052949       1.0344758477556399     0.049820665052777192     0.089347052803571358   1.9953434582719829e-09       2.1045919762829826       2.1045919762829826       2588.6224416751083                                                 2576.5579535706743                                              12.064488104433984
                       9       1295.4450234245066     0.022936899783706898      0.11684010455844916       68.863145150665531        2.993401288052949       1.0344758477556399     0.048065978191794145     0.071042899473613863   1.9953434582719829e-09       2.1045919762829826       2.1045919762829826       2586.6808628964473                                                 2575.9876935540688                                              10.693169342378656
                       1       1293.0306140907414     0.022881740801551032      0.11627610411479275        68.81181545165974        2.993401288052949       1.0344758477556399     0.051808869078437861     0.058912787045493714   1.9953434582719829e-09       2.1045919762829826       2.1045919762829826       2581.8520442289168                                                 2571.0217605874045                                              10.830283641512361
                       1       1293.5182635818835     0.022881740801551032      0.11627610411479275        68.81181545165974       2.9940526767908846       1.0418640590591195     0.051808869078437861     0.058912787045493714   1.9966436259403308e-09       2.1045919762829826       2.1045919762829826        2582.827343211201                                                 2571.9970595696886                                              10.830283641512361
                      10       1293.5234119936717     0.022882584980229444      0.11619637555946852       68.847711080849706       2.9940526767908846       1.0418640590591195     0.051737189537549556     0.060435618212577223   1.9966436259403308e-09       2.1045919762829826       2.1045919762829826       2582.8376400347775                                                 2572.1276207784422                                              10.710019256335073
                       1       1292.8664925801918     0.022882584980229444      0.11619637555946852       68.847711080849706       3.0055344103611645       1.0196593927630497     0.051737189537549556     0.060435618212577223   2.0197006702070858e-09       2.1045919762829826       2.1045919762829826       2581.5238012078175                                                 2570.8137819514823                                              10.710019256335073
                       5       1292.8275856482981     0.022881135161958839      0.11619294563144569       68.838499739756216       3.0055344103611645       1.0196593927630497     0.051704026332019641     0.060295816984771593   2.0197006702070858e-09       2.1045919762829826       2.1045919762829826       2581.4459873440301                                                 2570.7119492220277                                              10.734038122002561
                      18       1292.5726122999276     0.022881135161958839      0.11619294563144569       68.838499739756216       3.0055221056968162       1.0212548791431091     0.051704026332019641     0.060295816984771593   2.0196758186211501e-09       2.1045919762829826       2.1045919762829826       2580.9360406472892                                                 2570.2020025252868                                              10.734038122002561
                       3       1292.5416036526399      0.02288394167544917      0.11615749257317176       68.827674678320591       3.0055221056968162       1.0212548791431091     0.051799285958077861     0.060623085016733261   2.0196758186211501e-09       2.1045919762829826       2.1045919762829826       2580.8740233527137                                                 2570.1012325595093                                              10.772790793204235
                      22       1293.5728751061345     0.022907658469232626      0.11647531994963067        68.69401963944118       3.0055221056968162       1.0212548791431091      0.05375530691253011     0.037714008615467427   2.0196758186211501e-09       2.1045919762829826       2.1045919762829826       2582.9365662597029                                                 2571.1137658281887                                               11.82280043151432
                       4       1293.6631149743446     0.022861092430148645      0.11654983038744139       68.713502847601731       3.0055221056968162       1.0212548791431091      0.05413124632240271     0.026249199482810306   2.0196758186211501e-09       2.1045919762829826       2.1045919762829826       2583.1170459961231                                                 2571.4689502389842                                              11.648095757138991
                      32       1293.3820054304913     0.022890945572051669      0.11664010974163749       68.708930277869314       3.0055221056968162       1.0212548791431091     0.053535776400138353      0.02622861674057074   2.0196758186211501e-09       2.1045919762829826       2.1045919762829826       2582.5548269084165                                                 2570.7195208138505                                              11.835306094566036
                      21       1293.8014083037556     0.022962198918052998      0.11614464318473486       68.889344897661744       3.0055221056968162       1.0212548791431091     0.053900622050732962     0.025948305282683052   2.0196758186211501e-09       2.1045919762829826       2.1045919762829826       2583.3936326549451                                                 2572.2137927564318                                              11.179839898513528
                      20       1293.5177092557628     0.022962198918052998      0.11614464318473486       68.889344897661744       3.0075814911707117       1.0205718570844782     0.053900622050732962     0.025948305282683052   2.0238393953972616e-09       2.1045919762829826       2.1045919762829826       2582.8262345589596                                                 2571.6463946604463                                              11.179839898513528
                       3        1293.440082799302     0.022962198918052998      0.11614464318473486       68.889344897661744       3.0079155607331987       1.0210587291677384     0.053900622050732962     0.025948305282683052    2.024515611483943e-09       2.1045919762829826       2.1045919762829826       2582.6709816460379                                                 2571.4911417475246                                              11.179839898513528
                       7       1293.4334726302636     0.022962315614951774      0.11614485775590815       68.889829659566374       3.0079155607331987       1.0210587291677384     0.053886809337218143     0.025961946070870788    2.024515611483943e-09       2.1045919762829826       2.1045919762829826       2582.6577613079612                                                 2571.4796607170506                                              11.178100590910766
                       5       1292.3045705387606     0.022916304821938578      0.11604255473266457        68.98042493918453       3.0079155607331987       1.0210587291677384     0.052922776646395754     0.037191113997653791    2.024515611483943e-09       2.1045919762829826       2.1045919762829826       2580.3999571249551                                                 2569.6789815656803                                              10.720975559274686
                       7       1292.3333509359284     0.022916304821938578      0.11604255473266457        68.98042493918453       3.0079332026836663       1.0205974919899503     0.052922776646395754     0.037191113997653791    2.024551328203137e-09       2.1045919762829826       2.1045919762829826       2580.4575179192907                                                 2569.7365423600158                                              10.720975559274686
                      39       1292.3809210361057     0.022916304821938578      0.11604255473266457        68.98042493918453       3.0069736825316933       1.0208116440104364     0.052922776646395754     0.037191113997653791   2.0226096620878759e-09       2.1045919762829826       2.1045919762829826       2580.5526581196455                                                 2569.8316825603706                                              10.720975559274686
                       2       1293.2526879583043     0.022916304821938578      0.11604255473266457        68.98042493918453       3.0103160040687071       1.0137916645563825     0.052922776646395754     0.037191113997653791   2.0293811839202891e-09       2.1045919762829826       2.1045919762829826       2582.2961919640425                                                 2571.5752164047676                                              10.720975559274686
                      10       1295.9582216029989     0.023019412745687862      0.11606775155474894       68.840858924849726       3.0103160040687071       1.0137916645563825     0.055571735967757753     0.039899716971122226   2.0293811839202891e-09       2.1045919762829826       2.1045919762829826       2587.7072592534319                                                    2576.2758287151                                              11.431430538331885
                      19       1293.8597004443591     0.023019412745687862      0.11606775155474894       68.840858924849726       3.0112668646372103        1.019870589670073     0.055571735967757753     0.039899716971122226   2.0313117601755001e-09       2.1045919762829826       2.1045919762829826       2583.5102169361521                                                 2572.0787863978203                                              11.431430538331885
                      31       1293.0499528722385     0.023106164604825504      0.11700580278974065       68.800720089056341       3.0112668646372103        1.019870589670073     0.054047080477752169     0.034177654725967968   2.0313117601755001e-09       2.1045919762829826       2.1045919762829826       2581.8907217919109                                                 2569.6205976869919                                              12.270124104919034
                      32       1293.5576665723511     0.023127252544766611      0.11713018042908328       68.845109361983489       3.0112668646372103        1.019870589670073      0.05557985525889713     0.020360849767276614   2.0313117601755001e-09       2.1045919762829826       2.1045919762829826       2582.9061491921361                                                 2570.5924921210099                                              12.313657071126366
                      12       1293.5440888367591     0.023126830038117233      0.11715956121815532       68.845506834343112       3.0112668646372103        1.019870589670073     0.055610250968881961     0.020469654156531732   2.0313117601755001e-09       2.1045919762829826       2.1045919762829826       2582.8789937209522                                                 2570.5694195581154                                               12.30957416283656
                       6       1293.8745536569243     0.022971057310212047      0.11812235239157315       68.639860694425565       3.0112668646372103        1.019870589670073     0.051668730907224431     0.028264008033398139   2.0313117601755001e-09       2.1045919762829826       2.1045919762829826       2583.5399233612825                                                 2570.3213582751855                                              13.218565086096811
                       5       1293.5601443971702     0.022912073301828005      0.11670703026555374       68.779684913664397       3.0112668646372103        1.019870589670073     0.051359878885357625     0.026350302157776884   2.0313117601755001e-09       2.1045919762829826       2.1045919762829826       2582.9111048417744                                                 2571.4162845346523                                              11.494820307121973
                       2       1294.2756247708094     0.022912073301828005      0.11670703026555374       68.779684913664397       2.9896823893124225       1.0343411247141014     0.051359878885357625     0.026350302157776884   1.9879367589168964e-09       2.1045919762829826       2.1045919762829826       2584.3420655890527                                                 2572.8472452819306                                              11.494820307121973
                      26       1293.4764881642052     0.022906825447799428      0.11640941266842947       68.760910383654505       2.9896823893124225       1.0343411247141014     0.048950208001937966     0.039576213210374973   1.9879367589168964e-09       2.1045919762829826       2.1045919762829826       2582.7437923758444                                                 2571.3649235467897                                              11.378868829054616
                       9        1294.534655159388     0.022770325054495794      0.11654004986388058       68.770998931230423       2.9896823893124225       1.0343411247141014     0.044941784130936968     0.048724137035971761   1.9879367589168964e-09       2.1045919762829826       2.1045919762829826       2584.8601263662099                                                 2574.1095477197659                                              10.750578646444154
                      20        1294.585332092835      0.02276462403994171      0.11654265771604799       68.777794064775804       2.9896823893124225       1.0343411247141014     0.044886931576828805     0.049353774515801883   1.9879367589168964e-09       2.1045919762829826       2.1045919762829826       2584.9614802331039                                                 2574.2539116081571                                               10.70756862494682
                      11       1293.5683867841881     0.022704077539437182      0.11650099282034462       68.682622095290782       2.9896823893124225       1.0343411247141014     0.046500179392102221     0.061525913051171006   1.9879367589168964e-09       2.1045919762829826       2.1045919762829826       2582.9275896158101                                                 2572.1674384571129                                              10.760151158697306
                      29       1293.6172624659239     0.022704077539437182      0.11650099282034462       68.682622095290782       2.9921951238221141       1.0314421673080947     0.046500179392102221     0.061525913051171006    1.992938197225909e-09       2.1045919762829826       2.1045919762829826       2583.0253409792817                                                 2572.2651898205845                                              10.760151158697306
                      15       1293.6506418831214     0.022690639542101178      0.11638611297255447       68.619662254634534       2.9921951238221141       1.0314421673080947     0.046264720467043975     0.061798951662534088    1.992938197225909e-09       2.1045919762829826       2.1045919762829826       2583.0920998136767                                                 2572.1225653259517                                              10.969534487725076
                      24        1293.684576282142     0.022688511785913881      0.11618748730316295       68.628647298873645       2.9921951238221141       1.0314421673080947     0.046349120038395537     0.064282726167151416    1.992938197225909e-09       2.1045919762829826       2.1045919762829826       2583.1599686117179                                                 2572.2736694160635                                              10.886299195654146
                      23       1293.7283314312338     0.022688511785913881      0.11618748730316295       68.628647298873645       2.9924713554074884        1.031272636928291     0.046349120038395537     0.064282726167151416   1.9934887857451509e-09       2.1045919762829826       2.1045919762829826       2583.2474789099015                                                 2572.3611797142471                                              10.886299195654146
                      29        1294.306488413546     0.022720639653467604      0.11648816731368973       68.640865459404864       2.9924713554074884        1.031272636928291     0.045558876987976921     0.063548276738624426   1.9934887857451509e-09       2.1045919762829826       2.1045919762829826       2584.4037928745261                                                 2573.4371607251351                                              10.966632149391183
                      15       1294.0094966088704     0.022747438784472031       0.1167933868911999       68.491332446614379       2.9924713554074884        1.031272636928291     0.046258075220630662     0.064587018051910416   1.9934887857451509e-09       2.1045919762829826       2.1045919762829826       2583.8098092651749                                                 2571.7458454870521                                              12.063963778122583
                       7       1293.9190770635366     0.022747438784472031       0.1167933868911999       68.491332446614379       2.9898842960266134       1.0271894721227095     0.046258075220630662     0.064587018051910416   1.9883381772190704e-09       2.1045919762829826       2.1045919762829826       2583.6289701745072                                                 2571.5650063963844                                              12.063963778122583
                       3       1294.0622999321934     0.022754439036781506      0.11688582247550172        68.50033947125651       2.9898842960266134       1.0271894721227095     0.046122141765213065     0.065125080596305202   1.9883381772190704e-09       2.1045919762829826       2.1045919762829826       2583.9154159118207                                                 2571.8669069766565                                              12.048508935164342
                       1       1293.8206631192302     0.022835836940355892      0.11677219319538301       68.619366586506402       2.9898842960266134       1.0271894721227095     0.047054734251446621     0.058376660890698366   1.9883381772190704e-09       2.1045919762829826       2.1045919762829826       2583.4321422858943                                                 2571.7463495693137                                              11.685792716580783
                       1       1295.4597272082594     0.022835836940355892      0.11677219319538301       68.619366586506402       2.9870425266658325       1.0260640178100786     0.047054734251446621     0.058376660890698366   1.9826957996731504e-09       2.1045919762829826       2.1045919762829826       2586.7102704639528                                                 2575.0244777473722                                              11.685792716580783
                       4       1293.8541392848203     0.022835836940355892      0.11677219319538301       68.619366586506402       2.9951532998427752       1.0209440972482662     0.047054734251446621     0.058376660890698366   1.9988423877234436e-09       2.1045919762829826       2.1045919762829826       2583.4990946170747                                                  2571.813301900494                                              11.685792716580783
                      33       1293.9407454008385     0.022835836940355892      0.11677219319538301       68.619366586506402       2.9950800775242192       1.0206851773696615     0.047054734251446621     0.058376660890698366   1.9986960332076605e-09       2.1045919762829826       2.1045919762829826        2583.672306849111                                                 2571.9865141325304                                              11.685792716580783
                       9       1293.9164849744366     0.022832635762066063      0.11679347057302557       68.609302384068826       2.9950800775242192       1.0206851773696615     0.046592006233054463      0.06004257678391673   1.9986960332076605e-09       2.1045919762829826       2.1045919762829826       2583.6237859963071                                                 2571.9050145904835                                              11.718771405823491
                       7       1293.5687366552306     0.022832635762066063      0.11679347057302557       68.609302384068826         2.99744546671297       1.0228776295253426     0.046592006233054463      0.06004257678391673    2.003429323025568e-09       2.1045919762829826       2.1045919762829826       2582.9282893578952                                                 2571.2095179520716                                              11.718771405823491
                       2       1293.5778844188419     0.022832635762066063      0.11679347057302557       68.609302384068826       2.9970847655004333       1.0231302168973386     0.046592006233054463      0.06004257678391673   2.0027068139523038e-09       2.1045919762829826       2.1045919762829826       2582.9465848851178                                                 2571.2278134792941                                              11.718771405823491
                       1       1293.5404635333284     0.022834489871751878      0.11678802354694581       68.611398546631264       2.9970847655004333       1.0231302168973386     0.046585415130810555     0.060045610017658263   2.0027068139523038e-09       2.1045919762829826       2.1045919762829826       2582.8717431140908                                                 2571.1590615521077                                              11.712681561982953
                       1       1295.2714513584235     0.022834489871751878      0.11678802354694581       68.611398546631264       2.9910298778260316         1.02096858337161     0.046585415130810555     0.060045610017658263    1.990617286449757e-09       2.1045919762829826       2.1045919762829826        2586.333718764281                                                 2574.6210372022979                                              11.712681561982953
                       6       1296.1488675298012     0.022824212381788788      0.11676996989704899       68.664227270048855       2.9910298778260316         1.02096858337161     0.047038717053489908     0.062170399952633799    1.990617286449757e-09       2.1045919762829826       2.1045919762829826       2588.0885511070364                                                 2576.7915749044291                                              11.296976202607379
                      10       1296.2387287436534     0.022825583111621563      0.11678360668381429       68.669494052005476       2.9910298778260316         1.02096858337161     0.047018587282407889     0.062475194450258877    1.990617286449757e-09       2.1045919762829826       2.1045919762829826       2588.2682735347407                                                 2576.9975415340814                                              11.270732000659491
                       6       1293.7791787504391     0.022825583111621563      0.11678360668381429       68.669494052005476       2.9976864610074077       1.0253623000023409     0.047018587282407889     0.062475194450258877   2.0039121962442342e-09       2.1045919762829826       2.1045919762829826       2583.3491735483121                                                 2572.0784415476528                                              11.270732000659491
                      18        1293.053074773132     0.022797603962133855         0.11669681915877        68.60159208260086       2.9976864610074077       1.0253623000023409     0.047900062486504656     0.056082904443670797   2.0039121962442342e-09       2.1045919762829826       2.1045919762829826        2581.896965593698                                                 2570.2632613569535                                              11.633704236744322
                      21       1292.9825562933231     0.022775156895535574      0.11652392948762862       68.642176894515174       2.9976864610074077       1.0253623000023409     0.048052935702223958     0.059657649193986965   2.0039121962442342e-09       2.1045919762829826       2.1045919762829826       2581.7559286340802                                                 2570.5405732551894                                              11.215355378890953
                      20       1294.7294131007875     0.022775156895535574      0.11652392948762862       68.642176894515174       3.0062905462626874       1.0211824658562467     0.048052935702223958     0.059657649193986965   2.0212284159130578e-09       2.1045919762829826       2.1045919762829826        2585.249642249009                                                 2574.0342868701182                                              11.215355378890953
                       1       1292.7788041934562     0.022868308008158669      0.11724190078726147       68.611977746535345       3.0062905462626874       1.0211824658562467     0.052619628331924295     0.021549190733799496   2.0212284159130578e-09       2.1045919762829826       2.1045919762829826       2581.3484244343463                                                 2568.7099980252733                                              12.638426409072787
                       3         1293.07930511159     0.022837732850097617      0.11671720149393532       68.947550240957028       3.0062905462626874       1.0211824658562467     0.054398288665912543     0.015863210450626351   2.0212284159130578e-09       2.1045919762829826       2.1045919762829826       2581.9494262706139                                                 2571.2468585857955                                              10.702567684818575
                      10       1291.8869228271956     0.022837732850097617      0.11671720149393532       68.947550240957028       3.0154587759018816       1.0191659508272146     0.054398288665912543     0.015863210450626351   2.0398447110162484e-09       2.1045919762829826       2.1045919762829826       2579.5646617018251                                                 2568.8620940170067                                              10.702567684818575
                       4       1292.0291405766202     0.022837732850097617      0.11671720149393532       68.947550240957028       3.0128308403001745       1.0252894280947336     0.054398288665912543     0.015863210450626351   2.0344911679424181e-09       2.1045919762829826       2.1045919762829826       2579.8490972006744                                                 2569.1465295158559                                              10.702567684818575
                       6       1292.9015158748714     0.022859740504580978      0.11686938325078206       69.012929331137897       3.0128308403001745       1.0252894280947336     0.053143399222798586     0.014037339707560392   2.0344911679424181e-09       2.1045919762829826       2.1045919762829826       2581.5938477971767                                                 2570.9779891246949                                              10.615858672481684
                      29       1292.3388247833172     0.022877185591039319      0.11685018078806059       69.012244840169728       3.0128308403001745       1.0252894280947336     0.053860766997309815      0.01330213577693346   2.0344911679424181e-09       2.1045919762829826       2.1045919762829826       2580.4684656140685                                                 2569.8152060346479                                              10.653259579420569
                      38       1292.7469437093646       0.0229092897535195      0.11646543700628219         69.0771519708629       3.0128308403001745       1.0252894280947336     0.054157860524753243    0.0051436501100748429   2.0344911679424181e-09       2.1045919762829826       2.1045919762829826       2581.2847034661631                                                 2570.5300807717417                                              10.754622694421368
                       5       1292.4078495034751     0.023003724239388807      0.11732646559464296       68.897884261391837       3.0128308403001745       1.0252894280947336      0.05770915644235608    0.0060622726992427605   2.0344911679424181e-09       2.1045919762829826       2.1045919762829826       2580.6065150543841                                                 2569.0648045901207                                              11.541710464263357
                      12       1292.5527005849999     0.023003109569578711      0.11748101294299126       68.905142629580439       3.0128308403001745       1.0252894280947336     0.057703581532617169     0.004774308559209451   2.0344911679424181e-09       2.1045919762829826       2.1045919762829826       2580.8962172174338                                                 2569.3745775186339                                              11.521639698800042
                      21       1293.1696972858654     0.023003109569578711      0.11748101294299126       68.905142629580439       3.0111840909279128       1.0251815999336256     0.057703581532617169     0.004774308559209451   2.0311436279249317e-09       2.1045919762829826       2.1045919762829826       2582.1302106191647                                                 2570.6085709203649                                              11.521639698800042
                       2       1293.4714001651648      0.02298213126845081      0.11751497257526973       68.880941215075538       3.0111840909279128       1.0251815999336256     0.058064877537480679    0.0053833306755976156   2.0311436279249317e-09       2.1045919762829826       2.1045919762829826       2582.7336163777636                                                 2571.1690812035863                                              11.564535174177351
                      34       1292.3831868413806      0.02298213126845081      0.11751497257526973       68.880941215075538       3.0155161071381862       1.0232450409413361     0.058064877537480679    0.0053833306755976156   2.0399616611878169e-09       2.1045919762829826       2.1045919762829826       2580.5571897301952                                                 2568.9926545560179                                              11.564535174177351
                       5       1292.9601164173175     0.022998252271744624      0.11736799921588857       68.858464290630408       3.0155161071381862       1.0232450409413361     0.059150603234944026    0.0054833409776839466   2.0399616611878169e-09       2.1045919762829826       2.1045919762829826        2581.711048882069                                                 2569.9370942327287                                               11.77395464934026
                      33        1293.582621166139     0.023010537132706274      0.11695007298788987       68.857614893317816       3.0155161071381862       1.0232450409413361     0.059843684343425609     0.009674119134652194   2.0399616611878169e-09       2.1045919762829826       2.1045919762829826        2582.956058379712                                                 2571.2027547037537                                              11.753303675958117
                      16       1293.7550553813667     0.022975803652239727       0.1168322604859489       68.860346700974318       3.0155161071381862       1.0232450409413361     0.060376286285465298     0.024935580408547882   2.0399616611878169e-09       2.1045919762829826       2.1045919762829826       2583.3009268101673                                                 2571.9514627701437                                               11.34946404002347
                       9       1293.1038607369824     0.022975803652239727       0.1168322604859489       68.860346700974318       3.0163099852674646       1.0241983053894033     0.060376286285465298     0.024935580408547882   2.0415817851405978e-09       2.1045919762829826       2.1045919762829826       2581.9985375213987                                                 2570.6490734813751                                               11.34946404002347
                      14       1292.2380000655489     0.022967978220280492      0.11699101609703622       68.788044005390049       3.0163099852674646       1.0241983053894033      0.05841663152984531     0.027659982881663804   2.0415817851405978e-09       2.1045919762829826       2.1045919762829826       2580.2668161785318                                                 2568.5562159183442                                                11.7106002601877
                       1       1292.5512368903812      0.02296139882823937      0.11682547538603627       68.742097362069501       3.0163099852674646       1.0241983053894033      0.05803894932944783     0.029820908848527599   2.0415817851405978e-09       2.1045919762829826       2.1045919762829826       2580.8932898281964                                                 2568.9548476739274                                              11.938442154269266
                      16       1292.7771772477186     0.022939424768240582      0.11693974377948568       68.734086756159854       3.0163099852674646       1.0241983053894033      0.05653570065306935     0.023556313954791151   2.0415817851405978e-09       2.1045919762829826       2.1045919762829826       2581.3451705428711                                                  2569.351552220025                                              11.993618322845972
                       1       1295.2315230888482     0.022916414660682744      0.11843327604531324       68.577907843310996       3.0163099852674646       1.0241983053894033     0.058157175876226513      0.02802861885412335   2.0415817851405978e-09       2.1045919762829826       2.1045919762829826       2586.2538622251304                                                 2572.6644157657606                                               13.58944645936978
                      28       1293.8864204437384     0.022765331659416008      0.11790352871227477       68.249515382411175       3.0163099852674646       1.0241983053894033     0.057955780003535552     0.029691455969650112   2.0415817851405978e-09       2.1045919762829826       2.1045919762829826       2583.5636569349108                                                 2567.4571518597445                                              16.106505075166353
                      12       1295.7237090957003     0.022824164868254893      0.11855737899124956       68.235419333561282       3.0163099852674646       1.0241983053894033     0.053806456788962558     0.022717176835240525   2.0415817851405978e-09       2.1045919762829826       2.1045919762829826       2587.2382342388346                                                 2569.6731833737758                                              17.565050865058915
                      17        1295.283467728719     0.022888297081308108      0.11877157717229837       68.242359800835885       3.0163099852674646       1.0241983053894033     0.056233113753536505     0.031321781165635658   2.0415817851405978e-09       2.1045919762829826       2.1045919762829826       2586.3577515048719                                                 2568.2596057421961                                              18.098145762675831
                       9       1295.3970717666109     0.022888297081308108      0.11877157717229837       68.242359800835885       3.0136638932493467       1.0270828958199991     0.056233113753536505     0.031321781165635658   2.0361867129512665e-09       2.1045919762829826       2.1045919762829826       2586.5849595806558                                                   2568.48681381798                                              18.098145762675831
                      19       1295.3093279904404     0.022900914117631118      0.11857328236173617       68.218206634111297       3.0136638932493467       1.0270828958199991     0.056946991129738937     0.033656500992661501   2.0361867129512665e-09       2.1045919762829826       2.1045919762829826       2586.4094720283147                                                  2567.962274066796                                              18.447197961518576
                      14       1296.9052739688507     0.022900914117631118      0.11857328236173617       68.218206634111297       3.0287907561829956       1.0173978843399822     0.056946991129738937     0.033656500992661501   2.0672219715231362e-09       2.1045919762829826       2.1045919762829826       2589.6013639851353                                                 2571.1541660236167                                              18.447197961518576
                       1       1297.2089126446815     0.023006913594647425      0.11898929834510395       68.440936455065753       3.0287907561829956       1.0173978843399822     0.057295674699234182     0.033294896374063042   2.0672219715231362e-09       2.1045919762829826       2.1045919762829826        2590.208641336797                                                 2573.8572310085347                                              16.351410328262197
                       8       1297.4951282443383     0.022994053471879213      0.11910066940181611       68.456555848622813       3.0287907561829956       1.0173978843399822     0.057346590817548435     0.030623018888214022   2.0672219715231362e-09       2.1045919762829826       2.1045919762829826       2590.7810725361105                                                 2574.6517675914592                                              16.129304944651238
                      19       1297.0753308095698     0.022994053471879213      0.11910066940181611       68.456555848622813       3.0275873801921742       1.0154327192845549     0.057346590817548435     0.030623018888214022   2.0647358224209952e-09       2.1045919762829826       2.1045919762829826       2589.9414776665735                                                 2573.8121727219223                                              16.129304944651238
                      10       1297.7235024897693     0.022994053471879213      0.11910066940181611       68.456555848622813       3.0133046454760661       1.0335123020852659     0.057346590817548435     0.030623018888214022   2.0354553487869951e-09       2.1045919762829826       2.1045919762829826       2591.2378210269726                                                 2575.1085160823213                                              16.129304944651238
                      12       1297.7131051937124     0.023066993262168878      0.11878258551433923       68.366455378862312       3.0133046454760661       1.0335123020852659     0.060580370914217793     0.030603397747590754   2.0354553487869951e-09       2.1045919762829826       2.1045919762829826       2591.2170264348588                                                  2573.081572745275                                              18.135453689583599
                       3       1293.3134820132063     0.022671250641687766      0.11795809325033922       68.491375440335545       3.0133046454760661       1.0335123020852659     0.059755106063462196     0.022307737696561698   2.0354553487869951e-09       2.1045919762829826       2.1045919762829826       2582.4177800738466                                                 2569.7891718151341                                              12.628608258712687
                      21       1294.0588615775221     0.022686753676041744      0.11800046892888001       68.325046171114678       3.0133046454760661       1.0335123020852659     0.061114596282827699     0.011834309235994746   2.0354553487869951e-09       2.1045919762829826       2.1045919762829826       2583.9085392024781                                                 2569.1040152877899                                              14.804523914687998
                       8       1294.8061805726111     0.022727374422075456      0.11660656714318875       68.480691153707937       3.0133046454760661       1.0335123020852659     0.063216340134129217     0.042834684465377734   2.0354553487869951e-09       2.1045919762829826       2.1045919762829826       2585.4031771926561                                                 2573.0588193644339                                              12.344357828222414
                       2       1292.2675151986036     0.022807971270169817      0.11676621816085865       68.823451312126423       3.0133046454760661       1.0335123020852659     0.058537779786230884     0.045158124646358912   2.0354553487869951e-09       2.1045919762829826       2.1045919762829826       2580.3258464446412                                                 2569.6180529738035                                              10.707793470837622
                      11        1293.355146550135     0.022945742631833431      0.11701421448811568       68.810133338914156       3.0133046454760661       1.0335123020852659     0.061776190294330076     0.020012189371095328   2.0354553487869951e-09       2.1045919762829826       2.1045919762829826        2582.501109147704                                                 2570.9217942716982                                              11.579314876005968
                       1       1294.6865775846275     0.022945742631833431      0.11701421448811568       68.810133338914156       3.0119557541052289       1.0305852848851831     0.061776190294330076     0.020012189371095328   2.0327115915625375e-09       2.1045919762829826       2.1045919762829826       2585.1639712166889                                                 2573.5846563406831                                              11.579314876005968
                       8        1295.915989596384     0.022978499105636745      0.11681462883837254       68.846299592108807       3.0119557541052289       1.0305852848851831     0.062639361552596015     0.010721405856556733   2.0327115915625375e-09       2.1045919762829826       2.1045919762829826       2587.6227952402019                                                 2575.9749441467311                                              11.647851093470695
                       2       1295.7286187085697     0.022978499105636745      0.11681462883837254       68.846299592108807       3.0300426465419474       1.0279962742059892     0.062639361552596015     0.010721405856556733   2.0698115273608905e-09       2.1045919762829826       2.1045919762829826       2587.2480534645733                                                 2575.6002023711026                                              11.647851093470695
                      10       1293.2452704933676     0.022928865671423281      0.11736390079742856       68.748377976003226       3.0300426465419474       1.0279962742059892     0.063544734572228811     0.028990588639577354   2.0698115273608905e-09       2.1045919762829826       2.1045919762829826       2582.2813570341691                                                 2570.4752009427125                                              11.806156091456657
                      11       1293.1972311578215     0.022928865671423281      0.11736390079742856       68.748377976003226       3.0257057314534399       1.0232177892469692     0.063544734572228811     0.028990588639577354    2.060854367777258e-09       2.1045919762829826       2.1045919762829826        2582.185278363077                                                 2570.3791222716204                                              11.806156091456657
                      11       1292.9281327056265     0.022928865671423281      0.11736390079742856       68.748377976003226       3.0243443664755794       1.0318727222545117     0.063544734572228811     0.028990588639577354   2.0580507016559351e-09       2.1045919762829826       2.1045919762829826       2581.6470814586869                                                 2569.8409253672303                                              11.806156091456657
                       3       1295.0148589099683     0.022928865671423281      0.11736390079742856       68.748377976003226       3.0478960450446904       1.0007424978199706     0.063544734572228811     0.028990588639577354    2.107096539112205e-09       2.1045919762829826       2.1045919762829826       2585.8205338673706                                                  2574.014377775914                                              11.806156091456657
                       2       1294.9543213325737     0.022926915447887154       0.1174866445767097       68.740818068525741       3.0478960450446904       1.0007424978199706     0.063011771093393204     0.023720560809874745    2.107096539112205e-09       2.1045919762829826       2.1045919762829826       2585.6994587125814                                                 2573.7459340838673                                              11.953524628714167
                       5       1295.4820593397058     0.022926915447887154       0.1174866445767097       68.740818068525741       3.0497487736730551       1.0016367255014573     0.063011771093393204     0.023720560809874745   2.1110040358407333e-09       2.1045919762829826       2.1045919762829826       2586.7549347268455                                                 2574.8014100981313                                              11.953524628714167
                      23       1293.7899087207647     0.022926915447887154       0.1174866445767097       68.740818068525741       3.0380540907453732       1.0076942079268909     0.063011771093393204     0.023720560809874745   2.0864603082659604e-09       2.1045919762829826       2.1045919762829826       2583.3706334889634                                                 2571.4171088602493                                              11.953524628714167
                       7       1294.3329374888374     0.022834776415753561       0.1173623120942516       68.486662265853624       3.0380540907453732       1.0076942079268909     0.061758782754087541     0.025680394594106145   2.0864603082659604e-09       2.1045919762829826       2.1045919762829826       2584.4566910251087                                                 2570.8766337877169                                               13.58005723739176
                      26       1294.2275320779447     0.022834776415753561       0.1173623120942516       68.486662265853624       3.0308751185407594       1.0111423580145948     0.061758782754087541     0.025680394594106145   2.0715353048989534e-09       2.1045919762829826       2.1045919762829826       2584.2458802033234                                                 2570.6658229659315                                               13.58005723739176
                      13       1294.3429544307476     0.022828392853574984      0.11573122720109701       69.203796768381636       3.0308751185407594       1.0111423580145948       0.0609702903078932     0.040659310844951016   2.0715353048989534e-09       2.1045919762829826       2.1045919762829826       2584.4767249089291                                                 2573.3222585006397                                              11.154466408289185
                      20       1294.4945850958591     0.022738200073397049      0.11583106609738907       69.057483866060394       3.0308751185407594       1.0111423580145948     0.058768959621508486     0.043603870205770036   2.0715353048989534e-09       2.1045919762829826       2.1045919762829826       2584.7799862391521                                                 2573.9986008858841                                              10.781385353268073
                       4       1295.0186686250868     0.022729867326549989      0.11567431649276504       69.062036816920482       3.0308751185407594       1.0111423580145948     0.058002741232629933     0.043013418385499345   2.0715353048989534e-09       2.1045919762829826       2.1045919762829826       2585.8281532976075                                                  2574.963185370093                                              10.864967927514551
                       3       1292.8924990243347     0.022729867326549989      0.11567431649276504       69.062036816920482       3.0205042037293017       1.0231045042418943     0.058002741232629933     0.043013418385499345   2.0501626074978574e-09       2.1045919762829826       2.1045919762829826       2581.5758140961034                                                 2570.7108461685889                                              10.864967927514551
                       1       1292.5289699630368     0.022813950238352698      0.11555112046583599       68.945749543416426       3.0205042037293017       1.0231045042418943     0.059311433362371588     0.053147896258109922   2.0501626074978574e-09       2.1045919762829826       2.1045919762829826       2580.8487559735077                                                  2570.198504335955                                              10.650251637552648
