#                 weight             minuslogpost                 omegabh2                 omegach2                       H0                     logA                       ns                      tau               mnu_sample                 A_planck               TT_tSZ_Amp               TT_kSZ_Amp                       As                      mnu                chi2__CMB            minuslogprior         minuslogprior__0                     chi2 chi2__sbt_spt_audit.likelihoods.candl_cobaya.CandlCobayaLikelihood chi2__sbt_spt_audit.likelihoods.desi_dr2_bao.DESIDR2BAOGaussian chi2__planck_2018_lowl.TT chi2__planck_2018_lowl.EE_sroll2 chi2__planck_2018_highl_plik.TT_lite_native chi2__planckpr4lensing.PlanckPR4Lensing
                       1       1517.0429093659031       0.0226231469330197      0.11662669652316915        68.82866165721758       3.0385689479528986      0.98575341379757264     0.056310523370451629    0.0065566603430754176      0.99865705779542824       2.1154943319669646       9.2962697084359558   2.0875348139786563e-09    0.0065566603430754176       496.80850238689811       5.7934714303969193       5.7934714303969193       3022.4988758710124                                                  2515.090682188933                                              10.599691295181321        20.400844846085761               390.51140852191025                          77.496555049825545                      8.3996939690765622
                       1       1517.2148197255772     0.022559793112242401      0.11619361166656095       68.714720362951951       3.0462567554085189      0.98010155976576285     0.058744560201432129     0.024745342717559255       1.0010847798200839       2.2054151369975501       9.3514872648590899   2.1036452272160214e-09     0.024745342717559255       493.62513067975158       5.7934714303969193       5.7934714303969193       3022.8426965903604                                                 2518.5988440399765                                              10.618721870632351        20.965800673737363               390.32131039456533                          73.917631255111317                       8.420388356337563
                       2       1519.4964368237252     0.022559793112242401      0.11619361166656095       68.714720362951951       3.0462567554085189      0.98010155976576285     0.058744560201432129     0.024745342717559255      0.99858415501455866       2.2054151369975501       9.3514872648590899   2.1036452272160214e-09     0.024745342717559255       498.18836487604779       5.7934714303969193       5.7934714303969193       3027.4059307866564                                                 2518.5988440399765                                              10.618721870632351        21.197974443812939               390.32354303668552                          78.470665507644725                      8.1961818879045598
                       6        1519.589923914172     0.022691548815012036      0.11539569363069573       69.055310259500175       3.0422961840000879       0.9820189151488472     0.058787232154960865     0.049086968814221824      0.99701057741122745       2.3017329487704838        9.322393937427794   2.0953300673372474e-09     0.049086968814221824        498.7268480556462       5.7934714303969193       5.7934714303969193       3027.5929049675501                                                 2517.8236718273702                                                11.0423850845342        21.011462727343996                390.2761032817549                          78.592008302596582                      8.8472737439507174
                       4       1521.8759698837887     0.022716504714199857      0.11471462911453677       69.241380693221771       3.0435911833754385      0.98375920604089695     0.060633665853342317      0.07436797164367473      0.99656426780765428       2.4056812143255688       9.3105586844287362   2.0980452761830266e-09      0.07436797164367473       499.70169319808952       5.7934714303969193       5.7934714303969193       3032.1649969067835                                                 2519.9105619552133                                              12.552741753480687        20.830746555723294               390.43180733835572                          78.170747821894111                      10.268391482116392
                       1        1520.692904320354     0.022716504714199857      0.11471462911453677       69.241380693221771       3.0435911833754385      0.98375920604089695     0.060633665853342317      0.07436797164367473      0.99664341557171998        2.364823153598806       9.5832618327153831   2.0980452761830266e-09      0.07436797164367473       499.41900657209624       5.7934714303969193       5.7934714303969193       3029.7988657799142                                                  2517.827117454337                                              12.552741753480687         20.82413935368379               390.42560217730539                          77.855509489318948                      10.313755551788098
                       4       1521.0010733405261     0.023022328436940343      0.11580706627850286       69.144513786930162       3.0496566320555822      0.98530688287427148     0.063067253125590486     0.089828840792845893      0.99510254981187107       2.2826320041554529       9.4433108329748041   2.1108095334753979e-09     0.089828840792845893        498.0234976042247       5.7934714303969193       5.7934714303969193       3030.4152038202583                                                 2521.7535322490439                                              10.638173966989086        20.816665067110421               390.86151531655423                          77.313732760293334                      9.0315844602667514
                       1       1521.3955036151351     0.022983519430895348      0.11497491997262484       69.230778961159871       3.0514591472072516      0.98958330936951122     0.064423325889967645      0.10071527651170961      0.99562943192757059       2.2457520563997146       9.4589583376110973   2.1146177307773557e-09      0.10071527651170961       499.68361975721825       5.7934714303969193       5.7934714303969193       3031.2040643694763                                                 2520.1365760588924                                               11.38386855336549        20.387475189684835               391.15903690980031                          78.483774898167511                      9.6533327595656395
                       1       1518.8608969139932     0.022814385375890627      0.11563128736531578       69.135684052117128       3.0517080237383611      0.98670571663331852      0.06257728855970511     0.055913292175981372      0.99750411878087142       2.1683303468678319       9.5220112663251886   2.1151440749974596e-09     0.055913292175981372       497.58876987521921       5.7934714303969193       5.7934714303969193       3026.1348509671925                                                 2517.5488651071541                                              10.997215984819372        20.587110778248928               390.77287868757702                          77.826107016388278                      8.4026733930049602
                       2       1521.2837230741304     0.022814385375890627      0.11563128736531578       69.135684052117128       3.0517080237383611      0.98670571663331852      0.06257728855970511     0.055913292175981372      0.99730369547847786       2.2819914191824169       8.8231026030028996   2.1151440749974596e-09     0.055913292175981372       498.21256437563744       5.7934714303969193       5.7934714303969193       3030.9805032874669                                                 2521.7707229270104                                              10.997215984819372        20.601799972633785               390.77287868757702                          78.466872049785138                      8.3710136656415219
                       3       1520.8169609044023     0.022814385375890627      0.11563128736531578       69.135684052117128       3.0517080237383611      0.98670571663331852      0.06257728855970511     0.055913292175981372       1.0014966134588412       2.2819914191824169       8.8231026030028996   2.1151440749974596e-09     0.055913292175981372       497.27904003618107       5.7934714303969193       5.7934714303969193       3030.0469789480107                                                 2521.7707229270104                                              10.997215984819372        20.319950663548298               390.85040442395854                          76.399537832765333                         9.7091471159089
                       3       1521.4682221106009     0.022814385375890627      0.11563128736531578       69.135684052117128       3.0517080237383611      0.98670571663331852      0.06257728855970511     0.055913292175981372       1.0015821941813956       2.5855845959044736       8.8331591393821878   2.1151440749974596e-09     0.055913292175981372       497.51856493781099       5.7934714303969193       5.7934714303969193       3031.3495013604079                                                 2522.8337204377772                                              10.997215984819372        20.314785412595711               390.85040442395854                          76.602314882868157                      9.7510602183886057
