#                 weight             minuslogpost                 omegabh2                 omegach2                       H0                     logA                       ns                      tau               mnu_sample                 A_planck               TT_tSZ_Amp               TT_kSZ_Amp                       As                      mnu                chi2__CMB            minuslogprior         minuslogprior__0                     chi2 chi2__sbt_spt_audit.likelihoods.candl_cobaya.CandlCobayaLikelihood chi2__sbt_spt_audit.likelihoods.desi_dr2_bao.DESIDR2BAOGaussian chi2__planck_2018_lowl.TT chi2__planck_2018_lowl.EE_sroll2 chi2__planck_2018_highl_plik.TT_lite_native chi2__planckpr4lensing.PlanckPR4Lensing
                       1       1119.8509848429915     0.022053522981026565      0.11931605846223282       68.027085509195587       3.0282916389179233      0.95656548789066831     0.054228560443760475    0.0059361782700782656       1.0126926219006378       1.8012719977202976       2.5391040524247428   2.0661904427947254e-09    0.0059361782700782656       710.73719900263336       5.7934714303969193       5.7934714303969193        2228.115026825189                                                 1503.4457132122943                                              13.932114610261436        22.471521108963202               390.12707787744216                          273.12880504605192                      25.009794970176049
                       1       1119.6852865261544     0.022050608485780922      0.11928567306553919       68.034192882382655       3.0282984613406905      0.95653339667358217     0.054179049790914327    0.0067292132002648806       1.0127930677267609       1.8012887475762538       2.5474198495539269   2.0662045392675292e-09    0.0067292132002648806       710.80567147488898       5.7934714303969193       5.7934714303969193       2227.7836301915149                                                 1503.1791501425439                                              13.798808574082427        22.473200028819178               390.14422669602925                          272.98458546340015                      25.203659286640299
                       4       1120.2627767474262     0.022050608485780922      0.11928567306553919       68.034192882382655       3.0282984613406905      0.95653339667358217     0.054179049790914327    0.0067292132002648806       1.0127930677267609       1.8394400477567088       2.5042789076016385   2.0662045392675292e-09    0.0067292132002648806       710.80567147488898       5.7934714303969193       5.7934714303969193       2228.9386106340585                                                 1504.3341305850875                                              13.798808574082427        22.473200028819178               390.14422669602925                          272.98458546340015                      25.203659286640299
                       1        1117.230628532089     0.022050608485780922      0.11928567306553919       68.034192882382655       3.0282984613406905      0.95653339667358217     0.054179049790914327    0.0067292132002648806       1.0127930677267609       1.7547230054853795       2.8925526656198386   2.0662045392675292e-09    0.0067292132002648806       710.80567147488898       5.7934714303969193       5.7934714303969193       2222.8743142033841                                                  1498.269834154413                                              13.798808574082427        22.473200028819178               390.14422669602925                          272.98458546340015                      25.203659286640299
                       4       1114.5615430473642     0.022042101506738382      0.11921127887055204       67.919820473714964       3.0298381338579814      0.95613103659916432     0.054610457380767204     0.020628932132451133       1.0132782189045881       1.7551434128783496       2.9005621579647443   2.0693882679325621e-09     0.020628932132451133       710.16026156537782       5.7934714303969193       5.7934714303969193       2217.5361432339346                                                 1492.5601301333977                                              14.815751535159041        22.538284857538372               390.04900788761267                          272.16320393276504                      25.409764887461726
                       5       1106.5290248544716      0.02209845541511396      0.11919254818847469       67.569231733350108       3.0277972642698439      0.96146604009092873     0.055156459902928688     0.057172379742051249       1.0111589128114782       1.7590489518718859       2.5637476592898056   2.0651692230750725e-09     0.057172379742051249       710.19979257303987       5.7934714303969193       5.7934714303969193       2201.4711068481492                                                 1471.1640372996135                                              20.107276975495736        21.614724248926166                390.1671530311832                          271.50615333201364                      26.911761960916831
                       1       1080.1518293434156     0.022119345050102407      0.11754874133232809       68.079315048570166       3.0479628008605166      0.96427035415067874     0.060313521741709564      0.10659806680613729       1.0181098439114287       1.7714807223684004       2.1286865809767654   2.1072372047557709e-09      0.10659806680613729       710.66343147227485       5.7934714303969193       5.7934714303969193       2148.7167158260372                                                 1426.3685121603023                                              11.684772193460523        21.255895985262953               390.60087850062024                          264.18637416485683                      34.620282821534801
                       1       1071.3680837440479     0.022119345050102407      0.11754874133232809       68.079315048570166       3.0479628008605166      0.96427035415067874     0.060313521741709564      0.10659806680613729       1.0173492891015523       1.7714807223684004       2.1286865809767654   2.1072372047557709e-09      0.10659806680613729        693.0959402735391       5.7934714303969193       5.7934714303969193       2131.1492246273019                                                 1426.3685121603023                                              11.684772193460523        21.333105557034287               390.62705839216312                          247.95635934435009                      33.179416979991686
                       1       1073.2446347024281      0.02211576064129565      0.11770539949963736       67.904073568901694       3.0510855259766774      0.96289785678285866     0.061151087142346225      0.12137349461841102       1.0179584689561629       1.7712471302653265       2.1629497761010148   2.1138278122729392e-09      0.12137349461841102       693.20421271298062       5.7934714303969193       5.7934714303969193       2134.9023265440624                                                  1428.642410251191                                              13.055703579890601        21.539976221122572               390.80323183225386                          247.79101640221123                      33.069988257393021
                       5       1069.7749990255998     0.022153238428819794      0.11816361280096986       68.288875315949284       3.0269877200540733      0.96240362807079283     0.049703516001516852     0.052485071466663896       1.0165391950329949        1.770253019567354        2.141353917942125   2.0634980538099194e-09     0.052485071466663896       693.55375025386604       5.7934714303969193       5.7934714303969193       2127.9630551904056                                                 1423.2340063034906                                              11.175298633048939        21.475992468838797               391.61285012955176                          248.11591496513216                      32.348992690343373
                       5       1068.0733487517541     0.022153238428819794      0.11816361280096986       68.288875315949284       3.0269877200540733      0.96240362807079283     0.049703516001516852     0.052485071466663896       1.0165391950329949       1.6719985733521392       2.6015132941764647   2.0634980538099194e-09     0.052485071466663896       693.55375025386604       5.7934714303969193       5.7934714303969193       2124.5597546427143                                                  1419.830705755799                                              11.175298633048939        21.475992468838797               391.61285012955176                          248.11591496513216                      32.348992690343373
                       1       1068.9089269136764     0.022132646391067868      0.11822697754024129       68.177631763206762       3.0267753547423535      0.96286633341677152     0.049758313029172122     0.060767116143508257       1.0162878680915242       1.6719501650275836       2.6205627217296876   2.0630598849300709e-09     0.060767116143508257       693.78912546786808       5.7934714303969193       5.7934714303969193       2126.2309109665589                                                 1420.6906579314539                                              11.751127567237155        21.394510804218498               391.60325645861695                          248.02481416899607                      32.766544036036507
                       2       1041.8477055360806     0.022132646391067868      0.11822697754024129       68.177631763206762       3.0267753547423535      0.96286633341677152     0.049758313029172122     0.060767116143508257       1.0137294948420523       1.6719501650275836       2.6205627217296876   2.0630598849300709e-09     0.060767116143508257       639.66668271267667       5.7934714303969193       5.7934714303969193       2072.1084682113674                                                 1420.6906579314539                                              11.751127567237155        21.669212481724173               391.53395869892336                          198.23241459887171                      28.231096933157442
                       4       1042.1031090716351     0.022131034859112698      0.11822966536582181       68.180362465219687       3.0267344901198374       0.9627874154589563     0.049713953975381552     0.060605749123593247       1.0137573178503871       1.6718558370673859        2.629232259814092   2.0629755804891913e-09     0.060605749123593247       639.75078141325082       5.7934714303969193       5.7934714303969193       2072.6192752824763                                                 1421.1412643717247                                              11.727229497501167        21.680701104829495               391.57526799164248                          198.22715313453304                      28.267659182245755
                       3       1042.3265758409475     0.022131034859112698      0.11822966536582181       68.180362465219687       3.0267344901198374       0.9627874154589563     0.049713953975381552     0.060605749123593247       1.0137573178503871       1.2575359023548718        3.865414498673803   2.0629755804891913e-09     0.060605749123593247       639.75078141325082       5.7934714303969193       5.7934714303969193       2073.0662088211011                                                 1421.5881979103494                                              11.727229497501167        21.680701104829495               391.57526799164248                          198.22715313453304                      28.267659182245755
                       3        1038.495987710216     0.022243024086842027      0.11871488292472296       68.172545056914217       3.0319632266451126      0.96172407785919001     0.051090209962669539     0.054002984456758822       1.0141830005258947        1.259578721825356       3.6015817257230869   2.0737905860249861e-09     0.054002984456758822       637.71432066316163       5.7934714303969193       5.7934714303969193       2065.4050325596381                                                 1414.9921538440906                                              12.698558052385904        21.977427397763961               390.93780990047594                          200.74935079096142                      24.049732573960306
                       1       1035.6983820209368     0.022243024086842027      0.11871488292472296       68.172545056914217       3.0319632266451126      0.96172407785919001     0.051090209962669539     0.054002984456758822       1.0141830005258947       1.1151132530373533       3.1430950375169253   2.0737905860249861e-09     0.054002984456758822       637.71432066316163       5.7934714303969193       5.7934714303969193       2059.8098211810798                                                 1409.3969424655322                                              12.698558052385904        21.977427397763961               390.93780990047594                          200.74935079096142                      24.049732573960306
                       8       1035.6281709596033     0.022243024086842027      0.11871488292472296       68.172545056914217       3.0319632266451126      0.96172407785919001     0.051090209962669539     0.054002984456758822       1.0141830005258947       1.3325076761141263       2.6528170056283735   2.0737905860249861e-09     0.054002984456758822       637.71432066316163       5.7934714303969193       5.7934714303969193       2059.6693990584126                                                 1409.2565203428653                                              12.698558052385904        21.977427397763961               390.93780990047594                          200.74935079096142                      24.049732573960306
                       1        1035.863938320093     0.022243024086842027      0.11871488292472296       68.172545056914217       3.0319632266451126      0.96172407785919001     0.051090209962669539     0.054002984456758822       1.0141830005258947        1.454731742318113       2.7550483549601803   2.0737905860249861e-09     0.054002984456758822       637.71432066316163       5.7934714303969193       5.7934714303969193       2060.1409337793921                                                 1409.7280550638445                                              12.698558052385904        21.977427397763961               390.93780990047594                          200.74935079096142                      24.049732573960306
                       2       1035.5086566282976     0.022214727878255066      0.11865026431534484       68.166496375279053       3.0304047325118457      0.96154373911567947     0.050302964973076784      0.05199956613374436       1.0143596403612061       1.4546710847598727       2.7967188654919624   2.0705611127742725e-09      0.05199956613374436       638.01179667853285       5.7934714303969193       5.7934714303969193       2059.4303703958012                                                  1408.845734782881                                              12.572838934387631         21.96845331169817               391.22984234313708                          200.25839827639911                       24.55510274729853
                       5       1037.6709774772553     0.022173255628255371       0.1188553522078567       68.160466517135049       3.0289240488125575      0.96286899969977546     0.050113830490130601     0.043945274321589081       1.0135198568739663       1.4542159383678237       2.8275210941501738   2.0674975353405131e-09     0.043945274321589081       638.28477104841863       5.7934714303969193       5.7934714303969193       2063.7550120937167                                                 1412.8803211158679                                              12.589919929430083        21.751426512559306               391.37069531896259                          201.51329247115919                      23.649356745737578
                       4       1035.5927279987231     0.022266393960555332      0.11907843404536059       68.193625933426418       3.0392848443802016      0.95908179295634355      0.05308710124128866     0.043405148055499262       1.0155610281248673       1.4551516145449586       2.7056376392315915   2.0890298077603584e-09     0.043405148055499262        636.7979545690855       5.7934714303969193       5.7934714303969193       2059.5985131366524                                                 1409.8154886770403                                              12.985069890526903         22.53438888503706               390.28963983660731                          203.52244282246076                      20.451483024980369
                       3       1034.7109049400685     0.022252811208644113      0.11915097494344949       67.674116658383426       3.0409044287952347      0.96193643553800445     0.053622575379237709     0.096955870893735668       1.0154747289504746       1.4591099766363382       2.5119982697737782   2.0924159091779279e-09     0.096955870893735668       636.76999505501317       5.7934714303969193       5.7934714303969193       2057.8348670193432                                                 1402.0148903405875                                              19.049981623742369        21.960415606321249               390.24381963306149                          201.71477938788593                      22.850980427744478
                       2       1034.8379776151733     0.022252811208644113      0.11915097494344949       67.674116658383426       3.0409044287952347      0.96193643553800445     0.053622575379237709     0.096955870893735668       1.0154747289504746       1.2993429757691677       2.4006496046652801   2.0924159091779279e-09     0.096955870893735668       636.76999505501317       5.7934714303969193       5.7934714303969193       2058.0890123695526                                                 1402.2690356907972                                              19.049981623742369        21.960415606321249               390.24381963306149                          201.71477938788593                      22.850980427744478
                       1       1035.3319857438235     0.022267025388444158      0.11904353024560596       67.648791936843409       3.0380690625723386      0.96031795628994387     0.051340469526643583      0.10643517259718495          1.0165019198709       1.2994405387819563       2.4446330389881177   2.0864915466225128e-09      0.10643517259718495       637.77264692275344       5.7934714303969193       5.7934714303969193        2059.077028626853                                                 1401.9660592943821                                              19.338322409717055        22.169659576150707               390.74566253680803                          199.64810365920738                      25.209221150587393
                       2       1029.8747701354771     0.022368427632920088      0.11872065705925114       67.600612964709256       3.0494922630287635      0.95980747422780666      0.05629029123016089      0.11854023216735453       1.0176799840826358       1.3033195520308398       2.1135127191779004   2.1104626102790763e-09      0.11854023216735453        636.8633154271879       5.7934714303969193       5.7934714303969193       2048.1625974101603                                                 1390.4636748514886                                               20.83560713148411        22.382973005201109               390.00182989681491                          201.46963274048778                      23.008879784683987
                       1       1027.5055524581774     0.022368427632920088      0.11872065705925114       67.600612964709256       3.0494922630287635      0.95980747422780666      0.05629029123016089      0.11854023216735453       1.0174331204680969       1.3033195520308398       2.1135127191779004   2.1104626102790763e-09      0.11854023216735453        632.1248800725881       5.7934714303969193       5.7934714303969193       2043.4241620555611                                                 1390.4636748514886                                               20.83560713148411        22.414877166742826               390.00182989681491                          197.05381042952914                      22.654362579501285
                       1       1023.3097620730368     0.022364593251776508      0.11909880064180597       67.921807661974711       3.0454366648423608      0.95383521260279458     0.050728257677096114     0.061447621191077398        1.020947576165707       1.3051299803239031       2.0776668778871827   2.1019207548190591e-09     0.061447621191077398       634.12571259674792       5.7934714303969193       5.7934714303969193       2035.0325812852798                                                 1383.9844813197722                                                16.9223873687598        23.540692310122893               390.66529351684437                          201.00310945620873                      18.916617313571891
                       3       1023.9193579498783     0.022371821218979342      0.11902831966920768        67.87895243459073       3.0452588544117747      0.95389792055239464     0.050481099583370097     0.071134151302607015        1.021152150950728       1.3054939490609099       2.0703265241602047   2.1015470446103582e-09     0.071134151302607015       634.48235340563974       5.7934714303969193       5.7934714303969193       2036.2517730389627                                                 1384.3725765837448                                              17.396843049578376        23.507285818765126               390.78519624866027                          200.29632479611317                      19.893546542101092
                       3       1022.0475013249198      0.02222155523530563       0.1195238510665653       67.791813694930397        3.053234234750946      0.95415507204931127     0.052174368978070644     0.054241520162181811        1.023216786524286       1.3095773271377833       1.9806078559275244   2.1183746958553936e-09     0.054241520162181811       629.89753982797993       5.7934714303969193       5.7934714303969193       2032.5080597890458                                                 1384.5836292453366                                               18.02689071572912        23.471131985779436                390.2929279476582                          200.46539213852529                      15.668087756017036
                       1       1021.0871267404275     0.022125923917552592      0.11941114294178432       67.917174570599485       3.0482933658657743      0.95437843600915684      0.04995369657733649      0.03513952040337559       1.0233292776949801       1.3087941738372277        2.132316250739386   2.1079338987784277e-09      0.03513952040337559       629.72596780309539       5.7934714303969193       5.7934714303969193       2030.5873106200611                                                 1385.3837732756551                                              15.477569541310393        23.320192486820872               390.99408574495908                          199.18805963840103                      16.223629932914427
                       6       1020.3660180649948     0.022119916171148505      0.11865766668920805       67.959319809620879       3.0503789731863806      0.95283183573904451     0.048653807237084033     0.047931659731980325       1.0268878032918709       1.3143537889969761       1.9531251837868981   2.1123348088389532e-09     0.047931659731980325       629.83681327702755       5.7934714303969193       5.7934714303969193       2029.1450932691957                                                 1385.1896748860459                                              14.118605106122173        23.523181797616928                 391.535399002193                          196.42774387551398                      18.350488601703688
                       1       1020.6749698955909      0.02213594818098406      0.11738353485977621       67.955560317987391         3.05354033685974      0.95441024488172166     0.052384258837018888      0.10088049019105541       1.0263007763064713       1.3117488655370972       2.1660895655570678   2.1190232340714046e-09      0.10088049019105541       631.73346846132631       5.7934714303969193       5.7934714303969193        2029.762996930388                                                 1385.2946610995916                                               12.73486736946985        23.147776842558358               390.25769401741468                          192.06022540228935                      26.267772199063931
                       7       1019.7934912665568     0.022154280014895618      0.11715508584572161       67.809860263563266       3.0429588086041672      0.96462084081797228      0.05211451700529153      0.11091711519528696       1.0207667986362423       1.3139926133850359       1.8544513055920009   2.0967189446948687e-09      0.11091711519528696       632.06800923491676       5.7934714303969193       5.7934714303969193       2028.0000396723196                                                 1381.8193415157557                                              14.112688921647331         21.32438144395644               390.76138213786618                          191.28845236809244                      28.693793285001714
                       2       1019.5287757894266     0.022138763728273829      0.11708963967079125       67.800821950694257       3.0432156254359843      0.96577350155232899     0.053373814898007514      0.10853352037272306       1.0197169625384919       1.3130998180215037       1.8794235782248407   2.0972574865618044e-09      0.10853352037272306       631.99926434680901       5.7934714303969193       5.7934714303969193       2027.4706087180593                                                 1381.3810405196127                                              14.090303851637533        21.179784580933585               390.51882008987496                          192.11804909771351                       28.18261057828698
                       1       1019.2478416073143     0.021911132659776039      0.11790401377490116       67.756319601151262       3.0473279943418135      0.96220792068288308       0.0530559544018534     0.067743714634874136       1.0218754049384153       1.3119447924233205       2.1655186631069108   2.1058999413384131e-09     0.067743714634874136       629.61557180142688       5.7934714303969193       5.7934714303969193       2026.9087403538347                                                  1383.259420044287                                              14.033748508120734        21.672274611299827               390.42273808348136                          196.10722796106072                      21.413331145584948
                       1       1021.9804902336591     0.021894754094975457      0.11862401294131365       67.425506077614088       3.0440574231825028      0.95989841423535149     0.050256316483181809      0.06302786726320124       1.0222474529681502       1.3126599528188323       2.1129345025178119   2.0990236964793274e-09      0.06302786726320124       629.48181860489808       5.7934714303969193       5.7934714303969193       2032.3740376065243                                                 1383.3787498927938                                              19.513469108832364        21.976789625832453               391.12546161207206                          197.35912656908499                       19.02044079790857
                       2       1021.8852533964264     0.021894754094975457      0.11862401294131365       67.425506077614088       3.0440574231825028      0.95989841423535149     0.050256316483181809      0.06302786726320124       1.0222474529681502       1.2517198530128104       2.2435157432814363   2.0990236964793274e-09      0.06302786726320124       629.48181860489808       5.7934714303969193       5.7934714303969193       2032.1835639320589                                                 1383.1882762183284                                              19.513469108832364        21.976789625832453               391.12546161207206                          197.35912656908499                       19.02044079790857
                       3       1021.0276157308971     0.021906282830542408       0.1187261217852785       67.515175103525195         3.04336320367501      0.95969814948443122     0.049935535875919534     0.049420471367970446          1.0220863219064       1.2515151305321508       2.2246356943914063   2.0975670189680167e-09     0.049420471367970446       629.40637598933654       5.7934714303969193       5.7934714303969193       2030.4682886010003                                                 1382.5648835888032                                               18.49702902286041        22.027911625831052               391.26047876779148                          198.07072807738214                      18.047257518331893
                       1       1020.4254587787292     0.021941099116925062      0.11854971122109953        67.53823833444244        3.047021925819783      0.96290977599046901     0.053458287372287985     0.053712183575218356        1.020385748636955       1.2520487697483158       2.0897574166280375   2.1052554902839453e-09     0.053712183575218356       629.51951608557692       5.7934714303969193       5.7934714303969193       2029.2639746966645                                                 1381.5202136230339                                              18.224244988053872        21.591807108530816               390.37105820676953                          200.13512297843323                      17.421527791843399
                       4        1019.162067721325     0.022094811913180773      0.11862706889666612       67.585982462639265       3.0566593393886827      0.95938767530752433     0.056986579347375131     0.078015369321790984       1.0214217223478212       1.2497812597467397       2.1172807952315487    2.125642790738003e-09     0.078015369321790984       628.32226346884011       5.7934714303969193       5.7934714303969193       2026.7371925818561                                                 1379.7552414703571                                              18.659687642658827        22.364215724517692               390.15547420700273                          198.36732742151696                       17.43524611580267
                       5       1001.1318872369234     0.022094811913180773      0.11862706889666612       67.585982462639265       3.0566593393886827      0.95938767530752433     0.056986579347375131     0.078015369321790984       1.0193730022268432       1.2497812597467397       2.1172807952315487    2.125642790738003e-09     0.078015369321790984       592.26190250003697       5.7934714303969193       5.7934714303969193       1990.6768316130529                                                 1379.7552414703571                                              18.659687642658827        22.633129856617302               390.11202767186768                          164.26049319525796                      15.256251776293942
                       1       994.94344691376523     0.022094811913180773      0.11862706889666612       67.585982462639265       3.0566593393886827      0.95938767530752433     0.056986579347375131     0.078015369321790984       1.0185914859802385       1.2497812597467397       2.1172807952315487    2.125642790738003e-09     0.078015369321790984       579.88502185372067       5.7934714303969193       5.7934714303969193       1978.2999509667366                                                 1379.7552414703571                                              18.659687642658827        22.738972918185539               390.09086108360225                          152.55500142994657                      14.500186421986331
                       1       994.86445162410166     0.021973254294229767      0.11821075857610756        67.76231428905605       3.0604138536600707      0.96144958185172347     0.059958333122373503     0.063406099512381145       1.0183245081617029        1.249255537523754       2.2469486461975419   2.1336385476307856e-09     0.063406099512381145       580.43000001212931       5.7934714303969193       5.7934714303969193       1978.1419603874094                                                 1382.9690430618616                                              14.742917313418813        22.366070598686861               390.65585901162842                          153.35540956502732                      14.052660836786732
                       5       995.52780177973398     0.021985936399117046      0.11896232053686409       67.832186139927003       3.0504499700351215      0.96672083997555458     0.057742918714540022      0.01908462849338368       1.0141148411068264       1.2494576786546383       2.0287147431639116   2.1124847832776597e-09      0.01908462849338368       583.16593302512763       5.7934714303969193       5.7934714303969193       1979.4686606986741                                                  1380.993156341545                                               15.30957133200161        21.512124126887613                390.2855553988831                          159.47843504759416                      11.889818451762761
                       5       987.42348755006174     0.021985936399117046      0.11896232053686409       67.832186139927003       3.0504499700351215      0.96672083997555458     0.057742918714540022      0.01908462849338368       1.0130177370734916       1.2494576786546383       2.0287147431639116   2.1124847832776597e-09      0.01908462849338368       566.95730456578303       5.7934714303969193       5.7934714303969193       1963.2600322393296                                                  1380.993156341545                                               15.30957133200161        21.631833119725968               390.28906856763166                          143.87597082242684                      11.160432055998573
                       3       986.77943436575697     0.021977089756118909      0.11808030049134119       67.713415420546724       3.0453189503382236      0.96292076092268519     0.052439281851694615     0.055936149902010797       1.0171636835318136       1.2529757307504643       2.0552958842664579   2.1016733428219459e-09     0.055936149902010797        564.8550261206243       5.7934714303969193       5.7934714303969193         1961.97192587072                                                 1381.6553078109346                                              15.461591939160996        22.017989756296288                390.5040962821671                          137.22453861413595                       15.10840146802488
                       1        987.4800125908564     0.021986041399244857       0.1181529742738478       67.652131714918497       3.0440606800416754      0.96364569201404116     0.052176968337485197     0.057989944885917556       1.0166138832450073       1.2532607085472216        2.009753061192546   2.0990305327150388e-09     0.057989944885917556       565.01409215891761       5.7934714303969193       5.7934714303969193       1963.3730823209189                                                 1381.9182369951554                                              16.440753166846079        21.891138267057727               390.61714135476416                          137.44420281546812                      15.061609721627585
                       2       987.17070054939131     0.022060287741091394      0.11862159759361078        67.54371140911779       3.0472073592785129      0.96089239509992197     0.053192658028630879     0.060431734921207625       1.0165485824850919        1.251210548541998       2.0297992542771319   2.1056459112884585e-09     0.060431734921207625       564.01040902627369       5.7934714303969193       5.7934714303969193       1962.7544582379887                                                  1379.308651510891                                              19.435397700824371        22.451818960651167               390.26738670718174                          137.65102621441801                      13.640177144022829
                       1       988.58570118744694     0.022130754193210044      0.11721265790412085       67.739625443621122       3.0662868557843561      0.95867928410398373     0.060954132132223011      0.10479742601544939       1.0204048171224165       1.2538328130955376        1.972050259583918   2.1462062803900812e-09      0.10479742601544939        565.7296886260591       5.7934714303969193       5.7934714303969193          1965.5844595141                                                 1384.9333592240675                                              14.921411663973275         23.03828348565429               390.80714547113371                          135.51731428316745                      16.366945386103644
                       2       988.12658374544856     0.022161666355705816      0.11698674881429179       67.833018521521709        3.063688387442713      0.95890223268579078     0.060104149028141783      0.10921195523635548       1.0201238070600827       1.2529584393239221       2.0140094515960536   2.1406366706769605e-09      0.10921195523635548       566.62097550025521       5.7934714303969193       5.7934714303969193       1964.6662246301032                                                 1384.2310810251593                                               13.81416810468861        22.974513525697091               390.60766472293238                          134.91836988866987                       18.12042736295583
                       1       987.64024140368167     0.022161666355705816      0.11698674881429179       67.833018521521709        3.063688387442713      0.95890223268579078     0.060104149028141783      0.10921195523635548       1.0201238070600827       1.4042413907288374       1.9061265440086448   2.1406366706769605e-09      0.10921195523635548       566.62097550025521       5.7934714303969193       5.7934714303969193       1963.6935399465694                                                 1383.2583963416255                                               13.81416810468861        22.974513525697091               390.60766472293238                          134.91836988866987                       18.12042736295583
                       3       988.36419849728668      0.02227240618061407      0.11663292431908716       68.307137259771665       3.0632701123607231      0.96553588915847999     0.065212621653916045     0.068012267899807105       1.0147123659127111       1.4017859420768159       1.7190032354734235   2.1397414829284384e-09     0.068012267899807105       566.99026145172627       5.7934714303969193       5.7934714303969193       1965.1414541337795                                                 1387.2143134703986                                              10.936879211654501        22.008239848247854               392.08758582849026                          137.41024938715984                       15.48418638782838
                       1       964.46301605478686      0.02227240618061407      0.11663292431908716       68.307137259771665       3.0632701123607231      0.96553588915847999     0.065212621653916045     0.068012267899807105       1.0104695488713866       1.4017859420768159       1.7190032354734235   2.1397414829284384e-09     0.068012267899807105       519.18789656672664       5.7934714303969193       5.7934714303969193       1917.3390892487798                                                 1387.2143134703986                                              10.936879211654501        22.547818531889959               392.18911936700943                          92.695589636580493                      11.755369031246705
                       5       963.88271284382824     0.022241401336140925      0.11667954592181769       68.396964011927352       3.0629050218522389      0.96657136039851022     0.065168725348840079     0.053271117751560716         1.01029845179772       1.4025381608019996       1.6838023596150251   2.1389604262092842e-09     0.053271117751560716       518.46681113053899       5.7934714303969193       5.7934714303969193       1916.1784828268626                                                 1387.1189272917682                                              10.592744404555582        22.363254873238589               392.09320110088191                          92.879916588033041                      11.130438568385394
                       2       963.22857462839647     0.022267978501470862      0.11712212923114443       68.446971709986869       3.0648987347803529      0.96325604034660739     0.063188974265008607     0.031368447778432715       1.0128892515490089       1.4058607644032124       1.5019635230345922   2.1432291531578166e-09     0.031368447778432715       518.04907794216433       5.7934714303969193       5.7934714303969193        1914.870206395999                                                 1386.1330655228355                                              10.688062930999411        22.981502045008995               391.41125060041583                          93.863609367662988                       9.792715929076504
                       1       965.03097094280974     0.022267978501470862      0.11712212923114443       68.446971709986869       3.0648987347803529      0.96325604034660739     0.063188974265008607     0.031368447778432715       1.0128892515490089       1.3909864732811137       2.1135516959597589   2.1432291531578166e-09     0.031368447778432715       518.04907794216433       5.7934714303969193       5.7934714303969193       1918.4749990248256                                                 1389.7378581516621                                              10.688062930999411        22.981502045008995               391.41125060041583                          93.863609367662988                       9.792715929076504
                       5       960.60307912472604       0.0222318749181648      0.11786468660232924       68.412995607596429       3.0562969192102791      0.96221812565066867      0.05816420165626849     0.018139207164782626       1.0125875261866808       1.3889877505562613       2.2682218329880572   2.1248725544815726e-09     0.018139207164782626       516.28961904287758       5.7934714303969193       5.7934714303969193       1909.6192153886582                                                 1382.3637429202354                                              10.965853425545129         23.07403925669729               390.20061343075309                          93.211283189059472                      9.8036831663677457
                       1       960.55184706207649      0.02217737380828665      0.11843974478065146       68.215700182952375       3.0535494930430209      0.96097542305500339     0.056793634477335792    0.0053387493355185681       1.0120251122771815       1.3875322833234414       2.3530309437972594   2.1190426363253377e-09    0.0053387493355185681       516.66964818100246       5.7934714303969193       5.7934714303969193       1909.5167512633591                                                 1380.4502143908505                                               12.39688869150614        23.271468380375381               390.06899398352749                          94.085033687184904                      9.2441521299146885
                       8       959.91489486757757      0.02217737380828665      0.11843974478065146       68.215700182952375       3.0535494930430209      0.96097542305500339     0.056793634477335792    0.0053387493355185681       1.0120251122771815       1.4838179169299839       1.9784865580916224   2.1190426363253377e-09    0.0053387493355185681       516.66964818100246       5.7934714303969193       5.7934714303969193       1908.2428468743612                                                 1379.1763100018527                                               12.39688869150614        23.271468380375381               390.06899398352749                          94.085033687184904                      9.2441521299146885
                       4       957.53592962675714      0.02217737380828665      0.11843974478065146       68.215700182952375       3.0535494930430209      0.96097542305500339     0.056793634477335792    0.0053387493355185681       1.0114405010145919       1.4838179169299839       1.9784865580916224   2.1190426363253377e-09    0.0053387493355185681       511.91171769936182       5.7934714303969193       5.7934714303969193       1903.4849163927204                                                 1379.1763100018527                                               12.39688869150614        23.358813812572521               390.03899847131993                          89.480957670772995                      9.0329477446963224
                       2       957.41025309457643     0.022180248913023212      0.11852714138124643       68.185849026290327       3.0527050162585709      0.96090540123712598      0.05630796819458278    0.0053582262247157423       1.0113686816338208       1.4838527067341873       1.9703675955874917   2.1172539093891877e-09    0.0053582262247157423       511.73545519800376       5.7934714303969193       5.7934714303969193        1903.233563328359                                                 1378.7714910206912                                              12.726617109663952        23.366053513849465               389.98379389240262                          89.378687061964285                      9.0069207297874065
                       2       956.31891218304941     0.022180248913023212      0.11852714138124643       68.185849026290327       3.0527050162585709      0.96090540123712598      0.05630796819458278    0.0053582262247157423       1.0113686816338208       1.2156582207202584       2.1996004952280472   2.1172539093891877e-09    0.0053582262247157423       511.73545519800376       5.7934714303969193       5.7934714303969193       1901.0508815053049                                                 1376.5888091976371                                              12.726617109663952        23.366053513849465               389.98379389240262                          89.378687061964285                      9.0069207297874065
                       2       956.52102395146755      0.02219510358088024      0.11869996797114143       68.161671334716971       3.0476643348906327      0.96223779471644078     0.054165069609219074    0.0027436345796423818       1.0105597408132552       1.2162853002800749       2.1291554128719898   2.1066083600087253e-09    0.0027436345796423818        511.8720896383798       5.7934714303969193       5.7934714303969193       1901.4551050421412                                                 1376.3968911475449                                              13.186124256216461        23.048997043815632               390.12342300206797                          89.517919055996842                      9.1817505364993242
                       4       956.36961478727346     0.022226558868472975      0.11829635291684933       68.218940505734238       3.0493443671367659      0.96381632567353903     0.055130210163269251      0.02253759876499379       1.0107590212433266       1.2175261080005984       2.0692115293431468   2.1101505046089436e-09      0.02253759876499379       511.20678697525443       5.7934714303969193       5.7934714303969193        1901.152286713753                                                 1377.5746878196114                                              12.370811918886957        22.763489873219044               390.07454329131286                          88.730418802930188                      9.6383350077923229
                       1       957.54192882279858     0.022226558868472975      0.11829635291684933       68.218940505734238       3.0493443671367659      0.96381632567353903     0.055130210163269251      0.02253759876499379       1.0107590212433266       1.0399675160883501       2.3101035010137174   2.1101505046089436e-09      0.02253759876499379       511.20678697525443       5.7934714303969193       5.7934714303969193       1903.4969147848033                                                 1379.9193158906617                                              12.370811918886957        22.763489873219044               390.07454329131286                          88.730418802930188                      9.6383350077923229
                       1       947.90528799289768     0.022226558868472975      0.11829635291684933       68.218940505734238       3.0493443671367659      0.96381632567353903     0.055130210163269251      0.02253759876499379         1.00327065928586       1.0399675160883501       2.3101035010137174   2.1101505046089436e-09      0.02253759876499379       491.93350531545258       5.7934714303969193       5.7934714303969193       1884.2236331250015                                                 1379.9193158906617                                              12.370811918886957        23.880420803311665               390.00176988582706                          69.681907024735111                      8.3694076015787395
                       3       947.93424541678257     0.022226558868472975      0.11829635291684933       68.218940505734238       3.0493443671367659      0.96381632567353903     0.055130210163269251      0.02253759876499379         1.00327065928586       1.0584795150149104       2.2026631598904096   2.1101505046089436e-09      0.02253759876499379       491.93350531545258       5.7934714303969193       5.7934714303969193       1884.2815479727712                                                 1379.9772307384314                                              12.370811918886957        23.880420803311665               390.00176988582706                          69.681907024735111                      8.3694076015787395
                       2       947.38646185242067     0.022226558868472975      0.11829635291684933       68.218940505734238       3.0493443671367659      0.96381632567353903     0.055130210163269251      0.02253759876499379         1.00327065928586       1.2592468801796046        1.730606808768008   2.1101505046089436e-09      0.02253759876499379       491.93350531545258       5.7934714303969193       5.7934714303969193       1883.1859808440474                                                 1378.8816636097076                                              12.370811918886957        23.880420803311665               390.00176988582706                          69.681907024735111                      8.3694076015787395
                      10       946.94150712084218     0.022226558868472975      0.11829635291684933       68.218940505734238       3.0493443671367659      0.96381632567353903     0.055130210163269251      0.02253759876499379         1.00327065928586       1.2837278887805685       1.7841866461125269   2.1101505046089436e-09      0.02253759876499379       491.93350531545258       5.7934714303969193       5.7934714303969193       1882.2960713808905                                                 1377.9917541465506                                              12.370811918886957        23.880420803311665               390.00176988582706                          69.681907024735111                      8.3694076015787395
                       1       947.68114009168949     0.022183723512570776      0.11861862195673102       68.046226112123051       3.0486336146282267      0.96372338647561728     0.054879753685587174     0.019585386371603376        1.002849563916725       1.2834994236661301       1.8023722555231176   2.1086512427095905e-09     0.019585386371603376        492.2014749992033       5.7934714303969193       5.7934714303969193       1883.7753373225851                                                  1377.521378987768                                              14.052483335613983        23.870459914482694               390.00967328261424                          69.760549795510101                      8.5607920065962535
                       4       947.57429761169965     0.022183723512570776      0.11861862195673102       68.046226112123051       3.0486336146282267      0.96372338647561728     0.054879753685587174     0.019585386371603376        1.002849563916725       1.1848651061026254       2.1397921470907004   2.1086512427095905e-09     0.019585386371603376        492.2014749992033       5.7934714303969193       5.7934714303969193       1883.5616523626054                                                 1377.3076940277881                                              14.052483335613983        23.870459914482694               390.00967328261424                          69.760549795510101                      8.5607920065962535
                       2       947.45161700054337     0.022188224933568184      0.11852326731770843       68.022448552212083       3.0447024785638193      0.96451235843650429     0.053670109942122658     0.027892497441755783       1.0020879746924549       1.1838382064872632       2.1998081352761267   2.1003781198023142e-09     0.027892497441755783       492.12322878559343       5.7934714303969193       5.7934714303969193       1883.3162911402928                                                 1377.0303654256654                                              14.162696929033837        23.648946451632582               390.15511649412718                          69.938394267756067                      8.3807715720776006
                       2       947.45659106696473     0.022188224933568184      0.11852326731770843       68.022448552212083       3.0447024785638193      0.96451235843650429     0.053670109942122658     0.027892497441755783       1.0020879746924549       1.1831905624373431        2.193902201130884   2.1003781198023142e-09     0.027892497441755783       492.12322878559343       5.7934714303969193       5.7934714303969193       1883.3262392731356                                                 1377.0403135585082                                              14.162696929033837        23.648946451632582               390.15511649412718                          69.938394267756067                      8.3807715720776006
                       5       946.21397171388151     0.022188224933568184      0.11852326731770843       68.022448552212083       3.0447024785638193      0.96451235843650429     0.053670109942122658     0.027892497441755783       1.0041030718467705       1.1831905624373431        2.193902201130884   2.1003781198023142e-09     0.027892497441755783       489.63799007942725       5.7934714303969193       5.7934714303969193       1880.8410005669691                                                 1377.0403135585082                                              14.162696929033837        23.340285779441558               390.17614050459861                          67.786662951798945                      8.3349008435881071
                       2         947.158273176443     0.022236063573705871      0.11847695251649407       68.156331381520573       3.0382901252068222      0.96230525691936564     0.051684675238660785     0.013679185476997445       1.0029555429414254       1.1783799801583357       2.4067376122727833   2.0869528429264463e-09     0.013679185476997445       490.47044840692297       5.7934714303969193       5.7934714303969193       1882.7296034920921                                                 1379.0074046788684                                              13.251750406300967        23.786639328199044               390.55553967781134                          67.729545337314335                      8.3987240635982374
                       2        946.4747724475036     0.022259686250192437      0.11827993772858031       68.354652032140024       3.0337383770399433      0.96340710649251815     0.049605774005048439    0.0089254438059554707       1.0028184829305311       1.1786619644936511       2.3955099169241447    2.077475145558667e-09    0.0089254438059554707        490.9904591457427       5.7934714303969193       5.7934714303969193       1881.3626020342133                                                 1378.7274312319707                                              11.644711656499565        23.511173725729975               391.32618162156029                          67.454294601106454                      8.6988091973459696
                       1       946.85049013761738     0.022259686250192437      0.11827993772858031       68.354652032140024       3.0337383770399433      0.96340710649251815     0.049605774005048439    0.0089254438059554707       1.0016310868334546       1.1786619644936511       2.3955099169241447    2.077475145558667e-09    0.0089254438059554707       491.74189452597068       5.7934714303969193       5.7934714303969193       1882.1140374144409                                                 1378.7274312319707                                              11.644711656499565         23.69564029370747               391.34401939318792                          68.252345647300388                      8.4498891917749095
                       2       945.99537581001744      0.02225920340123343      0.11819390392725831       68.419507539086666       3.0398691864613943      0.96334164024327551     0.052656053098725404    0.0082630715258016577       1.0018403895721606       1.1783917814865537       2.4017877566654686   2.0902508725109124e-09    0.0082630715258016577       490.53402528118841       5.7934714303969193       5.7934714303969193        1880.403808759241                                                 1378.6644086357251                                              11.205374842327462        23.812031140639817                390.2958537542948                          68.093025766438799                      8.3331146198149728
                       1       946.02406109524577     0.022285566875197074       0.1182735508904853       68.460755870303231        3.040026631325905      0.96334368877262566      0.05254752304364068    0.0031999225410624709       1.0018612152916715       1.1789539468475947       2.3348695274766098   2.0905799976851827e-09    0.0031999225410624709        490.5591524793536       5.7934714303969193       5.7934714303969193       1880.4611793296976                                                 1378.7630214543585                                              11.139005395985391        23.838996412386223               390.30700086524422                          68.097991372481502                      8.3151638292416834
                       1       946.20952164483049     0.022292388290713137      0.11809117052850265       68.281314665122409       3.0421623452254209      0.96286763104424444     0.052949349780747418     0.034511932593700598       1.0027424189671863       1.1797131576780133       2.3452074349778789    2.095049649694308e-09     0.034511932593700598        490.8546067783771       5.7934714303969193       5.7934714303969193       1880.8321004288671                                                 1377.9908640333235                                              11.986629617166807        23.925119324968648               390.19056962722362                          68.317805761091108                      8.4211120650937215
                       4       947.10267506241041     0.022292388290713137      0.11809117052850265       68.281314665122409       3.0421623452254209      0.96286763104424444     0.052949349780747418     0.034511932593700598       1.0027424189671863       1.0940420610283306       2.7354907725471271    2.095049649694308e-09     0.034511932593700598        490.8546067783771       5.7934714303969193       5.7934714303969193       1882.6184072640269                                                 1379.7771708684832                                              11.986629617166807        23.925119324968648               390.19056962722362                          68.317805761091108                      8.4211120650937215
                       3       948.10452398911195     0.022292388290713137      0.11809117052850265       68.281314665122409       3.0421623452254209      0.96286763104424444     0.052949349780747418     0.034511932593700598       1.0027424189671863       1.0781423112738795       2.1871589770904936    2.095049649694308e-09     0.034511932593700598        490.8546067783771       5.7934714303969193       5.7934714303969193         1884.62210511743                                                 1381.7808687218865                                              11.986629617166807        23.925119324968648               390.19056962722362                          68.317805761091108                      8.4211120650937215
                       6       947.59490878171016     0.022292388290713137      0.11809117052850265       68.281314665122409       3.0421623452254209      0.96286763104424444     0.052949349780747418     0.034511932593700598       1.0027424189671863       1.3736532608269223       1.6211871485199281    2.095049649694308e-09     0.034511932593700598        490.8546067783771       5.7934714303969193       5.7934714303969193       1883.6028747026264                                                 1380.7616383070826                                              11.986629617166807        23.925119324968648               390.19056962722362                          68.317805761091108                      8.4211120650937215
                       4       948.01381381397039     0.022278551638716948       0.1183335803746657         68.3270503508774        3.037939961973855       0.9630288657854752     0.050957176562580357     0.020660312765873816       1.0022743804044996       1.3730747684628111       1.6496761499192387   2.0862221967021051e-09     0.020660312765873816       491.26548765724812       5.7934714303969193       5.7934714303969193       1884.4406847671469                                                 1381.3507715306423                                              11.824425579256619        23.854959540746108               390.71395709664426                          68.292042881336641                      8.4045281385211208
                       2       947.66133483194403     0.022292220421072543      0.11828620876723718       68.350642637460169       3.0397989483224364      0.96307592714070089     0.051553744691458916     0.023178161922007109        1.002645257081225       1.3738556001460196       1.6019517776608887   2.0901040623355692e-09     0.023178161922007109       491.07415560588834       5.7934714303969193       5.7934714303969193       1883.7357268030942                                                 1380.9874118523435                                              11.674159344862385        23.873930273404653               390.59772773124797                          68.215368231898594                      8.3871293693371118
                       1       947.40568770366292     0.022292220421072543      0.11828620876723718       68.350642637460169       3.0397989483224364      0.96307592714070089     0.051553744691458916     0.023178161922007109       1.0031073441692626       1.3738556001460196       1.6019517776608887   2.0901040623355692e-09     0.023178161922007109       490.56286134932623       5.7934714303969193       5.7934714303969193       1883.2244325465319                                                 1380.9874118523435                                              11.674159344862385        23.800090812495739               390.62630737920159                          67.682111705150959                      8.4543514524779138
                       7       947.80833216336987      0.02231246495862969      0.11823681943193068       68.321520799217907       3.0379444973553542      0.96348145084664194     0.050774865677805231     0.030009567032480235       1.0029115084613272       1.3741320988199257       1.5743149738516149   2.0862316585371159e-09     0.030009567032480235       490.88286115669382       5.7934714303969193       5.7934714303969193       1884.0297214659458                                                 1381.2524896949831                                              11.894370614268798        23.689483388688814               390.83670024167799                          67.778689322868274                      8.5779882034587391
                       2       947.67164729086369     0.022301766855069245      0.11828099423425818       68.257524493293815       3.0392936678991105      0.96360423908867354     0.051049409460353135      0.03310368817227452       1.0032829722329886        1.375322254486012       1.5194339155472858   2.0890482404356888e-09      0.03310368817227452       490.64154008262989       5.7934714303969193       5.7934714303969193       1883.7563517209335                                                 1380.7796004712604                                              12.335211167043076        23.656855126640949               390.71476357488012                           67.75519872960146                      8.5147226515073999
                       3       948.39672150012905     0.022315530370835671       0.1182274011326845        68.13805965433933        3.039154939928232      0.96383539092615844     0.051359728685310642     0.048836539148844907       1.0028973870766096       1.3748589544178091       1.5356026451574472   2.0887584511136329e-09     0.048836539148844907       490.80638269259839       5.7934714303969193       5.7934714303969193       1885.2065001394642                                                 1381.0892575354617                                              13.310859911404224        23.599149943107648               390.67018861806974                          67.861031743788587                      8.6760123876323885
                       1       947.82304167325594     0.022315530370835671       0.1182274011326845        68.13805965433933        3.039154939928232      0.96383539092615844     0.051359728685310642     0.048836539148844907       1.0028973870766096       1.0857980409893313       2.5983439910102333   2.0887584511136329e-09     0.048836539148844907       490.80638269259839       5.7934714303969193       5.7934714303969193        1884.059140485718                                                 1379.9418978817155                                              13.310859911404224        23.599149943107648               390.67018861806974                          67.861031743788587                      8.6760123876323885
                       4       947.68172546578216     0.022315530370835671       0.1182274011326845        68.13805965433933        3.039154939928232      0.96383539092615844     0.051359728685310642     0.048836539148844907       1.0036419053273249       1.0857980409893313       2.5983439910102333   2.0887584511136329e-09     0.048836539148844907       490.52375027765066       5.7934714303969193       5.7934714303969193       1883.7765080707704                                                 1379.9418978817155                                              13.310859911404224        23.484532850458777               390.62105485945762                          67.538982306965494                      8.8791802607687806
                       7       947.68496799379795     0.022315530370835671       0.1182274011326845        68.13805965433933        3.039154939928232      0.96383539092615844     0.051359728685310642     0.048836539148844907       1.0033125598443859       1.0857980409893313       2.5983439910102333   2.0887584511136329e-09     0.048836539148844907       490.53023533368241       5.7934714303969193       5.7934714303969193        1883.782993126802                                                 1379.9418978817155                                              13.310859911404224        23.535041385782506               390.62105485945762                          67.590106333138039                      8.7840327553042155
                       9       946.93004897235505     0.022315530370835671       0.1182274011326845        68.13805965433933        3.039154939928232      0.96383539092615844     0.051359728685310642     0.048836539148844907       1.0033125598443859        1.257419383666164       2.2691345842212796   2.0887584511136329e-09     0.048836539148844907       490.53023533368241       5.7934714303969193       5.7934714303969193       1882.2731550839162                                                 1378.4320598388297                                              13.310859911404224        23.535041385782506               390.62105485945762                          67.590106333138039                      8.7840327553042155
                       7       946.79554228207212      0.02230810143646339      0.11821591828232123       68.149935712586867       3.0388752732094781      0.96441492058642619     0.051501072595155212     0.047491027417969144       1.0030248967555762       1.2573823177676073       2.2689115584568849   2.0881743765682534e-09     0.047491027417969144       490.36673217857583       5.7934714303969193       5.7934714303969193       1882.0041417033503                                                 1378.4868274304106                                              13.150582094364111        23.414251955851455               390.61439473882507                          67.559728653299558                      8.7783568305997353
                       4       946.91119351701457      0.02230810143646339      0.11821591828232123       68.149935712586867       3.0388752732094781      0.96441492058642619     0.051501072595155212     0.047491027417969144       1.0026374430693539       1.2573823177676073       2.2689115584568849   2.0881743765682534e-09     0.047491027417969144       490.59803464846044       5.7934714303969193       5.7934714303969193       1882.2354441732352                                                 1378.4868274304106                                              13.150582094364111        23.473174602269069               390.64129191361616                          67.805465707188119                      8.6781024253870491
                       7       947.15818103653146     0.022292373784527551      0.11835396917224889       68.079733579634222       3.0381165691499898      0.96438063588768885     0.050896140705691484      0.04802015449897467       1.0027017145696246       1.2577410313569131        2.261404065512016   2.0865906710497036e-09      0.04802015449897467       490.66859261433569       5.7934714303969193       5.7934714303969193        1882.729419212269                                                  1378.196639623731                                              13.864186974202271        23.457020836788729               390.75920171113114                          67.813642740950911                      8.6387273254649273
                       1       947.01762478011563     0.022268433676298029      0.11813347441584537       68.046469450511381       3.0388020471050652       0.9640560021247585     0.051106453288693551     0.053478254220495826       1.0032414405078209       1.2581762095700715       2.2836088148395604   2.0880214732916463e-09     0.053478254220495826       490.72285638996397       5.7934714303969193       5.7934714303969193       1882.4483066994374                                                 1377.8931913568053                                              13.832258952668033         23.47516403760352               390.68203646042866                          67.796368796302048                      8.7692870956297586
                       9       947.25920526096399     0.022268433676298029      0.11813347441584537       68.046469450511381       3.0388020471050652       0.9640560021247585     0.051106453288693551     0.053478254220495826       1.0047969237893912       1.2581762095700715       2.2836088148395604   2.0880214732916463e-09     0.053478254220495826       491.20601735166065       5.7934714303969193       5.7934714303969193       1882.9314676611341                                                 1377.8931913568053                                              13.832258952668033        23.241769170855946               390.70251386884632                          67.975359078376627                      9.2863752335817473
                       3       946.82723780896424     0.022203916783763732      0.11800517958936649       68.039270098066481       3.0391209685417104      0.96544419632557565     0.051774655257960843     0.054281715282414114       1.0045328446030131       1.2582246007815552       2.3395291810434049   2.0886874942981975e-09     0.054281715282414114       491.05240586433581       5.7934714303969193       5.7934714303969193       1882.0675327571346                                                 1377.6696722622869                                              13.345454630511901         22.93131831285956               390.65109793044661                          68.081353564991758                      9.3886360560378463
                       6       946.62717971722884     0.022203916783763732      0.11800517958936649       68.039270098066481       3.0391209685417104      0.96544419632557565     0.051774655257960843     0.054281715282414114       1.0045328446030131       1.2850991616854499       2.1466748477420361   2.0886874942981975e-09     0.054281715282414114       491.05240586433581       5.7934714303969193       5.7934714303969193       1881.6674165736638                                                 1377.2695560788161                                              13.345454630511901         22.93131831285956               390.65109793044661                          68.081353564991758                      9.3886360560378463
                       1       946.87658380593575     0.022203916783763732      0.11800517958936649       68.039270098066481       3.0391209685417104      0.96544419632557565     0.051774655257960843     0.054281715282414114       1.0048441214554062       1.2850991616854499       2.1466748477420361   2.0886874942981975e-09     0.054281715282414114       491.55121404174946       5.7934714303969193       5.7934714303969193       1882.1662247510776                                                 1377.2695560788161                                              13.345454630511901        22.887519463600995               390.64563649892636                          68.498018823555171                      9.5200392556668998
                       1       947.20675845659275     0.022130241032667804      0.11844016279407432       67.956072988810192       3.0383324324174152      0.96471424376375503     0.050211343204376188     0.037201983014994236       1.0056730003917473       1.2866336840132764       2.1201675845437342   2.0870411379476152e-09     0.037201983014994236       491.91143974488989       5.7934714303969193       5.7934714303969193       1882.8265740523916                                                 1376.6436013031084                                              14.271533004393374        22.977792710061863               391.06146335555974                          68.958235412470202                      8.9139482667981103
                       6       947.21167358955859     0.022130241032667804      0.11844016279407432       67.956072988810192       3.0383324324174152      0.96471424376375503     0.050211343204376188     0.037201983014994236       1.0056730003917473       1.3020821253993564       2.0971992708507949   2.0870411379476152e-09     0.037201983014994236       491.91143974488989       5.7934714303969193       5.7934714303969193       1882.8364043183233                                                 1376.6534315690399                                              14.271533004393374        22.977792710061863               391.06146335555974                          68.958235412470202                      8.9139482667981103
                       5       947.43225766009971      0.02212936295976058       0.1184758768488139        67.92353967275848       3.0382420966830579      0.96406178838577783     0.049967765270534432     0.039121223133088877       1.0058642536769977       1.3017545333584033       2.1248573752612905   2.0868526120692245e-09     0.039121223133088877       492.03367689663997       5.7934714303969193       5.7934714303969193       1883.2775724594055                                                 1376.5902299230954                                              14.653665639670072        23.099315805813092               391.20021063064024                          68.803453353606557                      8.9306971065800926
                       1       947.28560515416882     0.022080271288684273      0.11864827762290517       67.924678752023738       3.0398604341409543      0.96373732404506507     0.050397418378214778     0.033886740127962979       1.0061539876431003       1.3012168591798972       2.2037017726104162   2.0902325780455356e-09     0.033886740127962979       491.95733292949802       5.7934714303969193       5.7934714303969193       1882.9842674475437                                                 1376.5842614960616                                              14.442673021984392         23.17677726649265               390.96097054225186                          69.051681570260286                      8.7679035504932692
