#                 weight             minuslogpost                 omegabh2                 omegach2                       H0                     logA                       ns                      tau               mnu_sample                 A_planck               TT_tSZ_Amp               TT_kSZ_Amp                       As                      mnu                chi2__CMB            minuslogprior         minuslogprior__0                     chi2 chi2__sbt_spt_audit.likelihoods.candl_cobaya.CandlCobayaLikelihood chi2__sbt_spt_audit.likelihoods.desi_dr2_bao.DESIDR2BAOGaussian chi2__planck_2018_lowl.TT chi2__planck_2018_lowl.EE_sroll2 chi2__planck_2018_highl_plik.TT_lite_native chi2__planckpr4lensing.PlanckPR4Lensing
                       9       1519.0850276717522      0.02289734116195884      0.11669343403419701         68.5349286237971        3.051111435517329      0.97652354015664311     0.057250502898067934     0.094251655853009569       1.0030113210759819       2.2856298744363412       9.7238964320694148   2.1138825812900887e-09     0.094251655853009569       493.64802351771817       5.7934714303969193       5.7934714303969193       3026.5831124827105                                                 2520.8913846735845                                              12.043704291407895         21.55997060614186               390.13427104793027                           73.11890134539513                      8.8348805182509658
                       4       1520.1310422704914      0.02289734116195884      0.11669343403419701         68.5349286237971        3.051111435517329      0.97652354015664311     0.057250502898067934     0.094251655853009569       1.0054491722032459       2.2856298744363412       9.7238964320694148   2.1138825812900887e-09     0.094251655853009569       495.74005271519661       5.7934714303969193       5.7934714303969193        3028.675141680189                                                 2520.8913846735845                                              12.043704291407895        21.308232297553104               390.18531242654632                           74.45486254384943                      9.7916454472478112
                       3       1519.5266632541886     0.022889007405044241      0.11708081466406338       68.553895071752606       3.0552137066240932      0.97401281390329542     0.059389811192193075     0.083350896830669638         1.00506462468044        2.282046792925811       9.9823357911288078   2.1225721119456071e-09     0.083350896830669638       495.69074203602133       5.7934714303969193       5.7934714303969193       3027.4663836475834                                                 2519.6598382794737                                              12.115803332088683        21.760378868524185               390.24997296292179                          74.635721994820301                      9.0446682097550415
                       5       1519.1493613887455     0.022983980463630253       0.1172346925246721       69.103731038131244       3.0540698918099776      0.97747610783902295     0.060449736587843299     0.012169593220658942       1.0029539952059863         2.28996322442481       9.5809959812012373   2.1201456704843245e-09     0.012169593220658942         497.244718385618       5.7934714303969193       5.7934714303969193       3026.7117799166972                                                 2518.8586205799343                                              10.608440951144473        21.380003747389651               390.42306566125478                          77.211409627804969                      8.2302393491685741
                       3       1518.0730078071831     0.022983980463630253       0.1172346925246721       69.103731038131244       3.0540698918099776      0.97747610783902295     0.060449736587843299     0.012169593220658942       1.0017219404074851         2.28996322442481       9.5809959812012373   2.1201456704843245e-09     0.012169593220658942        495.0920112224934       5.7934714303969193       5.7934714303969193       3024.5590727535723                                                 2518.8586205799343                                              10.608440951144473        21.508766662169876               390.40286482124412                          74.938771298761296                      8.2416084403180854
                       8        1517.648137089416     0.022757706693441716      0.11634880048709029       68.518494507361737       3.0407693988381741      0.97942328450537808     0.053422292102385402     0.087447389904654824       1.0034262062244292       2.2864187133981377       9.8265724890483419   2.0921333894223032e-09     0.087447389904654824       493.92168264675189       5.7934714303969193       5.7934714303969193        3023.709331318038                                                  2518.332307865744                                              11.455340805542365        20.921886976626581               390.84676420245245                          72.024393004567571                      10.128638463105275
                       5       1518.4384495893541     0.022807049987174394       0.1160932485594416       68.520121479442267        3.035666628664794      0.97985484603410578       0.0516177930703106      0.10837963237691764       1.0027484081677209       2.2871148296040587       9.9455153780958856   2.0814849050538999e-09      0.10837963237691764       496.09002769368146       5.7934714303969193       5.7934714303969193       3025.2899563179144                                                 2517.8342074816583                                               11.36572114257444        20.850454324684165                391.4920236501215                           71.78792523331623                      11.959624485559599
                      19       1519.2311856462125     0.022803980851940027      0.11594723596296647       68.355988395037699       3.0397321941881055      0.97894155306584707     0.053216351464919362      0.13354581414713559       1.0034418468162591       2.2852286778056325       9.9964757188857529    2.089964543904994e-09      0.13354581414713559       496.01474974126927       5.7934714303969193       5.7934714303969193        3026.875428431631                                                 2518.7002445493508                                              12.160434141010231        20.943550801149627               390.87820616707018                          71.367772610948933                      12.825220162100555
                       2       1519.7650685350691     0.022766335245192657      0.11629884603538017       68.127875142742411       3.0404998415171045      0.98023664443342062     0.053635777373810332      0.13524380328973956       1.0029557046824358       2.2882642581061359       9.8655471391469991   2.0915695155521096e-09      0.13524380328973956       495.30005914753434       5.7934714303969193       5.7934714303969193       3027.9431942093443                                                 2518.2968189166127                                              14.346316145197148        20.794375666258475               390.79554050837385                          72.020819222171767                      11.689323750730216
