#                 weight             minuslogpost                 omegabh2                 omegach2                       H0                     logA                       ns                      tau                      mnu                       As            minuslogprior         minuslogprior__0                     chi2 chi2__sbt_spt_audit.likelihoods.candl_cobaya.CandlCobayaLikelihood chi2__sbt_spt_audit.likelihoods.desi_dr2_bao.DESIDR2BAOGaussian
                      31       702.26078446741701     0.022105040629091927       0.1159890477590923       68.505412229892784       3.0411486999999999      0.98037251999999997     0.058316680435242504     0.098807823274734197   2.0929270885635932e-09       2.1045919762829826       2.1045919762829826        1400.312384982268                                                 1389.8987586818228                                              10.413626300445314
                       7       701.27912683199588     0.022122058516153537      0.11616219208708729       68.396821249164446       3.0411486999999999      0.98037251999999997      0.05723672029442687     0.094231376668087063   2.0929270885635932e-09       2.1045919762829826       2.1045919762829826       1398.3490697114257                                                 1388.0663889156917                                              10.282680795733931
                       9       701.30670864638671     0.022132998182087523      0.11621782736287077       68.422271750240441       3.0411486999999999      0.98037251999999997     0.057568449882936731     0.096476251072093275   2.0929270885635932e-09       2.1045919762829826       2.1045919762829826       1398.4042333402074                                                  1388.121567027267                                              10.282666312940291
                      30       701.25516779420752     0.022132998182087523      0.11621782736287077       68.422271750240441       3.0446688871362197      0.97428763304063959     0.057568449882936731     0.096476251072093275   2.1003075662877746e-09       2.1045919762829826       2.1045919762829826        1398.301151635849                                                 1388.0184853229086                                              10.282666312940291
                      15       699.49412462486248     0.022203067675628806      0.11689248244787831       68.435464491362751       3.0446688871362197      0.97428763304063959     0.057089068474849562     0.055824517120609915   2.1003075662877746e-09       2.1045919762829826       2.1045919762829826       1394.7790652971589                                                 1384.3474719289309                                               10.43159336822816
                      10       700.01327092151075     0.022159788214969552      0.11781046590761038       68.368798403975319       3.0446688871362197      0.97428763304063959     0.056805600725370789     0.047220599949170584   2.1003075662877746e-09       2.1045919762829826       2.1045919762829826       1395.8173578904555                                                  1385.062956395119                                              10.754401495336332
                       5       701.08567289929204     0.022159788214969552      0.11781046590761038       68.368798403975319       3.0413013906386195      0.97971658058567301     0.056805600725370789     0.047220599949170584   2.0932466833362743e-09       2.1045919762829826       2.1045919762829826        1397.962161846018                                                 1387.2077603506816                                              10.754401495336332
                      12       699.80623109374983     0.022121903322629522      0.11786921849405207       68.294753199073767       3.0413013906386195      0.97971658058567301     0.057871378501627629     0.033504688527436717   2.0932466833362743e-09       2.1045919762829826       2.1045919762829826       1395.4032782349336                                                  1384.314553998704                                              11.088724236229602
                       1       699.86308984240213     0.022135668815871208      0.11785088125969073       68.328201358058337       3.0413013906386195      0.97971658058567301     0.058180995716518726     0.032685810681992354   2.0932466833362743e-09       2.1045919762829826       2.1045919762829826       1395.5169957322382                                                 1384.5518078732223                                              10.965187859015844
                      44       699.91091794312172     0.022125263066870578      0.11782130964412008       68.362238528498096       3.0413013906386195      0.97971658058567301     0.058203525756526951     0.032734993835634052   2.0932466833362743e-09       2.1045919762829826       2.1045919762829826       1395.6126519336774                                                 1384.8424965192239                                              10.770155414453409
                       9       699.83754572819078     0.022120151132790915      0.11777633865116521       68.286020783186984       3.0413013906386195      0.97971658058567301     0.057752613984626583     0.033824159048931407   2.0932466833362743e-09       2.1045919762829826       2.1045919762829826       1395.4659075038155                                                 1384.3667231473519                                              11.099184356463644
                      42       700.00322156195818     0.022102450962005186        0.118034906492961       68.297381674670305       3.0413013906386195      0.97971658058567301      0.05782160530409327     0.030876437318682476   2.0932466833362743e-09       2.1045919762829826       2.1045919762829826       1395.7972591713503                                                 1384.7222677001173                                              11.074991471233066
                     142       700.40763441587546     0.021989362915656546      0.11727879335881025       68.215560607442171       3.0413013906386195      0.97971658058567301     0.057661952531555295     0.040878226125756159   2.0932466833362743e-09       2.1045919762829826       2.1045919762829826       1396.6060848791849                                                 1385.7837985360302                                              10.822286343154763
                       3       700.86597452377418     0.021989362915656546      0.11727879335881025       68.215560607442171       3.0423917554883659      0.97577459083172036     0.057661952531555295     0.040878226125756159    2.095530330719799e-09       2.1045919762829826       2.1045919762829826       1397.5227650949823                                                 1386.7004787518276                                              10.822286343154763
                       2       701.03732697570581     0.022071733416635975      0.11753172107995419       68.094954571952513       3.0423917554883659      0.97577459083172036     0.056734779651986436     0.040080787497320171    2.095530330719799e-09       2.1045919762829826       2.1045919762829826       1397.8654699988456                                                 1385.8629726349761                                              12.002497363869415
                      13       700.86177096933818     0.022071733416635975      0.11753172107995419       68.094954571952513       3.0420680459003098      0.97541754145697745     0.056734779651986436     0.040080787497320171   2.0948520972409452e-09       2.1045919762829826       2.1045919762829826       1397.5143579861103                                                 1385.5118606222409                                              12.002497363869415
                      29       700.75878558428042     0.021944536678475794      0.11786659085825224       68.020418255176281       3.0420680459003098      0.97541754145697745     0.055082706355407109     0.051108526686540062   2.0948520972409452e-09       2.1045919762829826       2.1045919762829826       1397.3083872159948                                                 1385.3688533619277                                              11.939533854067056
                     102       702.87085834006155     0.022099871898316654      0.11913504187724334       67.618282578046973       3.0420680459003098      0.97541754145697745     0.056060475199113571     0.058022834627549084   2.0948520972409452e-09       2.1045919762829826       2.1045919762829826       1401.5325327275571                                                 1382.3253917625818                                              19.207140964975114
                      18       704.11364905326229     0.022173924579208699      0.11895157497506929       67.593825900373574       3.0420680459003098      0.97541754145697745     0.057251016720745486     0.056991983759569091   2.0948520972409452e-09       2.1045919762829826       2.1045919762829826       1404.0181141539585                                                 1383.5953993073983                                              20.422714846560162
                      14       703.36729315401487     0.022149036575149526       0.1192301485507752       67.649673775275929       3.0420680459003098      0.97541754145697745     0.056850649870275202     0.054555341385815623   2.0948520972409452e-09       2.1045919762829826       2.1045919762829826       1402.5254023554637                                                  1383.107169152524                                              19.418233202939781
                      14       705.05268148300308     0.022196118407825573      0.11880262523554273       67.867792082633059       3.0420680459003098      0.97541754145697745      0.05971587151295156     0.028148951842324649   2.0948520972409452e-09       2.1045919762829826       2.1045919762829826       1405.8961790134401                                                 1389.3262634093855                                              16.569915604054582
                      14       705.94639998722096     0.022196118407825573      0.11880262523554273       67.867792082633059       3.0769778550865361      0.94361345823630993      0.05971587151295156     0.028148951842324649    2.169274461470849e-09       2.1045919762829826       2.1045919762829826       1407.6836160218759                                                 1391.1137004178213                                              16.569915604054582
                      20       706.11536966047868     0.022182853898653002      0.11898142939595439       67.872660547191103       3.0769778550865361      0.94361345823630993     0.059569661223093769     0.028239018913724934    2.169274461470849e-09       2.1045919762829826       2.1045919762829826       1408.0215553683913                                                  1391.520443757473                                              16.501111610918397
                      12       706.07097239838436      0.02218595560689253      0.11898527929123695       67.870392126781724       3.0769778550865361      0.94361345823630993     0.059592016967882515     0.028626278192684925    2.169274461470849e-09       2.1045919762829826       2.1045919762829826       1407.9327608442027                                                  1391.371402242253                                              16.561358601949678
                      13         706.082262261501     0.022219355965289813      0.11906021764469148       67.926928793335634       3.0769778550865361      0.94361345823630993     0.059848008892767507     0.032288388425074768    2.169274461470849e-09       2.1045919762829826       2.1045919762829826        1407.955340570436                                                 1391.9146442246979                                              16.040696345737992
                      32       706.08053455560128     0.022218984808877216      0.11905857807821323       67.927301131856723       3.0769778550865361      0.94361345823630993      0.05983645332381634     0.032295527098325817    2.169274461470849e-09       2.1045919762829826       2.1045919762829826       1407.9518851586365                                                 1391.9215970341993                                              16.030288124437167
                       1       702.25459181900317     0.022218984808877216      0.11905857807821323       67.927301131856723       3.0718207222812683      0.95105787992711921      0.05983645332381634     0.032295527098325817   2.1581160224886606e-09       2.1045919762829826       2.1045919762829826       1400.2999996854403                                                 1384.2697115610031                                              16.030288124437167
                      54       702.60893327730355     0.022272659706219833      0.11947313657555687       67.780588987134564       3.0718207222812683      0.95105787992711921     0.059816838240182496     0.024190310655319937   2.1581160224886606e-09       2.1045919762829826       2.1045919762829826       1401.0086826020411                                                 1381.4155318968133                                              19.593150705227835
                      49       702.27651416537105     0.022272659706219833      0.11947313657555687       67.780588987134564       3.0694923910355891      0.95141306589781827     0.059816838240182496     0.024190310655319937   2.1530970586941805e-09       2.1045919762829826       2.1045919762829826       1400.3438443781761                                                 1380.7506936729483                                              19.593150705227835
                       9       702.35660219819295     0.022271187900495638      0.11955602245639398       67.777905862224983       3.0694923910355891      0.95141306589781827     0.059928468490865992     0.022129223459486126   2.1530970586941805e-09       2.1045919762829826       2.1045919762829826       1400.5040204438199                                                  1380.742245788201                                              19.761774655618943
                      13       703.05377170958309     0.022291531096753942       0.1196520211099547       67.699676186856578       3.0694923910355891      0.95141306589781827     0.059427049865857395     0.022764622769670301   2.1530970586941805e-09       2.1045919762829826       2.1045919762829826       1401.8983594666001                                                 1380.2683882878705                                              21.629971178729654
                      75       703.24123693325532     0.022297208373905988      0.11978842030790876       67.668528764199621       3.0694923910355891      0.95141306589781827     0.059002724015790271     0.027244394744197965   2.1530970586941805e-09       2.1045919762829826       2.1045919762829826       1402.2732899139446                                                 1379.9077582903726                                              22.365531623571954
                      17       703.18488275439199     0.022297208373905988      0.11978842030790876       67.668528764199621       3.0662627832625029      0.95190664019969873     0.059002724015790271     0.027244394744197965   2.1461546164143387e-09       2.1045919762829826       2.1045919762829826       1402.1605815562179                                                  1379.795049932646                                              22.365531623571954
                       3       703.03424511683272     0.022297208373905988      0.11978842030790876       67.668528764199621       3.0668138044222317      0.95195997168131175     0.059002724015790271     0.027244394744197965   2.1473375188922503e-09       2.1045919762829826       2.1045919762829826       1401.8593062810994                                                 1379.4937746575274                                              22.365531623571954
                       2       702.58448968036612     0.022429342173323385      0.11778040502101829       68.781306375918334       3.0668138044222317      0.95195997168131175     0.058590828996968353     0.032544998332804179   2.1473375188922503e-09       2.1045919762829826       2.1045919762829826       1400.9597954081662                                                 1390.6741645303712                                              10.285630877795009
                      13        703.3268270887977     0.022429342173323385      0.11778040502101829       68.781306375918334       3.0602623394522697      0.95536309545305753     0.058590828996968353     0.032544998332804179   2.1333152955657664e-09       2.1045919762829826       2.1045919762829826       1402.4444702250294                                                 1392.1588393472343                                              10.285630877795009
                       9       701.07909141004302     0.022404601622626624      0.11769244517262928       68.594477429283003       3.0602623394522697      0.95536309545305753     0.060382624543428333     0.019454084443299192   2.1333152955657664e-09       2.1045919762829826       2.1045919762829826         1397.94899886752                                                 1387.2600286556544                                              10.688970211865504
                      14       699.62685921765706     0.022451188461760863       0.1177553459058036       68.520370558103181       3.0602623394522697      0.95536309545305753     0.059065692036478094     0.012765353926256716   2.1333152955657664e-09       2.1045919762829826       2.1045919762829826       1395.0445344827481                                                 1383.7556537518224                                              11.288880730925719
                      14       699.61302954602513     0.022454963122549455      0.11771789300622176       68.523854830736809       3.0602623394522697      0.95536309545305753     0.059152842036376288     0.015630622870165489   2.1333152955657664e-09       2.1045919762829826       2.1045919762829826       1395.0168751394842                                                  1383.772095329819                                              11.244779809665193
                      17       700.54968928912149     0.022462403970427987      0.11803478966976737       68.676182185656614       3.0602623394522697      0.95536309545305753     0.059144652515009756     0.021637357174734265   2.1333152955657664e-09       2.1045919762829826       2.1045919762829826       1396.8901946256769                                                 1386.3128748928493                                              10.577319732827513
                      74       698.85806175456321     0.022466231495653296      0.11790445455608362       68.732756374144444       3.0602623394522697      0.95536309545305753     0.057564448923424757     0.018210288028825544   2.1333152955657664e-09       2.1045919762829826       2.1045919762829826       1393.5069395565604                                                 1383.0727282223713                                              10.434211334189071
                      30        698.8222372959857     0.022464274086425113      0.11790054552596094       68.732296806076647       3.0602623394522697      0.95536309545305753     0.057437301226714289     0.018009605931309937   2.1333152955657664e-09       2.1045919762829826       2.1045919762829826       1393.4352906394054                                                 1383.0026361671464                                              10.432654472258982
                      10       699.11686418535157     0.022464274086425113      0.11790054552596094       68.732296806076647       3.0595053412462354      0.95451845090057319     0.057437301226714289     0.018009605931309937    2.131700990804111e-09       2.1045919762829826       2.1045919762829826       1394.0245444181371                                                 1383.5918899458782                                              10.432654472258982
                       2        699.4070540501931     0.022440315918741384      0.11788896073950127       68.709568566439728       3.0595053412462354      0.95451845090057319     0.057111489129253824     0.022388095267774428    2.131700990804111e-09       2.1045919762829826       2.1045919762829826       1394.6049241478202                                                 1384.1816953687792                                              10.423228779040882
                      41       700.80688458567408     0.022393878456670062       0.1179596983149816       68.378479996387952       3.0595053412462354      0.95451845090057319     0.057493059877440231    0.0011160462515617323    2.131700990804111e-09       2.1045919762829826       2.1045919762829826       1397.4045852187821                                                  1385.202808062018                                               12.20177715676415
                       6       701.02943451528188     0.022392182980586133      0.11885929320671582       67.908073515654394       3.0595053412462354      0.95451845090057319     0.055718872643031221     0.051724801332386598    2.131700990804111e-09       2.1045919762829826       2.1045919762829826       1397.8496850779977                                                 1380.3306446159625                                              17.519040462035292
                      12       703.12661574337324     0.022392182980586133      0.11885929320671582       67.908073515654394       3.0599154088396001       0.9572026619626407     0.055718872643031221     0.051724801332386598   2.1325753115522339e-09       2.1045919762829826       2.1045919762829826       1402.0440475341804                                                 1384.5250070721452                                              17.519040462035292
                      24       700.62401844563431      0.02235244767089575      0.11863712603159393       67.923464697305846       3.0599154088396001       0.9572026619626407     0.058285503709179613     0.059463788756688923   2.1325753115522339e-09       2.1045919762829826       2.1045919762829826       1397.0388529387026                                                  1380.543607174302                                               16.49524576440054
                      11       701.43988526267901     0.022358068900051792      0.11888355524012155       67.933506163604036       3.0599154088396001       0.9572026619626407     0.056875230667935581     0.062987526129657703   2.1325753115522339e-09       2.1045919762829826       2.1045919762829826        1398.670586572792                                                 1382.1458286559421                                              16.524757916849925
                      21       701.77134719787568     0.022355155614721119      0.11894005578086497       67.938542289168737       3.0599154088396001       0.9572026619626407     0.057009605954230214     0.062978883011294409   2.1325753115522339e-09       2.1045919762829826       2.1045919762829826       1399.3335104431853                                                 1382.8670014404429                                              16.466509002742377
                      26       699.89796474590764     0.022370067040620924      0.11850975496064707       68.028260552259184       3.0599154088396001       0.9572026619626407     0.057624798679473573      0.05148591269280553   2.1325753115522339e-09       2.1045919762829826       2.1045919762829826       1395.5867455392493                                                 1380.3391687396052                                              15.247576799644065
                      22       699.90581281533514     0.022373604502868252      0.11849144132355009        68.03634327345307       3.0599154088396001       0.9572026619626407     0.057557467579691809     0.051407442940499398   2.1325753115522339e-09       2.1045919762829826       2.1045919762829826       1395.6024416781042                                                 1380.4418797791652                                              15.160561898938928
                      11       701.20862372393503     0.022373604502868252      0.11849144132355009        68.03634327345307       3.0545830190241303      0.95772314532049641     0.057557467579691809     0.051407442940499398   2.1212338540902531e-09       2.1045919762829826       2.1045919762829826        1398.208063495304                                                  1383.047501596365                                              15.160561898938928
                      35       701.56360981508999     0.022367630056413644      0.11845132772351659       68.053172515791275       3.0545830190241303      0.95772314532049641     0.057709660874806841      0.05260463305270658   2.1212338540902531e-09       2.1045919762829826       2.1045919762829826       1398.9180356776139                                                 1384.0810918666309                                              14.836943810982923
                      18       701.58894675213469     0.022367877611751245       0.1184512159280583       68.051594403181468       3.0545830190241303      0.95772314532049641     0.057737415186092163      0.05245738814161284   2.1212338540902531e-09       2.1045919762829826       2.1045919762829826       1398.9687095517033                                                 1384.1064003004647                                              14.862309251238759
                      14        699.7812412225453     0.022409655352880829      0.11823880280991116        68.09498724265795       3.0545830190241303      0.95772314532049641     0.056651837285853483     0.055366282997945715   2.1212338540902531e-09       2.1045919762829826       2.1045919762829826       1395.3532984925246                                                 1380.8733164806872                                              14.479982011837334
                       2       699.89256585131216     0.022409655352880829      0.11823880280991116        68.09498724265795       3.0541426520636072       0.9577711658832252     0.056651837285853483     0.055366282997945715   2.1202999384332603e-09       2.1045919762829826       2.1045919762829826       1395.5759477500583                                                 1381.0959657382209                                              14.479982011837334
                       4       699.89137818113807     0.022409678811761265      0.11823891621099844       68.094870191427148       3.0541426520636072       0.9577711658832252     0.056649438239586646      0.05536360711238681   2.1202999384332603e-09       2.1045919762829826       2.1045919762829826       1395.5735724097101                                                 1381.0918176034177                                               14.48175480629236
                      13       700.33266309875444     0.022409678811761265      0.11823891621099844       68.094870191427148       3.0534386970962029      0.95747994269851433     0.056649438239586646      0.05536360711238681   2.1188078679960279e-09       2.1045919762829826       2.1045919762829826       1396.4561422449428                                                 1381.9743874386504                                               14.48175480629236
                      14       699.86008849954874     0.022399454726274817      0.11816377105454001       68.187879325216613       3.0534386970962029      0.95747994269851433     0.056254369800264346     0.054921332777521356   2.1188078679960279e-09       2.1045919762829826       2.1045919762829826       1395.5109930465314                                                 1382.2072002887351                                              13.303792757796355
                      22       700.07257142456092     0.022447894734511028      0.11822553124327605       68.119321658595638       3.0534386970962029      0.95747994269851433     0.054885059262461282     0.054086696803752561   2.1188078679960279e-09       2.1045919762829826       2.1045919762829826       1395.9359588965558                                                 1381.4175199058213                                              14.518438990734355
                       8       699.80510464743224     0.022447894734511028      0.11822553124327605       68.119321658595638       3.0531089715931334      0.95666027517731467     0.054885059262461282     0.054086696803752561   2.1181093581704257e-09       2.1045919762829826       2.1045919762829826       1395.4010253422985                                                  1380.882586351564                                              14.518438990734355
                      17        699.9384916833144     0.022447894734511028      0.11822553124327605       68.119321658595638       3.0524283884449885      0.95565084433288738     0.054885059262461282     0.054086696803752561   2.1166682990712203e-09       2.1045919762829826       2.1045919762829826       1395.6677994140628                                                 1381.1493604233283                                              14.518438990734355
                       5       699.91736493631947     0.022447894734511028      0.11822553124327605       68.119321658595638        3.053471573804273      0.95482617501415734     0.054885059262461282     0.054086696803752561   2.1188775285688597e-09       2.1045919762829826       2.1045919762829826       1395.6255459200729                                                 1381.1071069293384                                              14.518438990734355
                       2       700.37038705989778      0.02246416033884124      0.11806792812839079       68.106193595896386        3.053471573804273      0.95482617501415734     0.054765192607764378     0.057558839156560813   2.1188775285688597e-09       2.1045919762829826       2.1045919762829826       1396.5315901672295                                                 1381.8749840583187                                              14.656606108910843
                      17       700.44010203741334     0.022460663372422373      0.11780802663224695       68.190393842002024        3.053471573804273      0.95482617501415734     0.055143044491101821     0.053377845831755907   2.1188775285688597e-09       2.1045919762829826       2.1045919762829826       1396.6710201222606                                                 1383.1056971966343                                               13.56532292562631
                       7       702.23249650874038     0.022627196280451747      0.11840421169154597       68.226805039862654        3.053471573804273      0.95482617501415734     0.054003252247629682     0.069165290294381468   2.1188775285688597e-09       2.1045919762829826       2.1045919762829826       1400.2558090649147                                                 1385.7233032584518                                                14.5325058064629
                       5       702.18657173369991     0.022614863182080166      0.11839605684450959       68.239820701892995        3.053471573804273      0.95482617501415734     0.053836398258782295     0.069817259542541893   2.1188775285688597e-09       2.1045919762829826       2.1045919762829826       1400.1639595148338                                                 1385.9104976539818                                              14.253461860852036
                      42       701.95961643096416     0.022609083952086946      0.11832673595046866       68.263490116424734        3.053471573804273      0.95482617501415734     0.055068824666434882     0.069506108730242391   2.1188775285688597e-09       2.1045919762829826       2.1045919762829826       1399.7100489093623                                                  1385.815972110043                                              13.894076799319226
                      29       701.38756507988478      0.02260062676869792      0.11794638711041494       68.253592926851169        3.053471573804273      0.95482617501415734     0.056190037886937688     0.067304923679877879   2.1188775285688597e-09       2.1045919762829826       2.1045919762829826       1398.5659462072035                                                  1384.801151262958                                              13.764794944245555
                       8       701.73356225899875     0.022624648124537922      0.11790008636310943       68.281117021422943        3.053471573804273      0.95482617501415734     0.054258192708112239     0.069108876837828626   2.1188775285688597e-09       2.1045919762829826       2.1045919762829826       1399.2579405654315                                                 1385.6714418297036                                              13.586498735727986
                       5        701.4266363007406     0.022624648124537922      0.11790008636310943       68.281117021422943       3.0588815241972651      0.94803787519309968     0.054258192708112239     0.069108876837828626   2.1303716140697868e-09       2.1045919762829826       2.1045919762829826       1398.6440886489152                                                 1385.0575899131873                                              13.586498735727986
                       4       701.58889726534551     0.022475543002309094       0.1175234730167911       68.176945648182496       3.0588815241972651      0.94803787519309968     0.054600457150168744     0.075523076166538167   2.1303716140697868e-09       2.1045919762829826       2.1045919762829826        1398.968610578125                                                 1385.6724308481976                                              13.296179729927307
                      16       702.41150525913554     0.022442266940076321       0.1173045755953029       68.236446524261154       3.0588815241972651      0.94803787519309968     0.055211323878958538     0.063208500517767593   2.1303716140697868e-09       2.1045919762829826       2.1045919762829826        1400.613826565705                                                 1388.0371657920766                                              12.576660773628319
                      27         701.681104148337     0.022388370146473512      0.11784428773230113       68.094620995145831       3.0588815241972651      0.94803787519309968     0.053757635701260763     0.067629811757883032   2.1303716140697868e-09       2.1045919762829826       2.1045919762829826        1399.153024344108                                                 1385.3026724951646                                              13.850351848943273
                       3       701.39783174930528     0.022388370146473512      0.11784428773230113       68.094620995145831       3.0368385348728588      0.97119946607219032     0.053757635701260763     0.067629811757883032   2.0839256400130164e-09       2.1045919762829826       2.1045919762829826       1398.5864795460445                                                 1384.7361276971012                                              13.850351848943273
                      22       701.21013926639716     0.022388972114840571      0.11791694941797384       68.105595258830533       3.0368385348728588      0.97119946607219032      0.05315554078223781     0.067849834417290991   2.0839256400130164e-09       2.1045919762829826       2.1045919762829826       1398.2110945802283                                                  1384.441920305452                                              13.769174274776271
                      48       701.84319179653085      0.02246274700678931      0.11746842110937358       68.352867688947654       3.0368385348728588      0.97119946607219032      0.05438786526041707      0.07952405306763119   2.0839256400130164e-09       2.1045919762829826       2.1045919762829826       1399.4771996404957                                                 1387.8680754560712                                              11.609124184424523
                      45       702.02700599286015     0.022474622105873178      0.11748536658240788       68.341061930459205       3.0368385348728588      0.97119946607219032     0.054692388597949337     0.077819708766582174   2.0839256400130164e-09       2.1045919762829826       2.1045919762829826       1399.8448280331543                                                 1388.0683175977592                                              11.776510435394966
                       3       702.14814450455879     0.022477829826272559       0.1175558982143264       68.320085229594866       3.0368385348728588      0.97119946607219032     0.054734913672928369     0.076593202409887512   2.0839256400130164e-09       2.1045919762829826       2.1045919762829826       1400.0871050565515                                                 1388.0922665465555                                              11.994838509996082
                      26       702.27432628819486     0.022501617859306742      0.11754760816724694       68.320197048814634       3.0368385348728588      0.97119946607219032     0.054266218642814848      0.07836424834715075   2.0839256400130164e-09       2.1045919762829826       2.1045919762829826       1400.3394686238237                                                 1388.2396760980362                                              12.099792525787597
                      15       701.96388613600345     0.022458377686516134      0.11765352920457219       68.285079168085332       3.0368385348728588      0.97119946607219032     0.054394505381002996     0.077566083754725262   2.0839256400130164e-09       2.1045919762829826       2.1045919762829826       1399.7185883194409                                                 1387.5193653773792                                              12.199222942061722
                      32       702.68403271176646     0.022480892379480089      0.11793451321801325       68.301810319594779       3.0368385348728588      0.97119946607219032     0.053631418039283417     0.073960574976619231   2.0839256400130164e-09       2.1045919762829826       2.1045919762829826       1401.1588814709669                                                 1388.8003383828229                                              12.358543088143932
                      10       702.69855442326173     0.022480892379480089      0.11793451321801325       68.301810319594779       3.0370220771292487      0.97137833992178024     0.053631418039283417     0.073960574976619231   2.0843081635306739e-09       2.1045919762829826       2.1045919762829826       1401.1879248939574                                                 1388.8293818058135                                              12.358543088143932
                      21       702.83121818210918     0.022481689896376961      0.11795844221875983       68.302375937586405       3.0370220771292487      0.97137833992178024     0.053590793137618671     0.074068359512972609   2.0843081635306739e-09       2.1045919762829826       2.1045919762829826       1401.4532524116523                                                  1389.085234063416                                              12.368018348236308
                      45       701.29924233140696     0.022481689896376961      0.11795844221875983       68.302375937586405       3.0457510840949538       0.9607677620450632     0.053590793137618671     0.074068359512972609    2.102581743080071e-09       2.1045919762829826       2.1045919762829826       1398.3893007102479                                                 1386.0212823620116                                              12.368018348236308
                      31       701.76558197298539     0.022410058061826488      0.11760658048104607       68.353808941440064       3.0457510840949538       0.9607677620450632     0.055446528072367392     0.061786583413541402    2.102581743080071e-09       2.1045919762829826       2.1045919762829826       1399.3219799934047                                                 1387.7331107766433                                              11.588869216761314
                       5       701.09973835775781     0.022410058061826488      0.11760658048104607       68.353808941440064       3.0583700991139402      0.95056259028369439     0.055446528072367392     0.061786583413541402   2.1292823671473886e-09       2.1045919762829826       2.1045919762829826       1397.9902927629496                                                 1386.4014235461882                                              11.588869216761314
                       1       700.92065211571571     0.022468557998265734       0.1173424630488587       68.239955767613793       3.0583700991139402      0.95056259028369439      0.05452496876831911     0.077935252795568372   2.1292823671473886e-09       2.1045919762829826       2.1045919762829826       1397.6321202788654                                                 1385.1205350520388                                              12.511585226826606
                      12       700.80517814357165     0.022468557998265734       0.1173424630488587       68.239955767613793       3.0574987244718015      0.95222852592981888      0.05452496876831911     0.077935252795568372   2.1274277726273698e-09       2.1045919762829826       2.1045919762829826       1397.4011723345773                                                 1384.8895871077507                                              12.511585226826606
                      10       701.03058929601582     0.022458617081762465      0.11759733890219734       68.234546820502899       3.0574987244718015      0.95222852592981888     0.053612019507046228     0.078468494748056949   2.1274277726273698e-09       2.1045919762829826       2.1045919762829826       1397.8519946394656                                                  1385.245916119954                                              12.606078519511595
                      18       700.20280143099842     0.022453125744072475      0.11764153812608759       68.265669392384694       3.0574987244718015      0.95222852592981888     0.055914543817315018     0.066098881414556249   2.1274277726273698e-09       2.1045919762829826       2.1045919762829826       1396.1964189094308                                                 1383.7136293753556                                              12.482789534075119
                      16        700.7452970268007     0.022453125744072475      0.11764153812608759       68.265669392384694       3.0629897253740275      0.95020307374386404     0.055914543817315018     0.066098881414556249   2.1391416113637525e-09       2.1045919762829826       2.1045919762829826       1397.2814101010354                                                 1384.7986205669602                                              12.482789534075119
                      20       700.03219142309001     0.022453125744072475      0.11764153812608759       68.265669392384694       3.0600651497870239      0.95200961786486504     0.055914543817315018     0.066098881414556249   2.1328946693097087e-09       2.1045919762829826       2.1045919762829826        1395.855198893614                                                 1383.3724093595388                                              12.482789534075119
                       6       700.57300407399623     0.022453125744072475      0.11764153812608759       68.265669392384694       3.0432534731849086      0.96720529248080611     0.055914543817315018     0.066098881414556249    2.097336864538715e-09       2.1045919762829826       2.1045919762829826       1396.9368241954264                                                 1384.4540346613512                                              12.482789534075119
                      65       702.06619470662292     0.022414476038859515      0.11759802597591225       68.757624697302674       3.0432534731849086      0.96720529248080611     0.055831962039235267      0.03847824160768426    2.097336864538715e-09       2.1045919762829826       2.1045919762829826       1399.9232054606798                                                 1389.6391338319418                                              10.284071628738138
                      18       698.63045964295861     0.022303739143577275       0.1168088951927608       68.754133854902818       3.0432534731849086      0.96720529248080611     0.054104417861103385     0.027310982419307149    2.097336864538715e-09       2.1045919762829826       2.1045919762829826       1393.0517353333512                                                 1382.6774660247906                                              10.374269308560454
                       9       698.58142283131338     0.022303739143577275       0.1168088951927608       68.754133854902818       3.0427082675034742      0.96747433061173038     0.054104417861103385     0.027310982419307149   2.0961936962235337e-09       2.1045919762829826       2.1045919762829826       1392.9536617100607                                                 1382.5793924015002                                              10.374269308560454
                       6       698.45977256072467     0.022274570664716536      0.11718901819201998       68.592766282280436       3.0427082675034742      0.96747433061173038     0.054314993098617009     0.020792320867377281   2.0961936962235337e-09       2.1045919762829826       2.1045919762829826       1392.7103611688833                                                 1382.3280226644868                                              10.382338504396641
                      46       699.07555942594752     0.022188830733834399      0.11753485652066221       68.687130137339977       3.0427082675034742      0.96747433061173038     0.054820391593668902    0.0052867354489562861   2.0961936962235337e-09       2.1045919762829826       2.1045919762829826        1393.941934899329                                                 1383.6477710147583                                               10.29416388457069
                      31       699.04434817643346     0.022188374847824467       0.1175349956568924       68.686559293295872       3.0427082675034742      0.96747433061173038       0.0547933235722688    0.0053242439343349482   2.0961936962235337e-09       2.1045919762829826       2.1045919762829826       1393.8795124003009                                                 1383.5855028548801                                              10.294009545420638
                      91       700.37001605137834     0.022105552971348596      0.11752689771341235       68.539601916155405       3.0427082675034742      0.96747433061173038     0.055313368691034606   0.00080911177017578637   2.0961936962235337e-09       2.1045919762829826       2.1045919762829826       1396.5308481501906                                                 1386.1912660454316                                              10.339582104759018
                      18       698.42848936798282     0.022178108116885076      0.11750414140624382       68.644564442035673       3.0427082675034742      0.96747433061173038     0.052670853407676965     0.018830052954913756   2.0961936962235337e-09       2.1045919762829826       2.1045919762829826       1392.6477947833996                                                 1382.3660435625329                                                10.2817512208666
