#                 weight             minuslogpost                 omegabh2                 omegach2                       H0                     logA                       ns                      tau               mnu_sample                 A_planck               TT_tSZ_Amp               TT_kSZ_Amp                       As                      mnu                chi2__CMB            minuslogprior         minuslogprior__0                     chi2 chi2__sbt_spt_audit.likelihoods.candl_cobaya.CandlCobayaLikelihood chi2__sbt_spt_audit.likelihoods.desi_dr2_bao.DESIDR2BAOGaussian chi2__planck_2018_lowl.TT chi2__planck_2018_lowl.EE_sroll2 chi2__planck_2018_highl_plik.TT_lite_native chi2__planckpr4lensing.PlanckPR4Lensing
                       2       946.74677643014934     0.022177279000000001               0.11868466       68.082908000000003                3.0498599      0.95874353999999995     0.054484783000000002              0.025069826       1.0068939816830531       1.3481705132641972       2.0741150736462459   2.1112386370003432e-09              0.025069826       490.98309507839463       5.7934714303969193       5.7934714303969193       1881.9066099995048                                                 1377.3847058507283                                              13.538809070381737        24.581942031743836               389.93281920352177                          68.142521684255598                       8.325812158873406
                       1       946.64230345855037     0.022177279000000001               0.11868466       68.082908000000003                3.0498599      0.95874353999999995     0.054484783000000002              0.025069826       1.0052657399800835       1.3481705132641972       2.0741150736462459   2.1112386370003432e-09              0.025069826       490.77414913519658       5.7934714303969193       5.7934714303969193       1881.6976640563068                                                 1377.3847058507283                                              13.538809070381737        24.867194542763173               389.91826134918227                          67.700835048884429                      8.2878581943667218
                       7       946.45651066063897     0.022177279000000001               0.11868466       68.082908000000003                3.0498599      0.95874353999999995     0.054484783000000002              0.025069826       1.0052696510330252       1.3545051062216233        2.186344457371312   2.1112386370003432e-09              0.025069826       490.77014746021973       5.7934714303969193       5.7934714303969193        1881.326078460484                                                 1377.0171219298823                                              13.538809070381737         24.86649957860908               389.91826134918227                          67.697680830172558                      8.2877057022558347
                       2       946.38710864217978     0.022180921113543445      0.11870751480476512       68.080143778856765       3.0490574231023846      0.95899531338544508     0.054056130356337238     0.025323791246852103       1.0052154375295226       1.3588377500360216       2.1559012179316017   2.1095450963732941e-09     0.025323791246852103       490.70341120334507       5.7934714303969193       5.7934714303969193       1881.1872744235657                                                 1376.8783736419973                                              13.605489578223438        24.794331295543316               389.95878791845837                          67.660739794593866                      8.2895521947495538
                       5          946.54489949504     0.022180921113543445      0.11870751480476512       68.080143778856765       3.0490574231023846      0.95899531338544508     0.054056130356337238     0.025323791246852103       1.0069391277237567       1.3588377500360216       2.1559012179316017   2.1095450963732941e-09     0.025323791246852103       491.01899290906533       5.7934714303969193       5.7934714303969193       1881.5028561292861                                                 1376.8783736419973                                              13.605489578223438        24.494780074614198               389.95580378401564                          68.220724357596026                      8.3476846928394952
                       8       945.23755189886515     0.022230420445040189      0.11780168976947336       68.342243562099952       3.0503473886186514      0.96460281836303463     0.057028931060141411     0.030767860619385499       1.0051892507632083       1.3686963537087939       1.8889261437471294   2.1122680927107223e-09     0.030767860619385499       489.72879155766691       5.7934714303969193       5.7934714303969193       1878.8881609369364                                                 1377.9425615596938                                              11.216807819575598         23.32643367496803               390.04125683219729                           67.83717332498874                      8.5239277255128538
                       7        945.1344583622589     0.022230420445040189      0.11780168976947336       68.342243562099952       3.0503473886186514      0.96460281836303463     0.057028931060141411     0.030767860619385499       1.0049915868414281       1.3686963537087939       1.8889261437471294   2.1122680927107223e-09     0.030767860619385499       489.52260448445452       5.7934714303969193       5.7934714303969193       1878.6819738637239                                                 1377.9425615596938                                              11.216807819575598         23.35614782687145               390.03503519666288                          67.646101387219076                      8.4853200737011321
                       1       945.32242898084962     0.022240568860143303      0.11777142431788307       68.338677964554577       3.0521149037559301      0.96472735836707535     0.057646504131943277     0.033872375822535959       1.0052378391109451       1.3692589187673452       1.8288142963403247   2.1160048599620807e-09     0.033872375822535959       489.47853498912787       5.7934714303969193       5.7934714303969193       1879.0579151009053                                                 1378.3386605898061                                              11.240719521971583        23.359458332517818               390.06578049175192                          67.605022269232464                      8.4482738956256593
                       7       945.60276014219164      0.02226038271704844      0.11785211340844776        68.42312581238896       3.0494122896637315      0.96737742242300306     0.057112545416421232     0.026036533963021712       1.0040191493632833       1.3963767700196852       1.6569378942625277    2.110293836231162e-09     0.026036533963021712       489.32444802909475       5.7934714303969193       5.7934714303969193       1879.6185774235894                                                 1379.3470489345489                                              10.947080459945935        22.846400532034579               390.08236739299787                          67.956916790555468                      8.4387633135068487
