#                 weight             minuslogpost                 omegabh2                 omegach2                       H0                     logA                       ns                      tau               mnu_sample                 A_planck               TT_tSZ_Amp               TT_kSZ_Amp                       As                      mnu                chi2__CMB            minuslogprior         minuslogprior__0                     chi2 chi2__sbt_spt_audit.likelihoods.candl_cobaya.CandlCobayaLikelihood chi2__sbt_spt_audit.likelihoods.desi_dr2_bao.DESIDR2BAOGaussian chi2__planck_2018_lowl.TT chi2__planck_2018_lowl.EE_sroll2 chi2__planck_2018_highl_plik.TT_lite_native chi2__planckpr4lensing.PlanckPR4Lensing
                       2       1517.2663407454579     0.022600502292190298      0.11633624585774743       68.769825570097339       3.0421197719485558      0.97957649741061159     0.058419150400903792     0.016426255874237752       1.0016094601545342       2.3725056637865092       9.9595100399185768   2.0949604584641199e-09     0.016426255874237752       498.22414305328323       5.7934714303969193       5.7934714303969193       3022.9457386301219                                                 2514.0894369875668                                              10.632158589271301        20.823684019652774               390.32110761343239                          77.825056047792074                      9.2542953724059611
                       5       1517.2199357963709     0.022595452285610235      0.11632835288951232       68.771496055976655       3.0420834707817059      0.97962496319917058     0.058442345081493687     0.015857295590317285       1.0015924645621748       2.3760409612853879       9.9605590342438468   2.0948844103352998e-09     0.015857295590317285       498.10948901715818       5.7934714303969193       5.7934714303969193       3022.8529287319479                                                 2514.1181718070798                                               10.62526790770958        20.817154631547396               390.32110761343239                          77.716342299747112                      9.2548844724312858
                       1       1517.0824261467733     0.022619164003321309      0.11655327635620728       68.786229022151204       3.0425436770169458      0.97938533358113533     0.058200029103746539    0.0040791925924091241       1.0017334658555888       2.3559224112766035       9.9438169632477766   2.0958487110746302e-09    0.0040791925924091241       498.08002492115304       5.7934714303969193       5.7934714303969193       3022.5779094327527                                                 2513.7934489849372                                              10.704435526662591        20.853908097582064               390.33717491630892                          77.984047513446754                      8.9048943938152831
                      16       1519.2745835989635     0.022619164003321309      0.11655327635620728       68.786229022151204       3.0425436770169458      0.97938533358113533     0.058200029103746539    0.0040791925924091241       1.0027473544411876       2.3559224112766035       9.9438169632477766   2.0958487110746302e-09    0.0040791925924091241       502.46433982553378       5.7934714303969193       5.7934714303969193       3026.9622243371332                                                 2513.7934489849372                                              10.704435526662591          20.7694632711586               390.34917907746433                          82.061158239225051                      9.2845392376857934
                       8       1519.0086005063445     0.022639248921993409       0.1166039064701391       68.830099122278696       3.0407001305562718      0.98072775827849434     0.058208508522672425   0.00062778286628435275       1.0015786572784284        2.365802177121775       9.9565082223121877   2.0919884759559191e-09   0.00062778286628435275       502.78014614512244       5.7934714303969193       5.7934714303969193        3026.430258151895                                                 2512.9902649097821                                              10.659847096990097        20.641876275427876               390.33826497506948                          82.448122443764191                      9.3518824508609164
                       1       1520.7583690787608     0.022704580241426426      0.11693114897930351       68.613735444102403       3.0462050356030845      0.98518495184262067     0.062683300138275222     0.019793810618254654      0.99887591458428993       2.2293463616753888       9.9094885477576309   2.1035364299076788e-09     0.019793810618254654       505.91359099436499       5.7934714303969193       5.7934714303969193       3029.9297952967277                                                 2512.4174025844782                                              11.598801717884493        20.325766987024167               390.97435834287256                          86.016877210024916                      8.5965884544433262
                       1       1516.5436650422455     0.022704580241426426      0.11693114897930351       68.613735444102403       3.0462050356030845      0.98518495184262067     0.062683300138275222     0.019793810618254654      0.99557679686082046       2.2293463616753888       9.9094885477576309   2.1035364299076788e-09     0.019793810618254654       497.48418292133408       5.7934714303969193       5.7934714303969193       3021.5003872236971                                                 2512.4174025844782                                              11.598801717884493        20.547068715027194               390.95889645219341                          77.710942050265118                      8.2672757038483304
                       7       1516.5711587235235     0.022681672471891276      0.11683792929977321       68.606642956498035       3.0474309994206834      0.98474999392395735     0.063306487877706041     0.022172997424472495      0.99578618678250785       2.2473713805946005       9.9149848163455854   2.1061168709001943e-09     0.022172997424472495       497.21692135100238       5.7934714303969193       5.7934714303969193        3021.555374586253                                                 2512.8492207796921                                              11.489232455558296        20.587840533602844               391.08624013765677                          77.289535387714679                      8.2533052920280969
                       4       1517.0915665771013     0.022681672471891276      0.11683792929977321       68.606642956498035       3.0474309994206834      0.98474999392395735     0.063306487877706041     0.022172997424472495      0.99589207322422568        2.184703301976771       9.6938735017150552   2.1061168709001943e-09     0.022172997424472495        497.2458452890246       5.7934714303969193       5.7934714303969193       3022.5961902934087                                                 2513.8611125488255                                              11.489232455558296        20.580005515641005               391.08720703775873                          77.327118088430353                      8.2515146471945489
                       1       1517.1684840491796     0.022681672471891276      0.11683792929977321       68.606642956498035       3.0474309994206834      0.98474999392395735     0.063306487877706041     0.022172997424472495      0.99614948191500563        2.184703301976771       9.6938735017150552   2.1061168709001943e-09     0.022172997424472495       497.39968023318096       5.7934714303969193       5.7934714303969193       3022.7500252375653                                                 2513.8611125488255                                              11.489232455558296        20.561096474912347               391.10603904925631                          77.481569865472906                      8.2509748435393977
                       1       1519.0335031234558     0.022612336326610496      0.11667819042664425       68.664446035600534       3.0610745650061992      0.98060176639050822     0.068104358339231938    0.0067239493605036824      0.99896674045139422       2.2203492411543739       9.6646961988566442   2.1350487326390601e-09    0.0067239493605036824       497.35224325388032       5.7934714303969193       5.7934714303969193       3026.4800633861178                                                 2518.0515969132593                                              11.076223218978578        21.075042830649807               392.94178841957154                           74.97436740460094                      8.3610445990580793
                       1        1518.989533991323      0.02261968928501347      0.11664640000106725       68.668579966188545          3.0613004076263      0.98043167381642893     0.068002187182158183    0.0085325756382473479      0.99922018152357328       2.2108083209622715        9.660529146833472    2.135530972091943e-09    0.0085325756382473479       497.21275121193946       5.7934714303969193       5.7934714303969193       3026.3921251218521                                                 2518.1155538726175                                              11.063820037294931        21.095928244573258               392.88470792941234                          74.889089910511089                      8.3430251274427665
                       4       1518.8646820376514     0.022550167825152869      0.11737399346693769       68.458759627447407        3.060598340749086      0.97973734845967364     0.066807611347508927     0.001683491795965119      0.99925246111688482       2.2112124378260565       9.6643733767893103   2.1340322127073944e-09     0.001683491795965119       497.22557373424513       5.7934714303969193       5.7934714303969193       3026.1424212145089                                                 2516.6784738427664                                              12.238373637497322        21.152436969494374               392.49426428467575                          74.808049450241796                      8.7708230298332062
                       1       1519.0876134534431     0.022564068341252193      0.11740550057308345       68.441146842908552       3.0611916150993723      0.97965802262647717     0.066860207629252238    0.0030692794346633373      0.99942566431093061       2.1896843814761304       9.6535630327851578   2.1352986549185721e-09    0.0030692794346633373       497.39354370904294       5.7934714303969193       5.7934714303969193       3026.5882840460922                                                 2516.7285251831136                                              12.466215153936174        21.168783127332063               392.50879653228753                          74.872782568120456                      8.8431814813029082
                       4       1519.0960933258139     0.022566315779703101      0.11739867221237452       68.429475409666637       3.0605130148293616      0.97981424783121174     0.066642918860843808    0.0044655541066204304      0.99929353970746404       2.1879593671988791         9.65393095340767   2.1338501322143265e-09    0.0044655541066204304       497.44812055103694       5.7934714303969193       5.7934714303969193       3026.6052437908338                                                 2516.5945605176335                                              12.562562722163108        21.143204402228321               392.45067475171288                          75.044757909045927                      8.8094834880498052
                       2       1518.1172296873051     0.022641192856820022       0.1172976552643446       68.547412867308736       3.0606857316002443      0.98223170501318569     0.067023950204750993     0.021177457652292415      0.99869227760053136       2.1249130958415865       9.6619476194391609   2.1342187157480731e-09     0.021177457652292415       497.29880010257483       5.7934714303969193       5.7934714303969193       3024.6475165138163                                                 2515.5803848994133                                              11.768331511828169        20.901800513464536               392.50864952925372                          75.256235694426167                      8.6321143654304144
                       8       1518.1445468797192     0.022643533123263854      0.11702377340752614       68.465363452226384       3.0512731688145824      0.98760104740793764     0.064627386128852188     0.042749197909230277       0.9963877011943979        2.073530915307999       9.6667872013776286   2.1142244941385684e-09     0.042749197909230277       499.69712164976278       5.7934714303969193       5.7934714303969193       3024.7021508986445                                                 2512.9948818077037                                              12.010147441178368        20.326198103063405               391.48270131152344                             79.545234601234                      8.3429876339419557
                       1       1518.2029347996522     0.022641818422808484      0.11702078392276474       68.465777399627143       3.0512746401875108      0.98759379585714768     0.064638065722298479     0.042715004547608453      0.99638682006286328        2.075186182597716       9.6675225915352261   2.1142276049535423e-09     0.042715004547608453       499.81823079090498       5.7934714303969193       5.7934714303969193       3024.8189267385105                                                 2513.0036608947089                                              11.997035052896678        20.327064767629338               391.48725222803006                          79.660933994840079                      8.3429798004054909
                       1       1516.5298627677998     0.022691168599865818      0.11715482643325918       68.531967481223589       3.0424255608292348      0.98607578613538172     0.060218814189969841     0.031450155532079582       0.9961297724940491       2.1280233049175346       9.6958263600390637   2.0956011720343305e-09     0.031450155532079582       497.68617091488653       5.7934714303969193       5.7934714303969193       3021.4727826748058                                                 2511.8154380073252                                              11.971173752594252        20.420437594480404               390.52823247323369                          78.394758220483297                      8.3427426266891249
                       2       1516.5844591685193      0.02267898823143687      0.11722408155395027       68.501357747276359       3.0423945657433658      0.98588669906791238     0.060177854705733683     0.031353684607853149      0.99609667436892435       2.1344328306731839       9.6987934203336827   2.0955362197026626e-09     0.031353684607853149       497.62644915110599       5.7934714303969193       5.7934714303969193       3021.5819754762447                                                 2511.7952310625592                                              12.160295262579305        20.434087558528802               390.54069716601043                          78.309541048408519                      8.3421233781582735
                       7       1516.7641048856808      0.02267898823143687      0.11722408155395027       68.501357747276359       3.0423945657433658      0.98588669906791238     0.060177854705733683     0.031353684607853149      0.99612549086536228       2.0997757277658557       9.6387282432213546   2.0955362197026626e-09     0.031353684607853149       497.63170176702914       5.7934714303969193       5.7934714303969193       3021.9412669105677                                                 2512.1492698809589                                              12.160295262579305        20.432192545989665               390.52169453186832                           78.33417744050513                      8.3436372486660435
                       1       1517.1383739056039      0.02267898823143687      0.11722408155395027       68.501357747276359       3.0423945657433658      0.98588669906791238     0.060177854705733683     0.031353684607853149      0.99617923420474241       2.2170968112753076       9.5255764095158941   2.0955362197026626e-09     0.031353684607853149       497.68011141662043       5.7934714303969193       5.7934714303969193       3022.6898049504139                                                 2512.8493982712139                                              12.160295262579305        20.428664787660296               390.52169453186832                          78.383110920155602                      8.3466411769361919
                       1       1516.9190420628179      0.02269989508464778      0.11718961578261698       68.518124441281287       3.0419358975459554      0.98561769192918858     0.059898811913576086     0.034804195798024129      0.99621655094287631       2.2151061979462217        9.529355349735825   2.0945752842742706e-09     0.034804195798024129       497.21023467635467       5.7934714303969193       5.7934714303969193       3022.2511412648419                                                 2512.9567401586855                                              12.084166429801495        20.456142399860028               390.46039025609815                          77.926693716322788                      8.3670083040736749
                       1       1516.9292367052888     0.022636743120636679      0.11716103031011736       68.368717259750468       3.0434479838926705      0.98259041428265559     0.059449521988265037     0.040333484219680867      0.99785868160065716        2.238444960601766       9.5217842952983158   2.0977448586949811e-09     0.040333484219680867       495.49932637282046       5.7934714303969193       5.7934714303969193       3022.2715305497836                                                 2513.8761398397537                                              12.896064337209085        20.698506965370484               390.44621641677685                          76.001382609034778                       8.353220381638307
                       5       1516.7657941289622     0.022636743120636679      0.11716103031011736       68.368717259750468       3.0434479838926705      0.98259041428265559     0.059449521988265037     0.040333484219680867       0.9971765163533568        2.238444960601766       9.5217842952983158   2.0977448586949811e-09     0.040333484219680867       495.17244122016734       5.7934714303969193       5.7934714303969193       3021.9446453971304                                                 2513.8761398397537                                              12.896064337209085        20.752697472907585               390.42799356226868                          75.694295647060585                      8.2974545379305162
                       2       1516.5957860196875      0.02271739105678219      0.11690292319429785       68.548108385676983       3.0415057621270858       0.9833626517529076     0.058143323169699189     0.030772666588638694      0.99768672684274806       2.1906167803342216       9.4919721274624234   2.0936745269947081e-09     0.030772666588638694       495.71137806476634       5.7934714303969193       5.7934714303969193        3021.604629178581                                                 2513.9386323723566                                              11.954618741458059        20.670478921294773               390.34174198109395                          76.408764559535612                      8.2903926028420276
                       4       1515.7303302707123      0.02271739105678219      0.11690292319429785       68.548108385676983       3.0415057621270858       0.9833626517529076     0.058143323169699189     0.030772666588638694      0.99753317845570999       2.0445111339951136       9.8140813007917789   2.0936745269947081e-09     0.030772666588638694        495.7283041379826       5.7934714303969193       5.7934714303969193       3019.8737176806308                                                 2512.1907948011899                                              11.954618741458059        20.682264384757502               390.34839329688623                          76.419157045467273                      8.2784894108715719
                       2        1515.771571038463     0.022755610541526267      0.11679231280462612       68.598798129505852       3.0424562774763348      0.98270521294242963     0.058010346681811313      0.03297828237031683      0.99824685403215596       2.0195364599918584       9.8012192671404179   2.0956655428646175e-09      0.03297828237031683       495.33486718828749       5.7934714303969193       5.7934714303969193       3019.9561992161321                                                 2512.8794368351305                                              11.741895192714352        20.755670630634313               390.34822220337549                          75.945687714537172                      8.2852866397405727
                       2       1516.3134203476702     0.022755610541526267      0.11679231280462612       68.598798129505852       3.0424562774763348      0.98270521294242963     0.058010346681811313      0.03297828237031683      0.99714182307848209       2.0195364599918584       9.8012192671404179   2.0956655428646175e-09      0.03297828237031683       496.41856580670191       5.7934714303969193       5.7934714303969193       3021.0398978345465                                                 2512.8794368351305                                              11.741895192714352        20.846296414950643               390.35494349128896                          76.984401045764272                      8.2329248546979912
                       2       1516.2928284745017     0.022754567904754358      0.11678413085204233       68.600823767250731         3.04233428144311      0.98273656073306559     0.057962125957948515     0.033031326485402975      0.99714172555644476       2.0203761053540745       9.8017970017047702   2.0954098955757164e-09     0.033031326485402975        496.4058618040948       5.7934714303969193       5.7934714303969193       3020.9987140882095                                                 2512.8721304741894                                              11.720721809925575        20.841651450068809               390.34180465956763                          76.989315852114387                      8.2330898423440058
                       2       1518.8086503015509      0.02264640079638449       0.1152442555581593       69.076996553166524        3.030764111178998      0.98996173544353927     0.055495585286800868     0.026887135797443187      0.99595621394438094       2.1196040499722519       9.8550430597475831   2.0713053619928749e-09     0.026887135797443187       501.80685063017665       5.7934714303969193       5.7934714303969193       3026.0303577423078                                                 2512.9408055504368                                              11.282701561694292        20.143554774521647               390.81042890204651                          81.449329152280967                      9.4035378013274791
                       3       1520.6007771373966     0.022543499480517089      0.11425065085545018       69.135156541101509       3.0412325060922498      0.98439141022659693     0.060680295925022054     0.052236593922457414       0.9979694529099804       2.2871411593589257       9.9132993815764276   2.0931024959542511e-09     0.052236593922457414       499.83787627975664       5.7934714303969193       5.7934714303969193       3029.6146114139992                                                  2517.056709764433                                              12.720025369809244        20.540412974914375               390.52886718446678                          77.949404783523093                      10.819191336852377
                       1       1520.1115880071052     0.022438407189677261      0.11456917435437343       69.243361422176207       3.0466301352040777       0.9827510187359022     0.062090896912775015     0.034125055218067975      0.99918419205766851       2.3670893721105344       9.9530495105429182   2.1044308324963299e-09     0.034125055218067975       497.28733415578273       5.7934714303969193       5.7934714303969193       3028.6362331534165                                                 2517.4021993151587                                              13.946699682475277        20.728435455192709               390.79081689233919                          76.007145424159759                      9.7609363840910586
                       3       1520.6155514348775     0.022438407189677261      0.11456917435437343       69.243361422176207       3.0466301352040777       0.9827510187359022     0.062090896912775015     0.034125055218067975      0.99864280315768461       2.3670893721105344       9.9530495105429182   2.1044308324963299e-09     0.034125055218067975       498.29526101132728       5.7934714303969193       5.7934714303969193       3029.6441600089611                                                 2517.4021993151587                                              13.946699682475277        20.772624086580095               390.74227866290983                          77.279118497670964                      9.5012397641663799
                       1       1521.5321704481617     0.022459394656607547       0.1144893064857683       69.332341587287573       3.0489443035027213      0.98417379591638143     0.064018016707617809     0.024058259676886365      0.99787577589521348       2.3601422801664467       9.9410743525643248   2.1093064789729271e-09     0.024058259676886365       499.34851865113734       5.7934714303969193       5.7934714303969193       3031.4773980355294                                                 2517.3877338446514                                              14.741145539740911        20.658540779245072               391.24255473341736                           78.36084996460589                      9.0865731738689917
                       1       1521.0387275133371     0.022486745203748746      0.11483387367704967       69.472246555870697       3.0540791575207122      0.98144038041958681     0.065237527795137959    0.0018033463136456519      0.99883800484613428       2.3936761063353611        9.947630907475979    2.120165315231834e-09    0.0018033463136456519       496.63947551287504       5.7934714303969193       5.7934714303969193       3030.4905121658803                                                 2518.2090817350404                                              15.641954917964659        21.044710736594652               391.66065227332547                          75.415478969498324                      8.5186335334565655
                       1       1520.6120901876022     0.022486745203748746      0.11483387367704967       69.472246555870697       3.0540791575207122      0.98144038041958681     0.065237527795137959    0.0018033463136456519      0.99922328295743101       2.3936761063353611        9.947630907475979    2.120165315231834e-09    0.0018033463136456519       495.78620086140558       5.7934714303969193       5.7934714303969193       3029.6372375144106                                                 2518.2090817350404                                              15.641954917964659        21.009079119808689               391.66024122202811                          74.501489645121126                      8.6153908744476304
                       3       1522.4710692943104     0.022590135725668099      0.11504556650789401       69.411542021057016       3.0568175953023937      0.98816034821018039     0.070988122054746153     0.012671395570813917       0.9937043057091387        2.330726655117346       9.9462579868890355   2.1259792128997707e-09     0.012671395570813917       501.24217328317297       5.7934714303969193       5.7934714303969193       3033.3551957278269                                                 2518.0240943410176                                              14.088928103636285        20.456510222183226               393.96471620870113                          78.579369489099534                      8.2415773631890907
                       6       1522.1897948651285     0.022723237037860288      0.11537240815510551       69.387337768401949       3.0616693310466578      0.98800196877210844     0.070761337014544651     0.057512809303211836      0.99534346739013568       2.1554014579236624       9.9337347749799374   2.1363189648279975e-09     0.057512809303211836       498.54822836678068       5.7934714303969193       5.7934714303969193       3032.7926468694632                                                 2521.0318464301536                                              13.212572072528884        20.540492200099663               393.77500672807815                          75.751647523315597                       8.481081915287314
                       1       1523.0030241269683     0.022723237037860288      0.11537240815510551       69.387337768401949       3.0616693310466578      0.98800196877210844     0.070761337014544651     0.057512809303211836      0.99548292836861796       2.1053898574972423       9.6423115126611325   2.1363189648279975e-09     0.057512809303211836        498.2530424864226       5.7934714303969193       5.7934714303969193       3034.4191053931427                                                 2522.9534908341916                                              13.212572072528884        20.530284405743032               393.77522417658378                          75.437955371610869                      8.5095785324848894
                       2       1522.4710760824807     0.022723237037860288      0.11537240815510551       69.387337768401949       3.0616693310466578      0.98800196877210844     0.070761337014544651     0.057512809303211836      0.99619906678864711       2.1053898574972423       9.6423115126611325   2.1363189648279975e-09     0.057512809303211836       497.18914639744736       5.7934714303969193       5.7934714303969193       3033.3552093041676                                                 2522.9534908341916                                              13.212572072528884        20.478885740371936               393.78361499408919                          74.245865678938088                      8.6807799840481312
