#        weight    minuslogpost        omegabh2        omegach2              H0            logA              ns             tau      mnu_sample        A_planck      TT_tSZ_Amp      TT_kSZ_Amp              As             mnu       chi2__CMB   minuslogprior minuslogprior__0            chi2 chi2__sbt_spt_audit.likelihoods.candl_cobaya.CandlCobayaLikelihood chi2__sbt_spt_audit.likelihoods.desi_dr2_bao.DESIDR2BAOGaussian chi2__planck_2018_lowl.TT chi2__planck_2018_lowl.EE_sroll2 chi2__planck_2018_highl_plik.TT_lite_native chi2__planckpr4lensing.PlanckPR4Lensing
              1       1572.3613        0.022013      0.11616993        67.71811       3.0690705      0.97078582     0.040953393     0.092812657       1.0088144       1.2281373       2.3420546   2.1521889e-09     0.092812657       919.72504       5.7934714        5.7934714       3133.1357                                                          2199.6409                                                       13.769831                  24.83812                        397.92002                                   470.95237                               26.014527
              1       1565.8239     0.022018257       0.1158159       66.975054       3.0742564      0.97060707     0.043300618      0.20267286       1.0093341        1.227151       2.5206162   2.1633789e-09      0.20267286       919.96215       5.7934714        5.7934714       3120.0608                                                          2176.7858                                                       23.312849                 24.696462                        395.35315                                   482.15671                               17.755831
              4       1526.1174     0.022185958      0.11605868         67.2236       3.0742265      0.97087178     0.045398562      0.18860925       1.0064481       1.2223647       2.5309984   2.1633141e-09      0.18860925       913.87348       5.7934714        5.7934714       3040.6479                                                           2105.654                                                       21.120417                  24.92149                        393.64207                                   476.01169                               19.298228
              1       1454.7648     0.021821722      0.11823078       66.490247       3.0624318      0.96458951     0.040389838      0.13464597       1.0039098         1.21064       3.3790212   2.1379484e-09      0.13464597        917.6786       5.7934714        5.7934714       2897.9428                                                          1941.2044                                                       39.059744                 26.321238                        397.56686                                    465.4781                               28.312397
              1        1429.305     0.021755343      0.11921911       66.832534       3.0547047      0.96698864     0.038092909     0.063792223       1.0009658       1.2074394       3.4711581   2.1214919e-09     0.063792223       924.95775       5.7934714        5.7934714       2847.0231                                                          1890.1829                                                       31.882425                 25.808837                         400.4466                                   461.10335                               37.598963
              3       1365.6585     0.021361233      0.11931729       64.930225       3.1023955      0.94407058     0.061420694       0.2457162       1.0041294       1.1769769        5.770545   2.2251189e-09       0.2457162       922.90145       5.7934714        5.7934714       2719.7301                                                          1706.0904                                                       90.738169                 33.691847                        392.15038                                   465.52302                               31.536199
              3       1352.1129     0.021361233      0.11931729       64.930225       3.1023955      0.94407058     0.061420694       0.2457162       1.0048916       1.1769769        5.770545   2.2251189e-09       0.2457162       895.81029       5.7934714        5.7934714       2692.6389                                                          1706.0904                                                       90.738169                 33.474926                        392.12591                                   440.13634                               30.073105
              1        1295.239     0.021361233      0.11931729       64.930225       3.1023955      0.94407058     0.061420694       0.2457162       1.0048916      0.74395219       5.3571906   2.2251189e-09       0.2457162       895.81029       5.7934714        5.7934714       2578.8911                                                          1592.3426                                                       90.738169                 33.474926                        392.12591                                   440.13634                               30.073105
              2       1281.8722     0.021473993      0.11931673       65.324416       3.1039979      0.94335038      0.06344291      0.20116072       1.0036051      0.74213541       5.2530441   2.2286873e-09      0.20116072       896.43449       5.7934714        5.7934714       2552.1575                                                           1579.048                                                       76.675006                 34.208598                        393.12002                                   433.47022                               35.635653
              1       1281.5066     0.021561121      0.11993994       65.018237       3.1045789      0.94072825     0.065009913      0.21366275        1.001429      0.73646013       5.4065751   2.2299826e-09      0.21366275       899.96352       5.7934714        5.7934714       2551.4263                                                          1554.1958                                                       97.266992                 35.513726                        394.20072                                   431.78837                               38.460709
              2       1266.4602     0.021645966      0.11953987       65.482645       3.1033015      0.94283177     0.066396263      0.18090855      0.99968279      0.73545023       5.3127051    2.227136e-09      0.18090855       899.18256       5.7934714        5.7934714       2521.3335                                                          1545.8602                                                       76.290794                 34.935923                        394.85309                                   429.52346                               39.870083
              2       1253.2642     0.021711352      0.11969725       65.561554       3.0918764       0.9453228     0.061961586      0.18118252      0.99766333      0.73452503        5.285184   2.2018355e-09      0.18118252       891.91109       5.7934714        5.7934714       2494.9414                                                          1528.1062                                                       74.924165                 33.719134                        392.15043                                   430.23186                               35.809663
              1       1253.1547     0.021693324      0.12004807       65.630521       3.0916815      0.94443433     0.061327576      0.15795611      0.99786233      0.73447551       5.2772822   2.2014064e-09      0.15795611       892.46435       5.7934714        5.7934714       2494.7224                                                          1528.9152                                                       73.342855                 34.153214                         391.8868                                   426.20822                               40.216115
              4       1241.4394     0.021693324      0.12004807       65.630521       3.0916815      0.94443433     0.061327576      0.15795611      0.99854331      0.73447551       5.2772822   2.2014064e-09      0.15795611       869.03384       5.7934714        5.7934714       2471.2919                                                          1528.9152                                                       73.342855                 33.955342                        391.89254                                   404.52193                               38.664027
              2       1242.3582     0.021741106      0.12006592       65.549463       3.0914106      0.94353112     0.061265522      0.16994748      0.99836246      0.73351512       5.2925325   2.2008102e-09      0.16994748       870.19807       5.7934714        5.7934714       2473.1294                                                          1524.7036                                                        78.22776                 34.337771                          391.875                                   406.73852                               37.246774
              2       1234.1388     0.021719911       0.1205212       65.549753       3.0824515       0.9455515     0.058452897      0.15740169      0.99585646      0.73060247       5.4132287   2.1811809e-09      0.15740169       865.90383       5.7934714        5.7934714       2456.6906                                                          1511.2105                                                       79.576275                 33.453849                        390.65277                                   404.32588                               37.471336
              1       1224.3749     0.021719911       0.1205212       65.549753       3.0824515       0.9455515     0.058452897      0.15740169      0.99585646      0.74338449       5.1446696   2.1811809e-09      0.15740169       865.90383       5.7934714        5.7934714       2437.1628                                                          1491.6827                                                       79.576275                 33.453849                        390.65277                                   404.32588                               37.471336
              1       1215.2695     0.021912276      0.12093187       66.438471       3.0605366      0.94483767     0.047076697      0.04094768      0.99530809      0.74659901       4.6940453   2.1339004e-09      0.04094768       869.75728       5.7934714        5.7934714       2418.9521                                                          1496.0871                                                       53.107683                 33.669653                         390.7133                                   400.57703                               44.797301
              1       1208.4984      0.02199687       0.1211482       66.653358       3.0644984      0.94643681     0.049753525     0.020730967      0.99406473      0.74685829       4.5139075   2.1423713e-09     0.020730967       869.67984       5.7934714        5.7934714       2405.4099                                                           1487.221                                                       48.509035                 33.366443                        389.86267                                   395.99843                               50.452291
              1       1199.6234     0.022010154      0.12027148       66.924061       3.0633768       0.9478167     0.051447914     0.023344067      0.99290551      0.74398608       4.6763359   2.1399698e-09     0.023344067       867.28825       5.7934714        5.7934714       2387.6598                                                          1482.7041                                                       37.667461                 32.865162                        389.58033                                   400.78319                               44.059566
              8       1196.8703     0.022050256      0.11970133       67.022184       3.0624295      0.94841514     0.050542127     0.051931096      0.99386192      0.74482604       4.6935563   2.1379436e-09     0.051931096       865.58903       5.7934714        5.7934714       2382.1537                                                          1483.2626                                                        33.30204                 32.551615                        389.80578                                   406.73368                                36.49795
              1       1195.7787     0.022050256      0.11970133       67.022184       3.0624295      0.94841514     0.050542127     0.051931096      0.99386192      0.81079084       4.5767888   2.1379436e-09     0.051931096       865.58903       5.7934714        5.7934714       2379.9704                                                          1481.0793                                                        33.30204                 32.551615                        389.80578                                   406.73368                                36.49795
              1       1194.8298     0.022047128      0.11962329       67.027502       3.0605776      0.94905488     0.049797902     0.056229986      0.99371097      0.81089619       4.5856795    2.133988e-09     0.056229986       864.62071       5.7934714        5.7934714       2378.0727                                                          1480.6636                                                        32.78838                  32.24468                        390.00478                                    407.5208                               34.850444
              2       1194.4813     0.022382563      0.11893886       67.107097       3.0505899      0.95370713     0.050116606     0.096153257       0.9880291      0.80690186        4.395197   2.1127804e-09     0.096153257       868.38432       5.7934714        5.7934714       2377.3757                                                           1474.683                                                       34.308355                 30.735628                        390.07292                                   421.25613                                26.31964
              2       1194.6888     0.022381613      0.11876388       67.034443        3.051736      0.95344265      0.05056816      0.11322015      0.98838518      0.80670885       4.4413774   2.1152033e-09      0.11322015       868.75866       5.7934714        5.7934714       2377.7907                                                          1473.5594                                                        35.47273                 30.782661                        389.97753                                    423.6651                               24.333358
              5       1171.6052     0.022381613      0.11876388       67.034443        3.051736      0.95344265      0.05056816      0.11322015      0.98977973      0.80670885       4.4413774   2.1152033e-09      0.11322015       822.59138       5.7934714        5.7934714       2331.6235                                                          1473.5594                                                        35.47273                 30.424307                        390.00154                                   380.07177                                22.09376
              3       1155.9507     0.022307383      0.11734834       67.963828       3.0531841      0.96302785     0.053659482     0.088275596      0.98886489      0.80995182       4.3593804   2.1182686e-09     0.088275596       813.11347       5.7934714        5.7934714       2300.3144                                                          1473.1856                                                       14.015399                  27.43176                         389.7955                                    377.0355                               18.850704
