#                 weight             minuslogpost                 omegabh2                 omegach2                       H0                     logA                       ns                      tau                      mnu                       As            minuslogprior         minuslogprior__0                     chi2 chi2__sbt_spt_audit.likelihoods.candl_cobaya.CandlCobayaLikelihood chi2__sbt_spt_audit.likelihoods.desi_dr2_bao.DESIDR2BAOGaussian
                      62       700.95308966007758     0.022077184232972821      0.11606196155094142       68.735160014784881       3.0437371999999998               0.97829051     0.057947035498005048     0.048172745270617712   2.0983516480395795e-09       2.1045919762829826       2.1045919762829826       1397.6969953675891                                                 1386.6606543932617                                              11.036340974327523
                      11        701.1242497718074     0.022058542308766825      0.11595577158919688       68.752490038250087       3.0437371999999998               0.97829051     0.058727633731714635      0.04970466792903791   2.0983516480395795e-09       2.1045919762829826       2.1045919762829826       1398.0393155910488                                                 1386.7928879301571                                              11.246427660891559
                       1       702.40122635262935     0.022116924888809054      0.11650177380348659       68.650849628975806       3.0437371999999998               0.97829051     0.056193185946874197     0.047249701199220118   2.0983516480395795e-09       2.1045919762829826       2.1045919762829826       1400.5932687526927                                                 1390.1018608959175                                               10.49140785677522
                      12       702.66588371906562     0.022127205850813833      0.11646265449194154       68.665545505097754       3.0437371999999998               0.97829051     0.056124206528611241     0.049146827369646387   2.0983516480395795e-09       2.1045919762829826       2.1045919762829826       1401.1225834855652                                                 1390.5952089589075                                              10.527374526657749
                      23       699.90208299192625     0.022127205850813833      0.11646265449194154       68.665545505097754       3.0421428743396066      0.97270905784959427     0.056124206528611241     0.049146827369646387   2.0950088576189334e-09       2.1045919762829826       2.1045919762829826       1395.5949820312865                                                 1385.0676075046288                                              10.527374526657749
                      10       699.91948092192229     0.022127205850813833      0.11646265449194154       68.665545505097754       3.0441022937592885      0.97097477009079303     0.056124206528611241     0.049146827369646387    2.099117882996361e-09       2.1045919762829826       2.1045919762829826       1395.6297778912785                                                 1385.1024033646208                                              10.527374526657749
                      47       702.10656172405197     0.022307918272255721      0.11609246583145479       68.650063398191421       3.0441022937592885      0.97097477009079303     0.054321265768444697     0.077378683155101907    2.099117882996361e-09       2.1045919762829826       2.1045919762829826       1400.0039394955379                                                 1389.6426335527765                                              10.361305942761343
                       3       700.49062608293673     0.022276157806083653      0.11595044932737318       68.623528762811873       3.0441022937592885      0.97097477009079303     0.055734692200437599     0.077150211059796858    2.099117882996361e-09       2.1045919762829826       2.1045919762829826       1396.7720682133074                                                 1386.4030036350853                                              10.369064578222218
                      18       700.06900445296765     0.022276157806083653      0.11595044932737318       68.623528762811873       3.0425970957498536      0.97092530344786221     0.055734692200437599     0.077150211059796858   2.0959606716475115e-09       2.1045919762829826       2.1045919762829826       1395.9288249533693                                                 1385.5597603751471                                              10.369064578222218
                      28       700.04087746126936     0.022276157806083653      0.11595044932737318       68.623528762811873       3.0442213708314121      0.96891568253885463     0.055734692200437599     0.077150211059796858   2.0993678546905637e-09       2.1045919762829826       2.1045919762829826       1395.8725709699727                                                 1385.5035063917505                                              10.369064578222218
                      45       701.59163502596471     0.022276157806083653      0.11595044932737318       68.623528762811873        3.051217670971845      0.95969732070190228     0.055734692200437599     0.077150211059796858   2.1141071624959377e-09       2.1045919762829826       2.1045919762829826       1398.9740860993634                                                 1388.6050215211412                                              10.369064578222218
                      22       702.92188262820719     0.022354267889361967      0.11665602812744577       68.503003903233392        3.051217670971845      0.95969732070190228     0.055846823640640406     0.094578191978090004   2.1141071624959377e-09       2.1045919762829826       2.1045919762829826       1401.6345813038483                                                 1391.2746052425825                                              10.359976061265776
                       8       701.00650363298155     0.022312235196208344      0.11645550762802265       68.322036165976144        3.051217670971845      0.95969732070190228      0.05624231473733747     0.088896742265752421   2.1141071624959377e-09       2.1045919762829826       2.1045919762829826       1397.8038233133971                                                 1386.9792431811466                                               10.82458013225048
                       2        700.4840016402095     0.022312235196208344      0.11645550762802265       68.322036165976144       3.0532970535360393      0.96111677155562936      0.05624231473733747     0.088896742265752421   2.1185077737600121e-09       2.1045919762829826       2.1045919762829826        1396.758819327853                                                 1385.9342391956025                                               10.82458013225048
                      15       700.75584012717945      0.02240506671286149      0.11685690149679243       68.250535038378757       3.0532970535360393      0.96111677155562936     0.058143152692982633      0.08151217179107971   2.1185077737600121e-09       2.1045919762829826       2.1045919762829826       1397.3024963017929                                                 1385.4795563223718                                              11.822939979421111
                       9       700.54912387518948     0.022409068689589248      0.11654564926159544       68.453711149053859       3.0532970535360393      0.96111677155562936     0.055982416023764851     0.081704993138294629   2.1185077737600121e-09       2.1045919762829826       2.1045919762829826       1396.8890637978129                                                 1386.2526390766759                                               10.63642472113694
                       4       700.44883591298367     0.022377188550552835      0.11697850033789771       68.526868993496464       3.0532970535360393      0.96111677155562936     0.056318810904306842     0.079640303551523906   2.1185077737600121e-09       2.1045919762829826       2.1045919762829826       1396.6884878734013                                                 1386.2667777707622                                              10.421710102639096
                       1       700.50004161029608     0.022377188550552835      0.11697850033789771       68.526868993496464       3.0539719326017751      0.96069367227609914     0.056318810904306842     0.079640303551523906    2.119937992865304e-09       2.1045919762829826       2.1045919762829826       1396.7908992680261                                                 1386.3691891653871                                              10.421710102639096
                      32       700.39640477277078     0.022410473664189842      0.11702967162845336       68.496270957739782       3.0539719326017751      0.96069367227609914      0.05657814751254335     0.082846141133068485    2.119937992865304e-09       2.1045919762829826       2.1045919762829826       1396.5836255929755                                                 1386.0223880166263                                              10.561237576349248
                      12        700.9372642570645     0.022410473664189842      0.11702967162845336       68.496270957739782        3.050884676186469       0.9617164113825194      0.05657814751254335     0.082846141133068485   2.1134032930340345e-09       2.1045919762829826       2.1045919762829826        1397.665344561563                                                 1387.1041069852138                                              10.561237576349248
                       1       702.40249501168591     0.022410473664189842      0.11702967162845336       68.496270957739782       3.0638094421944309      0.95296666974248923      0.05657814751254335     0.082846141133068485    2.140895820602996e-09       2.1045919762829826       2.1045919762829826       1400.5958060708058                                                 1390.0345684944566                                              10.561237576349248
                      28       701.61183094404953     0.022410473664189842      0.11702967162845336       68.496270957739782       3.0509915513121646      0.96760237958547324      0.05657814751254335     0.082846141133068485   2.1136291753470089e-09       2.1045919762829826       2.1045919762829826        1399.014477935533                                                 1388.4532403591838                                              10.561237576349248
                       8       701.01413002705897     0.022257349949644373      0.11740109120389529       67.982319370414288       3.0509915513121646      0.96760237958547324     0.057364452717615408     0.081393503826793195   2.1136291753470089e-09       2.1045919762829826       2.1045919762829826       1397.8190761015519                                                 1384.2017129367666                                              13.617363164785289
                       6       700.75402150524235     0.022259245265752535      0.11734517670481538       67.959308983287272       3.0509915513121646      0.96760237958547324      0.05768389176167487     0.088507046162047048   2.1136291753470089e-09       2.1045919762829826       2.1045919762829826       1397.2988590579187                                                 1383.5601268304156                                              13.738732227503144
                       7       703.18498040687916     0.022259245265752535      0.11734517670481538       67.959308983287272       3.0603348785632343      0.96144214722462751      0.05768389176167487     0.088507046162047048   2.1334700499735196e-09       2.1045919762829826       2.1045919762829826       1402.1607768611923                                                 1388.4220446336892                                              13.738732227503144
                      12       701.32500612046545     0.022204504815168336      0.11748883758064782       67.976234971541643       3.0603348785632343      0.96144214722462751     0.058180467644704574     0.091924473410072663   2.1334700499735196e-09       2.1045919762829826       2.1045919762829826       1398.4408282883649                                                 1385.2472697151265                                               13.19355857323835
                      25        702.1998045326834     0.022246550541896334       0.1173536032598286       68.349752658262133       3.0603348785632343      0.96144214722462751     0.058944443400431874     0.079468644266549204   2.1334700499735196e-09       2.1045919762829826       2.1045919762829826       1400.1904251128008                                                 1389.4104694891223                                              10.779955623678561
                       4       702.28763050242947     0.022365670498611104      0.11728022110918553       68.230541926475368       3.0603348785632343      0.96144214722462751     0.057983090854069635     0.076553707442448812   2.1334700499735196e-09       2.1045919762829826       2.1045919762829826       1400.3660770522929                                                 1388.3825597258904                                              11.983517326402588
                      46       700.82507572313909     0.022324329830457637       0.1184060745008929       67.969335873462583       3.0603348785632343      0.96144214722462751     0.060371150909272447     0.045757133965632815   2.1334700499735196e-09       2.1045919762829826       2.1045919762829826       1397.4409674937122                                                 1381.7662338098546                                              15.674733683857513
                       6       699.60501808297784     0.022322293857851564      0.11824787739281811       68.093746997274906       3.0603348785632343      0.96144214722462751     0.060241969719105934     0.046147355231715495   2.1334700499735196e-09       2.1045919762829826       2.1045919762829826       1395.0008522133896                                                 1381.0466062365585                                              13.954245976831064
                      26       699.76226117453473     0.022322293857851564      0.11824787739281811       68.093746997274906       3.0625769297408172      0.95806224109061244     0.060241969719105934     0.046147355231715495   2.1382587652778038e-09       2.1045919762829826       2.1045919762829826       1395.3153383965034                                                 1381.3610924196723                                              13.954245976831064
                      12       699.99716732724096     0.022315085372539737       0.1180881296566625       68.099058841658618       3.0625769297408172      0.95806224109061244     0.059477207369130508     0.044774746162653978   2.1382587652778038e-09       2.1045919762829826       2.1045919762829826       1395.7851507019159                                                 1382.0173720632686                                              13.767778638647306
                      16       701.32304145195621     0.022315085372539737       0.1180881296566625       68.099058841658618       3.0643637170058953      0.95886890229193278     0.059477207369130508     0.044774746162653978   2.1420827941547077e-09       2.1045919762829826       2.1045919762829826       1398.4368989513464                                                 1384.6691203126991                                              13.767778638647306
                      23       699.80338209239778     0.022315085372539737       0.1180881296566625       68.099058841658618       3.0593149868238587      0.95956408321057007     0.059477207369130508     0.044774746162653978   2.1312952507117625e-09       2.1045919762829826       2.1045919762829826       1395.3975802322295                                                 1381.6298015935822                                              13.767778638647306
                      27       699.39170130915863     0.022322562625917371      0.11821682019038092       68.105764033853234       3.0593149868238587      0.95956408321057007     0.059112230095195763     0.045144844941784869   2.1312952507117625e-09       2.1045919762829826       2.1045919762829826       1394.5742186657512                                                 1380.7562072358076                                              13.818011429943587
                       4       699.70835245486296     0.022300348478715416      0.11810393051674034       68.130797261349997       3.0593149868238587      0.95956408321057007     0.059708349868867375     0.047181216863825703   2.1312952507117625e-09       2.1045919762829826       2.1045919762829826       1395.2075209571599                                                 1381.9256453795995                                              13.281875577560324
                      55       699.28282736339918     0.022295964822538376      0.11799817803639723       68.138981360682862       3.0593149868238587      0.95956408321057007     0.058905103477347509     0.046784134774512424   2.1312952507117625e-09       2.1045919762829826       2.1045919762829826       1394.3564707742323                                                 1381.2391701007878                                              13.117300673444671
                      43       699.23499359506968     0.022295964822538376      0.11799817803639723       68.138981360682862       3.0551956735985941      0.96326247227132888     0.058905103477347509     0.046784134774512424   2.1225338358937061e-09       2.1045919762829826       2.1045919762829826       1394.2608032375733                                                 1381.1435025641288                                              13.117300673444671
                       5       699.32261064703107     0.022307314590217699      0.11806909059456278       68.153681720643164       3.0551956735985941      0.96326247227132888     0.059238051270916338     0.047898552567002685   2.1225338358937061e-09       2.1045919762829826       2.1045919762829826       1394.4360373414961                                                 1381.3699704937742                                              13.066066847721942
                      39       699.77479003832673     0.022307314590217699      0.11806909059456278       68.153681720643164       3.0563483159938678      0.96100897606297553     0.059238051270916338     0.047898552567002685     2.12498176890302e-09       2.1045919762829826       2.1045919762829826       1395.3403961240874                                                 1382.2743292763655                                              13.066066847721942
                      52       699.84975995431807     0.022308960421110545      0.11804774784805583       68.154674959296841       3.0563483159938678      0.96100897606297553     0.059329574833471614     0.047931980999767899     2.12498176890302e-09       2.1045919762829826       2.1045919762829826       1395.4903359560701                                                 1382.4344006318163                                              13.055935324253714
                      11       699.38071825455302     0.022319366241585457      0.11802865627152459       68.157086151059502       3.0563483159938678      0.96100897606297553     0.058927519510947747     0.048351463759274814     2.12498176890302e-09       2.1045919762829826       2.1045919762829826         1394.55225255654                                                 1381.4650032372053                                              13.087249319334596
                      11       699.05045397182039     0.022314776193721679      0.11773670107515931       68.232360569610975       3.0563483159938678      0.96100897606297553     0.058626244349822415     0.054235615938579201     2.12498176890302e-09       2.1045919762829826       2.1045919762829826       1393.8917239910747                                                 1381.7419744984429                                              12.149749492631742
                       2        698.7080435054911     0.022269966146037726      0.11766099361805861       68.271979422765128       3.0563483159938678      0.96100897606297553     0.057322234977527038     0.049785597950524181     2.12498176890302e-09       2.1045919762829826       2.1045919762829826       1393.2069030584162                                                 1381.5710826421375                                              11.635820416278701
                       1       699.33712679693315     0.022264423995015832       0.1177181673740616       68.338988964210202       3.0563483159938678      0.96100897606297553     0.057773406628388216     0.052247735825324604     2.12498176890302e-09       2.1045919762829826       2.1045919762829826       1394.4650696413003                                                 1383.2833440470392                                              11.181725594261135
                      11       699.36385915257347     0.022266244681986656      0.11772550788518449       68.340562925475197       3.0563483159938678      0.96100897606297553     0.057867566386591934     0.051839105672692634     2.12498176890302e-09       2.1045919762829826       2.1045919762829826       1394.5185343525809                                                 1383.3330091042501                                              11.185525248330775
                       1       699.32450075167981     0.022259145340423288      0.11758328467644819       68.173420910386653       3.0563483159938678      0.96100897606297553     0.057503731241887401     0.066630722926532118     2.12498176890302e-09       2.1045919762829826       2.1045919762829826       1394.4398175507936                                                 1382.3373674752011                                              12.102450075592436
                      55       699.68022133005161     0.022279069123207255      0.11709238070452445       68.257772655352667       3.0563483159938678      0.96100897606297553     0.058501790067101073     0.071296042557974088     2.12498176890302e-09       2.1045919762829826       2.1045919762829826       1395.1512587075372                                                 1383.7914138752767                                              11.359844832260386
                      40       699.68011129605281     0.022279069123207255      0.11709238070452445       68.257772655352667       3.0561729169138121       0.9611230177971225     0.058501790067101073     0.071296042557974088   2.1246090817410677e-09       2.1045919762829826       2.1045919762829826       1395.1510386395396                                                 1383.7911938072791                                              11.359844832260386
                       2       699.57773313831785     0.022279069123207255      0.11709238070452445       68.257772655352667       3.0577164040288918       0.9614312153333564     0.058501790067101073     0.071296042557974088   2.1278909205697477e-09       2.1045919762829826       2.1045919762829826       1394.9462823240697                                                 1383.5864374918092                                              11.359844832260386
                      40       699.50409343664626     0.022311629789057257      0.11744438190751696       68.159533707421815       3.0577164040288918       0.9614312153333564     0.058562955825174928     0.074555650904865045   2.1278909205697477e-09       2.1045919762829826       2.1045919762829826       1394.7990029207265                                                 1382.4396852670643                                              12.359317653662128
                      20       700.22402309418533     0.022373036580799411       0.1172511042328442       68.327929685413935       3.0577164040288918       0.9614312153333564     0.059522893967203623     0.052759882673737497   2.1278909205697477e-09       2.1045919762829826       2.1045919762829826       1396.2388622358046                                                 1384.6621191254367                                              11.576743110368001
                      20       700.81532626700039     0.022373036580799411       0.1172511042328442       68.327929685413935       3.0589245891823542      0.96173829632761143     0.059522893967203623     0.052759882673737497    2.130463360467095e-09       2.1045919762829826       2.1045919762829826       1397.4214685814347                                                 1385.8447254710668                                              11.576743110368001
                      24       700.42579190558354     0.022373036580799411       0.1172511042328442       68.327929685413935       3.0572004039398477      0.96251565760756586     0.059522893967203623     0.052759882673737497   2.1267932118984993e-09       2.1045919762829826       2.1045919762829826        1396.642399858601                                                 1385.0656567482331                                              11.576743110368001
                      17       700.10109242939984     0.022493093866425444      0.11772315808175569       68.574023844630005       3.0572004039398477      0.96251565760756586     0.058715953269899909     0.046149773376532213   2.1267932118984993e-09       2.1045919762829826       2.1045919762829826       1395.9930009062336                                                 1385.1532166652689                                              10.839784240964748
                       8       699.63704224338221     0.022493093866425444      0.11772315808175569       68.574023844630005       3.0551647897947478      0.96148100347715981     0.058715953269899909     0.046149773376532213   2.1224682849872975e-09       2.1045919762829826       2.1045919762829826       1395.0649005341984                                                 1384.2251162932337                                              10.839784240964748
                       2       699.04087159290452     0.022466792570959897      0.11765079960132876       68.505282669221572       3.0551647897947478      0.96148100347715981     0.057976428837684842      0.04222604386341746   2.1224682849872975e-09       2.1045919762829826       2.1045919762829826        1393.872559233243                                                  1382.764232853774                                              11.108326379468956
                      55       699.02555185511608     0.022466792570959897      0.11765079960132876       68.505282669221572       3.0566605264103432      0.96020246781747964     0.057976428837684842      0.04222604386341746   2.1256453139235356e-09       2.1045919762829826       2.1045919762829826       1393.8419197576661                                                 1382.7335933781972                                              11.108326379468956
                      16       698.94836402273529      0.02246461130271726      0.11760300612161022        68.49936801008657       3.0566605264103432      0.96020246781747964     0.058211659483689983     0.044200566964164578   2.1256453139235356e-09       2.1045919762829826       2.1045919762829826       1393.6875440929045                                                 1382.5851994928064                                              11.102344600098128
                       6       699.41445612334803     0.022327617748586125      0.11759738136862129       68.351120612269114       3.0566605264103432      0.96020246781747964     0.056467543916200909     0.044058422486544548   2.1256453139235356e-09       2.1045919762829826       2.1045919762829826         1394.61972829413                                                 1383.2075624635218                                              11.412165830608277
                       9       699.46363716953351     0.022336831756873614      0.11762479840298566        68.35662175170296       3.0566605264103432      0.96020246781747964      0.05653200678896414     0.042029799474816339   2.1256453139235356e-09       2.1045919762829826       2.1045919762829826        1394.718090386501                                                 1383.2701144969967                                              11.447975889504216
                      19       700.36433077952222     0.022313900348549701      0.11773157858948631       68.301404417115052       3.0566605264103432      0.96020246781747964     0.056097937860979753     0.037223086490642515   2.1256453139235356e-09       2.1045919762829826       2.1045919762829826       1396.5194776064784                                                  1384.707645194731                                              11.811832411747529
                      13        699.1423404964454      0.02232078496469185      0.11776432395699801       68.326737203618265       3.0566605264103432      0.96020246781747964     0.056782817534932271     0.036145772432587389   2.1256453139235356e-09       2.1045919762829826       2.1045919762829826       1394.0754970403248                                                 1382.3886348610754                                              11.686862179249472
                      56       698.92911867482462     0.022316999643365188      0.11767153805481596       68.342795011019817       3.0566605264103432      0.96020246781747964     0.057126605050897589     0.037036899500993883   2.1256453139235356e-09       2.1045919762829826       2.1045919762829826       1393.6490533970832                                                 1382.1320800014128                                              11.516973395670531
                      14       699.35809285686105     0.022316999643365188      0.11767153805481596       68.342795011019817       3.0554380240722234      0.96241503646790683     0.057126605050897589     0.037036899500993883   2.1230482953113532e-09       2.1045919762829826       2.1045919762829826       1394.5070017611561                                                 1382.9900283654856                                              11.516973395670531
                      43       698.34709898685912     0.022290627874075583      0.11778554390751569       68.386962659305297       3.0554380240722234      0.96241503646790683     0.057105200236000971      0.03982198040998379   2.1230482953113532e-09       2.1045919762829826       2.1045919762829826       1392.4850140211522                                                 1381.3459875477649                                               11.13902647338724
                      27       698.29631171567621     0.022290627874075583      0.11778554390751569       68.386962659305297       3.0555448248586923       0.9619670722099386     0.057105200236000971      0.03982198040998379   2.1232750506476123e-09       2.1045919762829826       2.1045919762829826       1392.3834394787864                                                 1381.2444130053991                                               11.13902647338724
                       6        698.5487493978485     0.022278498376143114      0.11786296498950911       68.387005266973517       3.0555448248586923       0.9619670722099386      0.05648632897334302     0.037348796722766309   2.1232750506476123e-09       2.1045919762829826       2.1045919762829826        1392.888314843131                                                 1381.7526636212285                                              11.135651221902389
                      84       698.43230926658407     0.022259719937041664      0.11779870203394414       68.388543343401537       3.0555448248586923       0.9619670722099386     0.057853423064413136     0.037083839984960724   2.1232750506476123e-09       2.1045919762829826       2.1045919762829826       1392.6554345806021                                                 1381.6134887255384                                               11.04194585506367
                      30       698.40323064663278     0.022296602237971353      0.11789597387155636         68.2792053547237       3.0555448248586923       0.9619670722099386     0.057571993863947006      0.04091487405869787   2.1232750506476123e-09       2.1045919762829826       2.1045919762829826       1392.5972773406995                                                  1380.691047694145                                              11.906229646554594
                      64       698.23040239740601     0.022291896414119803      0.11784273770437453       68.368562915216287       3.0555448248586923       0.9619670722099386     0.057223486166538162     0.038263670160433812   2.1232750506476123e-09       2.1045919762829826       2.1045919762829826        1392.251620842246                                                 1380.9698631524132                                               11.28175768983273
                      12       698.24648063005986     0.022290808071478645       0.1178460730804229       68.356483580910492       3.0555448248586923       0.9619670722099386     0.057401822171438216     0.039825778906964884   2.1232750506476123e-09       2.1045919762829826       2.1045919762829826       1392.2837773075537                                                 1380.9467633573336                                              11.337013950220106
                      12       700.32211322966646     0.022290808071478645       0.1178460730804229       68.356483580910492       3.0656050305442464      0.95199181595755811     0.057401822171438216     0.039825778906964884   2.1447434415345274e-09       2.1045919762829826       2.1045919762829826       1396.4350425067669                                                 1385.0980285565468                                              11.337013950220106
                       3       702.48897690811987     0.022265901342025517      0.11801160152829238       68.321398282873972       3.0656050305442464      0.95199181595755811     0.055653990281939257     0.046684986240784633   2.1447434415345274e-09       2.1045919762829826       2.1045919762829826       1400.7687698636737                                                 1389.3272041675298                                              11.441565696143991
                       7       703.29810000947396     0.022304880280534473      0.11718145967375074       68.386823633254053       3.0656050305442464      0.95199181595755811     0.055937606400666806     0.073073719417230037   2.1447434415345274e-09       2.1045919762829826       2.1045919762829826       1402.3870160663819                                                 1391.6033480874917                                              10.783667978890263
                       6       703.56184874574808     0.022326356978390104      0.11718976909552004        68.44774680740224       3.0656050305442464      0.95199181595755811     0.056257301587511931     0.075836554051070107   2.1447434415345274e-09       2.1045919762829826       2.1045919762829826       1402.9145135389301                                                 1392.3204259357726                                              10.594087603157506
                      36       702.10240265056177     0.022311345196756056      0.11711812399804981       68.299177212421839       3.0656050305442464      0.95199181595755811     0.057190818038232616     0.079594710411210287   2.1447434415345274e-09       2.1045919762829826       2.1045919762829826       1399.9956213485575                                                 1388.8183068233805                                               11.17731452517706
                      23       701.53006981280919     0.022311345196756056      0.11711812399804981       68.299177212421839       3.0618765151274081      0.95329747947483212     0.057190818038232616     0.079594710411210287   2.1367616219630871e-09       2.1045919762829826       2.1045919762829826       1398.8509556730523                                                 1387.6736411478753                                               11.17731452517706
                       9       701.31376313266071     0.022416106560058716      0.11660828311229873       68.489339786559469       3.0618765151274081      0.95329747947483212     0.057146540472955545     0.089356616683551895   2.1367616219630871e-09       2.1045919762829826       2.1045919762829826       1398.4183423127554                                                 1387.9157967660065                                              10.502545546748946
                      32       701.42784414044797     0.022420232102230323      0.11662138627240846       68.513007969840686       3.0618765151274081      0.95329747947483212     0.057321246949079724     0.088924581749619397   2.1367616219630871e-09       2.1045919762829826       2.1045919762829826       1398.6465043283299                                                 1388.1959519363065                                              10.450552392023351
                       2       701.30488657123294     0.022420232102230323      0.11662138627240846       68.513007969840686       3.0618987024365252      0.95375913664534473     0.057321246949079724     0.088924581749619397   2.1368090314796464e-09       2.1045919762829826       2.1045919762829826       1398.4005891898998                                                 1387.9500367978765                                              10.450552392023351
                       1       700.71569855575888     0.022498699220927187      0.11666721146747228       68.533333577934343       3.0618987024365252      0.95375913664534473     0.057657661405796784     0.081481885212890418   2.1368090314796464e-09       2.1045919762829826       2.1045919762829826       1397.2222131589517                                                  1386.621353530079                                              10.600859628872831
                      31       701.54079276531763     0.022468707116104165      0.11815458257745881       68.274312258167399       3.0618987024365252      0.95375913664534473     0.056137366122925976     0.067927194574659511   2.1368090314796464e-09       2.1045919762829826       2.1045919762829826       1398.8724015780692                                                 1386.1549906696901                                              12.717410908379188
                       2       701.63498269244315     0.022481014359930555      0.11820052308421185       68.050269701449437       3.0618987024365252      0.95375913664534473     0.057722121572335305     0.057778905832959207   2.1368090314796464e-09       2.1045919762829826       2.1045919762829826       1399.0607814323203                                                 1383.4210556615949                                              15.639725770725439
                      64       701.96119036818675     0.022502314275986195      0.11841518521191029        68.07516903979672       3.0618987024365252      0.95375913664534473     0.056998699194517263     0.052777908315053766   2.1368090314796464e-09       2.1045919762829826       2.1045919762829826       1399.7131967838075                                                 1383.9594480110816                                              15.753748772725926
                      33       702.98707815875821      0.02255024300464966      0.11870422388807396       67.876126415255115       3.0618987024365252      0.95375913664534473     0.058485665015324061     0.076727970214169938   2.1368090314796464e-09       2.1045919762829826       2.1045919762829826       1401.7649723649504                                                 1382.6386745903508                                              19.126297774599575
                       7       702.85229797220268     0.022527957332468918      0.11880885652315712       67.878707468084428       3.0618987024365252      0.95375913664534473     0.057424974622473139     0.069341301012474738   2.1368090314796464e-09       2.1045919762829826       2.1045919762829826       1401.4954119918393                                                 1382.3931724291876                                               19.10223956265169
                      13       702.80788746684493     0.022526720623798728      0.11881165118419157        67.87896109505904       3.0618987024365252      0.95375913664534473     0.057445071145513109     0.069283713270378633   2.1368090314796464e-09       2.1045919762829826       2.1045919762829826       1401.4065909811238                                                 1382.3198183649909                                              19.086772616132976
                      96       702.50449282146872     0.022526720623798728      0.11881165118419157        67.87896109505904       3.0619938744992434      0.95145473494855159     0.057445071145513109     0.069283713270378633   2.1370124056804244e-09       2.1045919762829826       2.1045919762829826       1400.7998016903714                                                 1381.7130290742384                                              19.086772616132976
                      23       702.82463497032097     0.022650741745753947      0.11825845988465666       68.138845592047588       3.0619938744992434      0.95145473494855159     0.057253599458689464     0.071738907715090061   2.1370124056804244e-09       2.1045919762829826       2.1045919762829826       1401.4400859880759                                                 1385.6737087869494                                              15.766377201126391
                       1       702.56432348352621     0.022650741745753947      0.11825845988465666       68.138845592047588       3.0611579204743578      0.95142803291952616     0.057253599458689464     0.071738907715090061    2.135226708043219e-09       2.1045919762829826       2.1045919762829826       1400.9194630144864                                                 1385.1530858133599                                              15.766377201126391
                      11       702.05738925583876     0.022626343727981991      0.11841024581087917       68.168289337861381       3.0611579204743578      0.95142803291952616     0.056947734035918615     0.070091275895664926    2.135226708043219e-09       2.1045919762829826       2.1045919762829826       1399.9055945591115                                                 1384.6372565386982                                              15.268338020413129
                      23       701.88515011662707     0.022604825404530651      0.11822380343336653       68.214983571590793       3.0611579204743578      0.95142803291952616     0.055960900264730565     0.070788264636377191    2.135226708043219e-09       2.1045919762829826       2.1045919762829826       1399.5611162806881                                                 1385.2138097803236                                              14.347306500364443
                      31       701.96718431333682     0.022604825404530651      0.11822380343336653       68.214983571590793       3.0644002132695682      0.94659574902632893     0.055960900264730565     0.070788264636377191   2.1421609735997928e-09       2.1045919762829826       2.1045919762829826       1399.7251846741076                                                 1385.3778781737431                                              14.347306500364443
