#                 weight             minuslogpost                 omegabh2                 omegach2                       H0                     logA                       ns                      tau               mnu_sample                 A_planck               TT_tSZ_Amp               TT_kSZ_Amp                       As                      mnu                chi2__CMB            minuslogprior         minuslogprior__0                     chi2 chi2__sbt_spt_audit.likelihoods.candl_cobaya.CandlCobayaLikelihood chi2__sbt_spt_audit.likelihoods.desi_dr2_bao.DESIDR2BAOGaussian chi2__planck_2018_lowl.TT chi2__planck_2018_lowl.EE_sroll2 chi2__planck_2018_highl_plik.TT_lite_native chi2__planckpr4lensing.PlanckPR4Lensing
                       2       950.04270008781168     0.021895934978271761      0.11730158120456323       68.288428422632165       3.0514682287382082      0.96323702880465412     0.055134550025456738     0.012766845211569644        1.008990335787769       1.3283939050419431       1.9191528253735464   2.1146369348309401e-09     0.012766845211569644       491.55971657840928       5.7934714303969193       5.7934714303969193       1888.4984573148295                                                 1386.4592089853586                                              10.479531751061781        23.361474899041468               390.03644428967857                          69.630366464725341                      8.5314309249638995
                       2       950.64326952390081     0.021895934978271761      0.11730158120456323       68.288428422632165       3.0514682287382082      0.96323702880465412     0.055134550025456738     0.012766845211569644       1.0089260362249792       1.4223184804634603       1.7002784546367185   2.1146369348309401e-09     0.012766845211569644       491.52590931918547       5.7934714303969193       5.7934714303969193       1889.6995961870077                                                 1387.6941551167604                                              10.479531751061781        23.371152898658977               390.03644428967857                          69.600529395627447                      8.5177827352204716
                       4       950.18528716542153     0.021895934978271761      0.11730158120456323       68.288428422632165       3.0514682287382082      0.96323702880465412     0.055134550025456738     0.012766845211569644       1.0088291649103978       1.5349885019772727       1.9961282741956867   2.1146369348309401e-09     0.012766845211569644       491.48585892094292       5.7934714303969193       5.7934714303969193       1888.7836314700492                                                 1386.8182407980446                                              10.479531751061781        23.385756562169377               390.03644428967857                          69.565846667185724                       8.497811401909253
                       6       949.37428050261269      0.02199174087416738       0.1173375550686251       68.412773312468175       3.0501658906162423      0.95732893927594309     0.052386715164275947     0.022496907456357206       1.0110567895302132       1.5509515290564369       2.1670543861132394   2.1118847550599041e-09     0.022496907456357206        492.2118213598622       5.7934714303969193       5.7934714303969193       1887.1616181444315                                                 1384.6162742370889                                              10.333522547480445        24.720416328630279               390.19640395674571                          68.317882906471681                      8.9771181680145808
                       6       949.60463029151117     0.022090086318785191      0.11723069317789901       68.774692676723717       3.0446870194849418      0.95764515279249474     0.050213786462669774    0.0025917037894869696       1.0103460627877427       1.5648362640412812       2.1330304653205561   2.1003456501422643e-09    0.0025917037894869696       493.20179339751195       5.7934714303969193       5.7934714303969193       1887.6223177222284                                                 1383.7987269636774                                              10.621797361039393        24.660515447877515               390.84844718191135                          68.179714569679277                      9.5131161980437806
                       2       949.63450724928441     0.022089119005987989      0.11720694967859893       68.774157813842351       3.0445352112194719      0.95788501155693728     0.050263877170873245    0.0030950767768093694       1.0102348350289532       1.5649182391393139       2.1286112990190498   2.1000268245130235e-09    0.0030950767768093694       493.20632805102156       5.7934714303969193       5.7934714303969193       1887.6820716377749                                                 1383.8470359324685                                              10.628707654284888        24.600903933147436               390.83528953651853                          68.232480459494894                      9.5376541218607045
                       2       948.76522988291902      0.02220044615704846      0.11807172799637949       68.310199613304093       3.0567271687463577      0.95649189605865725     0.054230528648134081     0.015485444940508769        1.011015366725776       1.5055046248626653       1.7308746437569691   2.1257869766131079e-09     0.015485444940508769       492.17683933945398       5.7934714303969193       5.7934714303969193       1885.9435169050441                                                 1382.2402376414698                                              11.526439924120162        25.193271923423879               389.90388518023258                           68.85878887653611                      8.2208933592614333
                      14       948.67219012922078     0.022203865772042246      0.11818570743623802       68.323702876701773       3.0543102093082499      0.95647514818984936     0.053111665233267782    0.0063327417414241471       1.0107108130142626       1.5058600698268214       1.7254186668285656   2.1206552398145894e-09    0.0063327417414241471       492.28923150419291       5.7934714303969193       5.7934714303969193       1885.7574373976477                                                 1381.8816371627761                                              11.586568730678943        25.170706995302055               390.00316790544809                          68.896872097514461                      8.2184845059282861
                       8        949.2688375506234     0.022203865772042246      0.11818570743623802       68.323702876701773       3.0543102093082499      0.95647514818984936     0.053111665233267782    0.0063327417414241471        1.011859795736523       1.5058600698268214       1.7254186668285656   2.1206552398145894e-09    0.0063327417414241471        493.4825263469981       5.7934714303969193       5.7934714303969193       1886.9507322404529                                                 1381.8816371627761                                              11.586568730678943         24.96392700072829                390.0141852221883                          70.215192984443391                      8.2892211396381388
                       2       949.15781223631302     0.022192539454673064      0.11822624553429789       68.287290742610324       3.0557465219549695       0.9571832841969109     0.054142251920446367    0.0040136445704415762       1.0114882682875368       1.4991094832718528       1.6979798992607618   2.1237033522520685e-09    0.0040136445704415762         492.926826141253       5.7934714303969193       5.7934714303969193       1886.7286816118321                                                 1381.9719031453567                                              11.829952325222354         24.81392062123291               389.93727637790192                          69.939980823806764                      8.2356483183114229
                       2       948.62503050739099     0.022192539454673064      0.11822624553429789       68.287290742610324       3.0557465219549695       0.9571832841969109     0.054142251920446367    0.0040136445704415762       1.0105746513322171       1.4991094832718528       1.6979798992607618   2.1237033522520685e-09    0.0040136445704415762       491.86126268340882       5.7934714303969193       5.7934714303969193       1885.6631181539881                                                 1381.9719031453567                                              11.829952325222354        24.975853695448563               389.94985327262287                          68.719578794827427                      8.2159769205099487
                       3       950.36079444765051     0.022048832745326874      0.11833448497119779       68.116265440868162       3.0683708733158386      0.95538142567116102     0.059942626262386237    0.0075116807063360432       1.0117035597558826       1.4857092565058889       1.9351317915514887   2.1506836757693328e-09    0.0075116807063360432       493.23240934293284       5.7934714303969193       5.7934714303969193       1889.1346460345071                                                 1383.4791576632754                                              12.423079028298952        25.554156121776543               390.60284853327192                          68.612821617959256                      8.4625830699251079
                       1       950.42898832188098     0.022048832745326874      0.11833448497119779       68.116265440868162       3.0683708733158386      0.95538142567116102     0.059942626262386237    0.0075116807063360432       1.0118748511204316       1.4857092565058889       1.9351317915514887   2.1506836757693328e-09    0.0075116807063360432       493.36879709139373       5.7934714303969193       5.7934714303969193       1889.2710337829681                                                 1383.4791576632754                                              12.423079028298952        25.522047697841458               390.60284853327192                           68.81372071411441                      8.4301801461658989
                       1       950.67898167349028     0.022048832745326874      0.11833448497119779       68.116265440868162       3.0683708733158386      0.95538142567116102     0.059942626262386237    0.0075116807063360432       1.0118689761803867       1.5071269570026609       1.6366300611167564   2.1506836757693328e-09    0.0075116807063360432       493.36344802991346       5.7934714303969193       5.7934714303969193       1889.7710204861867                                                 1383.9844934279745                                              12.423079028298952        25.523147195385604               390.60284853327192                           68.80619747143362                      8.4312548298222794
                       7       950.83703380998372     0.022126469635028768      0.11777899673991984        68.39233986043628       3.0687479037892724      0.95313762341100139     0.060021513162768138      0.01504137710462585       1.0127914972267344       1.5176577991603502        1.760537885787417    2.151494701934997e-09      0.01504137710462585       495.82283098745893       5.7934714303969193       5.7934714303969193       1890.0871247591735                                                 1383.5316763414278                                              10.732617430287162        26.180939911964288               390.58776612634716                          70.855812369599875                      8.1983125795476042
                       2       950.39198496679558     0.022104988924196264      0.11710708710585711       68.348935648865805       3.0582350072082187      0.96173454199986175      0.06131394304722234     0.052922192809812113       1.0064490502556522       1.5569595444526201       1.8548116139570268   2.1289947377632297e-09     0.052922192809812113       492.09053068320878       5.7934714303969193       5.7934714303969193       1889.1970270727973                                                 1386.5978995773735                                               10.50859681221506        23.971966873327347               390.87709892351512                          68.130078348685956                      9.1113865376803194
                       1       949.71416997845154     0.022104988924196264      0.11710708710585711       68.348935648865805       3.0582350072082187      0.96173454199986175      0.06131394304722234     0.052922192809812113       1.0065224270916764       1.4539474144342661       2.0140660145136793   2.1289947377632297e-09     0.052922192809812113        492.1848398412269       5.7934714303969193       5.7934714303969193       1887.8413970961092                                                 1385.1479604426672                                               10.50859681221506         23.96005504333516               390.87709892351512                          68.209269520572519                      9.1384163538041356
                       5       949.45170243784128     0.022104988924196264      0.11710708710585711       68.348935648865805       3.0582350072082187      0.96173454199986175      0.06131394304722234     0.052922192809812113       1.0051233722239794       1.4539474144342661       2.0140660145136793   2.1289947377632297e-09     0.052922192809812113       491.65990476000655       5.7934714303969193       5.7934714303969193       1887.3164620148887                                                 1385.1479604426672                                               10.50859681221506        24.189691769615706                390.8512829493875                          67.925763430893809                      8.6931666101095324
                       2       950.50641149215505     0.022104988924196264      0.11710708710585711       68.348935648865805       3.0582350072082187      0.96173454199986175      0.06131394304722234     0.052922192809812113       1.0050407443127827       1.5716794618918912       1.7971423929741677   2.1289947377632297e-09     0.052922192809812113       491.72279662844409       5.7934714303969193       5.7934714303969193       1889.4258801235162                                                 1387.1944866828569                                               10.50859681221506        24.203428264317154               390.85753422801866                           67.99031565858688                      8.6715184775213654
                       4       950.04023591606051     0.022104988924196264      0.11710708710585711       68.348935648865805       3.0582350072082187      0.96173454199986175      0.06131394304722234     0.052922192809812113       1.0050396928403744       1.5677154933157162       1.9128949346526833   2.1289947377632297e-09     0.052922192809812113       491.72357957953619       5.7934714303969193       5.7934714303969193       1888.4935289713271                                                 1386.2613525795759                                               10.50859681221506        24.203603204225885               390.85753422801866                          67.991195795232187                      8.6712463520594163
                       4       949.98779739209215     0.022104988924196264      0.11710708710585711       68.348935648865805       3.0582350072082187      0.96173454199986175      0.06131394304722234     0.052922192809812113        1.005225649875588       1.5677154933157162       1.9128949346526833   2.1289947377632297e-09     0.052922192809812113       491.61870253159941       5.7934714303969193       5.7934714303969193       1888.3886519233904                                                 1386.2613525795759                                               10.50859681221506         24.17271815462982               390.86683409311598                          67.858466581747336                      8.7206837021062924
                       4       949.78429110144293     0.022104988924196264      0.11710708710585711       68.348935648865805       3.0582350072082187      0.96173454199986175      0.06131394304722234     0.052922192809812113       1.0052231111162346       1.5585934301125959       2.1826381811052395   2.1289947377632297e-09     0.052922192809812113       491.61993253727945       5.7934714303969193       5.7934714303969193        1887.981639342092                                                 1385.8531099925974                                               10.50859681221506        24.173139083960677               390.86683409311598                          67.859968339580064                      8.7199910206227322
                       5       949.63664443217351     0.022139758398355136      0.11692660483572584       68.436295037457811       3.0596172659276202      0.96249834947485502     0.062284965947327693     0.055469106215452674       1.0050937385453405       1.5564636133415879       2.1246191727900654   2.1319395941108651e-09     0.055469106215452674       491.75966626781843       5.7934714303969193       5.7934714303969193       1887.6863460035531                                                 1385.5866046357166                                              10.340075100018023        24.048793887726617               391.17685525248845                          67.721298083342887                      8.8127190442604686
                       6       949.60458263268151     0.022139758398355136      0.11692660483572584       68.436295037457811       3.0596172659276202      0.96249834947485502     0.062284965947327693     0.055469106215452674       1.0054063315925199       1.5564636133415879       2.1246191727900654   2.1319395941108651e-09     0.055469106215452674       491.69554266883438       5.7934714303969193       5.7934714303969193       1887.6222224045691                                                 1385.5866046357166                                              10.340075100018023        23.997686404536466                391.1825414647937                           67.60574407049468                      8.9095707290095412
                       1        949.3670566160074     0.022110022159811806      0.11691526510474987       68.468463270024998       3.0573755880080387      0.96265119611246186     0.061324628211214129     0.045893306996745598       1.0052956924337109       1.5595464258010732       2.1634311587381556   2.1271658248225318e-09     0.045893306996745598       491.37680610663057       5.7934714303969193       5.7934714303969193       1887.1471703712209                                                 1385.4737057239522                                              10.296658540637884        23.920068331492132               390.86459110088742                           67.73182451637895                      8.8603221578720532
