#                 weight             minuslogpost                 omegabh2                 omegach2                       H0                     logA                       ns                      tau                      mnu                       As            minuslogprior         minuslogprior__0                     chi2 chi2__sbt_spt_audit.likelihoods.candl_cobaya.CandlCobayaLikelihood chi2__sbt_spt_audit.likelihoods.desi_dr2_bao.DESIDR2BAOGaussian
                       1       11584.261011475966     0.023027916999999998               0.11612066       68.927728000000002       3.0016425874724013       1.0285595211129201              0.050845913                        6   2.0118556285685634e-09       3.4908863374028734       3.4908863374028734       23161.540250277129                                                 22912.267252894169                                              249.27299738296045
                       1       11514.718113542471     0.023027916999999998               0.11612066       68.927728000000002       2.9976736036184026       1.0199960271619102              0.050845913                        6   2.0038864313312304e-09       3.4908863374028734       3.4908863374028734       23022.454454410137                                                 22773.181457027178                                              249.27299738296045
                       3       11481.290769152884     0.023309538097258085      0.11950700309499088       68.923825615701148        2.982090268709257       1.0000299112395852     0.035076987469284865       5.8506347186007757   1.9729012512065228e-09       3.4908863374028734       3.4908863374028734       22955.599765630963                                                  22714.83750443298                                              240.76226119798372
                       1        11223.33005249169     0.022759284772236491      0.12063010280851778       67.197446713248169       2.9917090059926368       1.0095813092647927     0.043508291493299198       5.9212790182152375   1.9919696298731944e-09       3.4908863374028734       3.4908863374028734       22439.678332308577                                                 22194.685030967099                                              244.99330134147826
                       3       11217.999797079437     0.022759284772236491      0.12063010280851778       67.197446713248169       2.9891686677745546       1.0158056303812479     0.043508291493299198       5.9212790182152375   1.9869157752610225e-09       3.4908863374028734       3.4908863374028734       22429.017821484071                                                 22184.024520142593                                              244.99330134147826
                       2       11114.204118418615     0.022853712424739148      0.11920587410290373       67.131626678037591       2.9961857421873739       1.0155604816397947     0.048335628693030319       5.9756274847859592   2.0009071429316534e-09       3.4908863374028734       3.4908863374028734       22221.426464162425                                                 21980.067683873858                                              241.35878028856615
                       1       11087.145614932617     0.022326618993914832      0.11975392176810598       66.287165856568592       2.9731202795736742       1.0267091272208155     0.040841165316242621       5.9785470354249322   1.9552834821441821e-09       3.4908863374028734       3.4908863374028734       22167.309457190429                                                  21911.35632850969                                              255.95312868073819
                       2       10892.591167273498     0.022326618993914832      0.11975392176810598       66.287165856568592       2.9404414441837829       1.0566536577176233     0.040841165316242621       5.9785470354249322   1.8924198445955707e-09       3.4908863374028734       3.4908863374028734       21778.200561872192                                                 21522.247433191453                                              255.95312868073819
                       1       10749.849646593468     0.022690241109062256      0.12076594417465011         66.0065371835082       2.9512696758865813       1.0451207927112165     0.041609662712438045       6.0123372440640583   1.9130227503623234e-09       3.4908863374028734       3.4908863374028734       21492.717520512131                                                  21228.86081422829                                              263.85670628384111
                       3       10742.390500699692     0.022479210734675577       0.1221328354288512        65.56814785768546       2.9332459315775727       1.0456192114172875     0.032408364028956499       5.9675916606170629   1.8788517868537221e-09       3.4908863374028734       3.4908863374028734        21477.79922872458                                                 21199.628888812218                                              278.17033991236315
                       3       10652.800741058565     0.022695896531800069      0.11978495491682686       65.617333917064045       2.9032058073752549       1.0451755197549983     0.019067813237592896       6.0567661834454878   1.8232501668255666e-09       3.4908863374028734       3.4908863374028734       21298.619709442326                                                 21028.000136092298                                              270.61957335002626
                       1       10510.115158704766     0.022695896531800069      0.11978495491682686       65.617333917064045       2.8770091514314058       1.0679092247854616     0.019067813237592896       6.0567661834454878    1.776107298269589e-09       3.4908863374028734       3.4908863374028734       21013.248544734728                                                   20742.6289713847                                              270.61957335002626
                       4       10392.731590832162     0.022517323325524641      0.12036093493355832       64.902637938609871       2.8796827579914317       1.0696144673469887     0.021257187593538333       6.0783395146878947    1.780862264014915e-09       3.4908863374028734       3.4908863374028734       20778.481408989519                                                 20482.431635490426                                              296.04977349909416
                       1       10273.169240023688     0.023053348984321067      0.12009243169758654        65.12786945528039       2.8983124659684534       1.0558615272974867     0.026149938809799878       6.1121629527264867    1.814350174399042e-09       3.4908863374028734       3.4908863374028734       20539.356707372572                                                 20246.726363167745                                              292.63034420482546
                       1       9981.1922664119702     0.024263521966834838      0.11920435498873264        65.66118644802421       2.9673858842768084       1.0251286983725048      0.05110223027444187       6.1964551075469512   1.9441032004545243e-09       3.4908863374028734       3.4908863374028734       19955.402760149136                                                 19670.936047807932                                              284.46671234120333
                       1       9931.6329498605974     0.024127031080049967      0.12043014872746355       65.121473244567994       2.9717281932687745       1.0260918535799013     0.052800777419810568       6.2022251714933541   1.9525634524837752e-09       3.4908863374028734       3.4908863374028734        19856.28412704639                                                 19541.532984585323                                               314.7511424610671
                       1       9846.1599014132225     0.024630981152507194       0.1203826466452691       65.152808797748634       2.9425917635045002       1.0137192300276789     0.033897002752609068       6.2501084301043219   1.8964935298426762e-09       3.4908863374028734       3.4908863374028734       19685.338030151641                                                 19359.654444516684                                              325.68358563495565
                       4       9837.4826942578638     0.024655660454216594      0.12054053325982124       65.150593694589887       2.9431053127213231       1.0121774246781421     0.033662048465402571       6.2410820224814412   1.8974677227362252e-09       3.4908863374028734       3.4908863374028734       19667.983615840923                                                 19341.171705577064                                              326.81191026385841
                       2       9676.1857483225722     0.024288776535524709      0.12296308954352776       63.861057414653978       2.9493027226831723       1.0129459882260636     0.036546573304482917       6.2246407680599729   1.9092636223617112e-09       3.4908863374028734       3.4908863374028734        19345.38972397034                                                 18928.351977485443                                              417.03774648489826
                       1       9606.4332882487979     0.024288776535524709      0.12296308954352776       63.861057414653978       2.9289640957380909       1.0385565000960524     0.036546573304482917       6.2246407680599729   1.8708240509245208e-09       3.4908863374028734       3.4908863374028734       19205.884803822792                                                 18788.847057337895                                              417.03774648489826
                       4       9581.0007360038471     0.024288776535524709      0.12296308954352776       63.861057414653978       2.9246746821675678       1.0361531706071962     0.036546573304482917       6.2246407680599729   1.8628164989810315e-09       3.4908863374028734       3.4908863374028734        19155.01969933289                                                 18737.981952847993                                              417.03774648489826
                       2       9575.6182457431169     0.024288776535524709      0.12296308954352776       63.861057414653978       2.9217949344251508       1.0430327785161557     0.036546573304482917       6.2246407680599729   1.8574597740836882e-09       3.4908863374028734       3.4908863374028734       19144.254718811429                                                 18727.216972326532                                              417.03774648489826
                       2        9571.966204628905     0.024308466312455576      0.12513736425009131       63.675352432168332       2.9363185124934859       1.0365756525582759     0.040297811221422085       6.1624074600205523   1.8846335889765555e-09       3.4908863374028734       3.4908863374028734       19136.950636583006                                                 18692.823496337733                                              444.12714024527378
                       3        9500.178091556234     0.024308466312455576      0.12513736425009131       63.675352432168332       2.9168475615066862       1.0542410374112903     0.040297811221422085       6.1624074600205523   1.8482929225145445e-09       3.4908863374028734       3.4908863374028734       18993.374410437664                                                 18549.247270192391                                              444.12714024527378
                       1       9406.7313398588394     0.024308466312455576      0.12513736425009131       63.675352432168332       2.8919992661686194       1.0636517814702029     0.040297811221422085       6.1624074600205523   1.8029319000890792e-09       3.4908863374028734       3.4908863374028734       18806.480907042875                                                 18362.353766797602                                              444.12714024527378
                       2       9301.2025827931593     0.024846421141031718      0.12426114119098043       64.045001885121962       2.9259475376907709       1.0506046239202183     0.053673563949436655       6.1972929944422877   1.8651891049224281e-09       3.4908863374028734       3.4908863374028734       18595.423392911514                                                 18164.980430025305                                              430.44296288620819
                       1       9269.7521674490799     0.024982971494119172      0.12574681227591084       63.927188514367586       2.9325716700097533       1.0420339918699322     0.053442521382969614       6.1537794827735341   1.8775853762961801e-09       3.4908863374028734       3.4908863374028734       18532.522562223356                                                 18078.791501350788                                              453.73106087256701
                       1       9193.2229337849585     0.025045102092494803      0.12531508525622209       63.651365593109894       2.9233520576651189       1.0408682901367396     0.049020387814389922        6.196326277621572   1.8603543208633984e-09       3.4908863374028734       3.4908863374028734       18379.464094895113                                                 17899.364446727592                                              480.09964816752222
                       1       9148.1467078759961     0.024592659136355999      0.12616873644989263       62.778544163270062       2.9422793802947891       1.0522953285437195     0.061570216886426221         6.23950469607313    1.895901189630013e-09       3.4908863374028734       3.4908863374028734       18289.311643077188                                                 17737.334286959558                                              551.97735611763005
                       1        9133.168362489394     0.023950227593171652      0.12488502499963611       62.410353255749783       2.9469479413683488       1.0675541712088346     0.071412258445569643        6.213254326714118   1.9047730133348496e-09       3.4908863374028734       3.4908863374028734       18259.354952303984                                                 17714.338503995008                                              545.01644830897408
                       1       9005.1584890557551     0.024995913720343391      0.12374275626933308       62.979616033406955       2.9407678631581424       1.0445393840096564     0.060751117913787352       6.3071287234885096   1.8930376671693206e-09       3.4908863374028734       3.4908863374028734       18003.335205436706                                                 17466.174927661796                                              537.16027777491058
                       1       8925.2307930366696     0.025252868768825067      0.12660631369231881        62.55298512421647       2.9590136026805993       1.0297397858711332     0.063264769538521504       6.2629106203757585   1.9278945673074282e-09       3.4908863374028734       3.4908863374028734       17843.479813398535                                                 17225.251311514698                                               618.2285018838387
                       1       8870.1776317337317       0.0254708568529524      0.12613085161656651       62.738356887393792        2.965532428844817       1.0223070765239766     0.065095309832926385       6.2482817084732467   1.9405032290411564e-09       3.4908863374028734       3.4908863374028734       17733.373490792659                                                 17128.233613032215                                              605.13987776044564
                       5       8853.3202594629238       0.0254708568529524      0.12613085161656651       62.738356887393792       2.9587298518074889       1.0286577634931287     0.065095309832926385       6.2482817084732467   1.9273476031451388e-09       3.4908863374028734       3.4908863374028734       17699.658746251043                                                 17094.518868490599                                              605.13987776044564
                       1       8827.3103283818109     0.025318917027171862      0.12525539790596621       62.384221009491469       2.9488778415784407       1.0374528767079569     0.063156065525915683       6.3332563349198541   1.9084525846341221e-09       3.4908863374028734       3.4908863374028734       17647.638884088818                                                 17012.767094325769                                              634.87178976305006
                       1       8688.3234849179244     0.026228317472016968      0.12568830079470861       62.691111066396374       2.9873627328908468       1.0122104304384241     0.073563123425288132       6.3705291791965344   1.9833307728662746e-09       3.4908863374028734       3.4908863374028734       17369.665197161044                                                  16708.62488633487                                              661.04031082617439
                       7       8677.9591657008441     0.026228317472016968      0.12568830079470861       62.691111066396374       2.9825054485582614       1.0165886968683706     0.073563123425288132       6.3705291791965344   1.9737205301123768e-09       3.4908863374028734       3.4908863374028734       17348.936558726884                                                  16687.89624790071                                              661.04031082617439
                       1       8675.1092785854999     0.026228317472016968      0.12568830079470861       62.691111066396374       2.9823647593301459       1.0197240577376634     0.073563123425288132       6.3705291791965344   1.9734428684269419e-09       3.4908863374028734       3.4908863374028734       17343.236784496195                                                 16682.196473670021                                              661.04031082617439
                       3       8652.7985280240773     0.026228317472016968      0.12568830079470861       62.691111066396374       2.9724398094330136       1.0305827363076221     0.073563123425288132       6.3705291791965344   1.9539534227022466e-09       3.4908863374028734       3.4908863374028734        17298.61528337335                                                 16637.574972547176                                              661.04031082617439
                       6       8648.7455661335061     0.026741127902905313      0.12599638558257209       63.133145279997599       2.9978429998528884       1.0184596535845938      0.08121920339740947        6.387171406034164   2.0042259108995035e-09       3.4908863374028734       3.4908863374028734       17290.509359592208                                                 16647.190924617065                                              643.31843497514353
                       1       8643.7846373119737     0.026727770222339717      0.12600645767857696       63.094794169496744        2.998995077028265       1.0187548343063015     0.081909542331232335        6.389533489660824   2.0065362644229892e-09       3.4908863374028734       3.4908863374028734       17280.587501949143                                                  16633.23209591768                                              647.35540603146399
                       1       8566.1214212330269     0.026955506144912142      0.12667522531280154       62.889546030265052       2.9844508359376158        1.008531350268016     0.071515239396618344       6.3753666138092031   1.9775639183493971e-09       3.4908863374028734       3.4908863374028734        17125.26106979125                                                 16432.250835412684                                              693.01023437856702
                       1       8541.7479211952486     0.027915729278555772        0.126205985314502       64.142515591582722        3.038214822802376      0.98058527087490188     0.089945771839723007       6.3102769259167371   2.0867956962762427e-09       3.4908863374028734       3.4908863374028734       17076.514069715693                                                 16482.896102565453                                              593.61796715023843
                       2         8543.59728063066     0.027915729278555772        0.126205985314502       64.142515591582722       3.0488466070144495      0.98789572699028139     0.089945771839723007       6.3102769259167371   2.1091004172031624e-09       3.4908863374028734       3.4908863374028734       17080.212788586516                                                 16486.594821436276                                              593.61796715023843
                       1       8542.5558311677087      0.02801096525885129      0.12738294119081225       64.070571330578744       3.0567152099321104      0.98298996087131885     0.091271108614979529       6.2905700467174643   2.1257615548735323e-09       3.4908863374028734       3.4908863374028734       17078.129889660613                                                 16461.730255483959                                              616.39963417665331
                       1       8509.7700824970125      0.02801096525885129      0.12738294119081225       64.070571330578744        3.040014540167284       1.0038380829142839     0.091271108614979529       6.2905700467174643   2.0905547203036377e-09       3.4908863374028734       3.4908863374028734       17012.558392319221                                                 16396.158758142567                                              616.39963417665331
                       2       8490.2751567464838     0.027878295608329714      0.12749281885772451       63.860440156391526       3.0455280572491161       1.0063681923865218     0.095063930945944203       6.2900292224245096   2.1021128631941408e-09       3.4908863374028734       3.4908863374028734       16973.568540818163                                                 16339.350224103278                                              634.21831671488633
                       1        8408.997780807942      0.02829739713054337      0.12640705964488641       63.999220568524663       3.0743581978476877      0.99879976812312266      0.10744975834700179       6.3668203790758229    2.163599142865164e-09       3.4908863374028734       3.4908863374028734        16811.01378894108                                                 16171.660423973181                                              639.35336496790103
                       1       8315.7026843697804     0.028945427623183403      0.12770616675055488       63.839317824493698       3.0507926390564357      0.97924712306653272     0.088038653830960031       6.3990009002566621   2.1132087904112099e-09       3.4908863374028734       3.4908863374028734       16624.423596064757                                                 15907.665417899714                                              716.75817816504309
                       3       8313.7422250380787     0.028946600904746288      0.12770214183350759       63.833656336942546       3.0509023262226145      0.97915856354817177     0.088087393895118313       6.3991006305654521   2.1134405950077366e-09       3.4908863374028734       3.4908863374028734       16620.502677401353                                                 15902.929131251471                                              717.57354614988185
                       1       8277.9324703493912     0.028946600904746288      0.12770214183350759       63.833656336942546       3.0281797865403419       1.0064010626085793     0.088087393895118313       6.3991006305654521   2.0659593474056882e-09       3.4908863374028734       3.4908863374028734       16548.883168023978                                                 15831.309621874098                                              717.57354614988185
                       3       8271.0431117970693     0.028946600904746288      0.12770214183350759       63.833656336942546       3.0182504169373439       1.0063219411313706     0.088087393895118313       6.3991006305654521   2.0455471811388888e-09       3.4908863374028734       3.4908863374028734       16535.104450919334                                                 15817.530904769452                                              717.57354614988185
                       4       8259.4003163319321     0.029709583804405172      0.12954531072952533       64.351038334091839       3.0556213626414479        0.981056829139206     0.096945424477562964       6.3441142772220616   2.1234375676314349e-09       3.4908863374028734       3.4908863374028734        16511.81885998906                                                 15796.530105322605                                              715.28875466645593
                       2       8235.2734245153752     0.030019895532893748      0.13178465274474019       64.128876647705454       3.0761947357557515      0.96906239114986747      0.10120222389086976       6.3368704771981168   2.1675763257145481e-09       3.4908863374028734       3.4908863374028734       16463.565076355946                                                  15675.31805006299                                              788.24702629295621
                       2       8124.6280859478838     0.030685492428665598      0.13073939177613461       64.349441502045096       3.0958333744275257      0.95147297597579505      0.10652017850938095       6.3845856695592111   2.2105653149385008e-09       3.4908863374028734       3.4908863374028734       16242.274399220962                                                 15441.416689983018                                              800.85770923794394
                       1       8090.3049058836195     0.030441015117601947      0.12985292407220306        64.03472652559411       3.1069462819810201       0.9608071378985491      0.11576399486975708       6.4387982587062496   2.2352681287415874e-09       3.4908863374028734       3.4908863374028734       16173.628039092433                                                 15350.660455581266                                              822.96758351116694
                       1       8083.7584673346419     0.030441015117601947      0.12985292407220306        64.03472652559411       3.1069381897727646       0.9640801841476776      0.11576399486975708       6.4387982587062496   2.2352500405595694e-09       3.4908863374028734       3.4908863374028734       16160.535161994478                                                 15337.567578483311                                              822.96758351116694
                       2       8006.7837513348668     0.030441015117601947      0.12985292407220306        64.03472652559411       3.0263468991982441       1.0531731339495236      0.11576399486975708       6.4387982587062496   2.0621761448197368e-09       3.4908863374028734       3.4908863374028734       16006.585729994928                                                 15183.618146483761                                              822.96758351116694
                       1       7994.6402831316327     0.030441015117601947      0.12985292407220306        64.03472652559411       3.0098459535042004       1.0733538821466166      0.11576399486975708       6.4387982587062496   2.0284274963074478e-09       3.4908863374028734       3.4908863374028734       15982.298793588459                                                 15159.331210077293                                              822.96758351116694
                       2       7989.6239987912431     0.030442502301378543      0.12942388176232408        64.04149621997918       2.9970141673643065       1.0744667833998238      0.11000524578278978        6.452833766715834   2.0025654315747552e-09       3.4908863374028734       3.4908863374028734        15972.26622490768                                                 15153.311495313321                                              818.95472959435915
                       3       7930.4053331953828     0.029755492812314412      0.13032756218215397       63.008484341035043       2.9843069302391405       1.0870787842940792      0.10850676153594228       6.4286881210316817   1.9772793561080024e-09       3.4908863374028734       3.4908863374028734        15853.82889371596                                                 14924.740978873133                                              929.08791484282688
                       3        7877.857655519224     0.030747043330047682      0.12880715202637663       63.829069151147422       2.9905149868978675       1.0643324951335795      0.10488396833106289       6.4826824964392591   1.9895925994911652e-09       3.4908863374028734       3.4908863374028734       15748.733538363642                                                 14876.783802733313                                              871.94973563032954
                       2       7877.1382079130162     0.030747043330047682      0.12880715202637663       63.829069151147422       2.9954879643835453       1.0618295916255496      0.10488396833106289       6.4826824964392591   1.9995114413412188e-09       3.4908863374028734       3.4908863374028734       15747.294643151226                                                 14875.344907520897                                              871.94973563032954
                       1       7802.9122976542103     0.030848291823164359      0.13065837507977168       63.237896792313137       2.9601479515286702       1.0506927813483542     0.083444193885119866       6.4362149989441573   1.9300827131147609e-09       3.4908863374028734       3.4908863374028734       15598.842822633615                                                 14606.889254890422                                              991.95356774319168
                       2       7740.6511144577298     0.031202477521439551      0.13248061265030076       63.020064928385246        3.007493630867804       1.0346103845057875      0.10110228645231412       6.4067002060939737   2.0236615880661624e-09       3.4908863374028734       3.4908863374028734       15474.320456240654                                                 14394.851386789222                                              1079.4690694514318
                       1       7733.1961834046788     0.031202477521439551      0.13248061265030076       63.020064928385246        3.027333522669426       1.0226082421649094      0.10110228645231412       6.4067002060939737   2.0642117402239043e-09       3.4908863374028734       3.4908863374028734       15459.410594134552                                                 14379.941524683119                                              1079.4690694514318
                       1       7733.3290958228181     0.031090708990234969      0.13202245001969171       62.768796410754774       3.0068085142216789       1.0295340285000598     0.092802975547745151       6.4696718448043953   2.0222756186556244e-09       3.4908863374028734       3.4908863374028734        15459.67641897083                                                 14346.901235298737                                              1112.7751836720922
                       1       7724.2064779789262     0.031090708990234969      0.13202245001969171       62.768796410754774       2.9960568481162704       1.0468993231439516     0.092802975547745151       6.4696718448043953   2.0006492544846042e-09       3.4908863374028734       3.4908863374028734       15441.431183283046                                                 14328.655999610954                                              1112.7751836720922
                       1        7671.333842778492     0.031151536914656254      0.13216506975345318       62.447955160717584       3.0152845246669084       1.0448937186072105       0.1017693910408084       6.5069579073278101   2.0394892965228066e-09       3.4908863374028734       3.4908863374028734       15335.685912882178                                                 14153.509902819031                                              1182.1760100631466
                       8       7667.8112513212573     0.031157369646549551      0.13258631043697139       62.362417881460829       3.0134672430993867       1.0435228721542074      0.10017797437824745       6.4988302196259404   2.0357863358972126e-09       3.4908863374028734       3.4908863374028734       15328.640729967708                                                 14125.621241764929                                              1203.0194882027786
