#                 weight             minuslogpost                 omegabh2                 omegach2                       H0                     logA                       ns                      tau                      mnu                       As            minuslogprior         minuslogprior__0                     chi2 chi2__sbt_spt_audit.likelihoods.candl_cobaya.CandlCobayaLikelihood chi2__sbt_spt_audit.likelihoods.desi_dr2_bao.DESIDR2BAOGaussian
                       1       13576.723615382616      0.02298587811028361      0.11588388290792406        68.88220585007349       3.0167109903138329       1.0132237255452445     0.051863569839410067       12.012467679995012   2.0424006339092841e-09       3.4908863374028734       3.4908863374028734       27146.465458090428                                                 26639.695083457573                                              506.77037463285433
                       2       13371.965379995672     0.023478105102949075      0.11651181571784888       67.905982972988937        3.005146214729991      0.99703959155551103     0.041022757623535279       12.117115136752307   2.0189167833911953e-09       3.4908863374028734       3.4908863374028734        26736.94898731654                                                  26218.99390260475                                              517.95508471179141
                       1       13280.676446411249     0.024150400916806467       0.1182781979942322        68.42718522960638       3.0254606547790819      0.98093379333125263     0.042666970854904084       12.129255764964689   2.0603493623275227e-09       3.4908863374028734       3.4908863374028734       26554.371120147694                                                 26045.931851395755                                              508.43926875193858
                       2       13279.203012400196     0.024151991419994676      0.11830106565946048        68.42291593772174       3.0262859861477267      0.98080086293069368     0.043029502782150848       12.128759443916334   2.0620505352057231e-09       3.4908863374028734       3.4908863374028734       26551.424252125587                                                 26042.830760561534                                              508.59349156405494
                       1       13188.929876350925      0.02404829156425628      0.11783262725692792       67.445056227451474       3.0240129041182007      0.98297252175444283     0.043791280921201776       12.221129582643986   2.0573686483624999e-09       3.4908863374028734       3.4908863374028734       26370.877980027046                                                 25831.281933080856                                              539.59604694618952
                       5       13143.429114170691     0.024304188633196017      0.12044797210135798       67.256369262118042       3.0376860842320914      0.97014011138493395     0.044405201951430273       12.174951819417675   2.0856926185488863e-09       3.4908863374028734       3.4908863374028734       26279.876455666577                                                 25721.983294625537                                              557.89316104104148
                       2       13138.971093267526     0.024704484827461733      0.12227547325377273       67.576000951255025       3.0296329400905901      0.95870626537853942     0.034113277695681905       12.150096727440092   2.0689636859199506e-09       3.4908863374028734       3.4908863374028734       26270.960413860248                                                  25716.50342254014                                              554.45699132011009
                       1       13105.140921158576     0.024905680302374365      0.12405210126203296       67.492068733973767       3.0417719208609677      0.94671779939869771     0.035545073327718564       12.087565751842709   2.0942318509209989e-09       3.4908863374028734       3.4908863374028734       26203.300069642348                                                 25638.136466353018                                              565.16360328933035
                       5       13008.519378605115     0.025363201350219324      0.12320466577980899       67.652536805223463       3.0456929275066287      0.93605839539911462     0.034676244682883807        12.13533414101285   2.1024594676548145e-09       3.4908863374028734       3.4908863374028734       26010.056984535426                                                 25450.261440954931                                              559.79554358049381
                       1        12855.69055987719     0.025524846188724058      0.12122554260213368       67.326157907666001       3.0812124129037577      0.93516303879492402     0.054095441105896078       12.245986614934214   2.1784798562320181e-09       3.4908863374028734       3.4908863374028734       25704.399347079576                                                 25130.821464884819                                              573.57788219475572
                       1       12667.343679475522     0.028938324755943406      0.12017397005436883       72.008315725285584       3.1836804324021788      0.84651296105319196     0.074993986653481448       12.093164018065504   2.4135419066635632e-09       3.4908863374028734       3.4908863374028734       25327.705586276239                                                  24924.83192358083                                              402.87366269540757
                       1        12552.62786820938     0.029562450164876609       0.1236760946222097       71.411781483848458       3.1983755462831307      0.82057931865460199     0.071570561913525885       12.077505640084803   2.4492710588558503e-09       3.4908863374028734       3.4908863374028734       25098.273963743955                                                 24666.288467179442                                              431.98549656451326
                       1       12395.645237649793     0.029562450164876609       0.1236760946222097       71.411781483848458       3.1722975817902985      0.85317438966885339     0.071570561913525885       12.077505640084803   2.3862246885563275e-09       3.4908863374028734       3.4908863374028734       24784.308702624781                                                 24352.323206060268                                              431.98549656451326
                       3       12381.926594266843     0.029562450164876609       0.1236760946222097       71.411781483848458       3.1656547656083629      0.84873670973095228     0.071570561913525885       12.077505640084803   2.3704259686733066e-09       3.4908863374028734       3.4908863374028734       24756.871415858881                                                 24324.885919294367                                              431.98549656451326
                       1       12355.681652007494      0.03012182046400861      0.12333912315245764       72.180486907625351       3.1916772036763628      0.84099796051056408     0.080243845273101314       12.133435348887131   2.4329198263822993e-09       3.4908863374028734       3.4908863374028734       24704.381531340183                                                 24294.708298001213                                               409.6732333389715
                       2       12266.075195534919     0.030443338981693407      0.12469137566257964       71.692960165175819       3.2110119495979763      0.82824849804000555     0.085095989894620319       12.157431861365517   2.4804174102624014e-09       3.4908863374028734       3.4908863374028734       24525.168618395033                                                 24090.177672506514                                              434.99094588851904
                       1        12227.74028915252     0.031150040912381924      0.12227031857846705        72.35516344141061       3.2164795780641011      0.81339797774088363     0.084962655190426201       12.214542066764222   2.4940165547585974e-09       3.4908863374028734       3.4908863374028734       24448.498805630235                                                 24042.135905357656                                              406.36290027258048
                       1       12164.518484035967     0.030668504887957179      0.12025333000634093       71.828808194201017       3.2303881614284391      0.83124935085249396     0.099495085464232955       12.306040022192565   2.5289471463403664e-09       3.4908863374028734       3.4908863374028734        24322.05519539713                                                 23903.894461550663                                              418.16073384646899
