#                 weight             minuslogpost                 omegabh2                 omegach2                       H0                     logA                       ns                      tau               mnu_sample                 A_planck               TT_tSZ_Amp               TT_kSZ_Amp                       As                      mnu                chi2__CMB            minuslogprior         minuslogprior__0                     chi2 chi2__sbt_spt_audit.likelihoods.candl_cobaya.CandlCobayaLikelihood chi2__sbt_spt_audit.likelihoods.desi_dr2_bao.DESIDR2BAOGaussian chi2__planck_2018_lowl.TT chi2__planck_2018_lowl.EE_sroll2 chi2__planck_2018_highl_plik.TT_lite_native chi2__planckpr4lensing.PlanckPR4Lensing
                       2       1516.4756800527343     0.022729733592631279      0.11712368121541618       68.495883879739011       3.0332216243635557      0.98299857478623143     0.053769670655823908     0.046623856399381242      0.99767974657917258       1.6617124768555269        9.812485889011441   2.0764018820468502e-09     0.046623856399381242       495.66783571183447       5.7934714303969193       5.7934714303969193       3021.3644172446748                                                 2513.4590762070584                                              12.237505325782369        20.655882252106551               390.88206979246223                          75.352254179360671                      8.7776294879050099
                       9        1515.844172424084      0.02263917841799494       0.1178336398802184       68.597429401904421        3.034803751066498      0.98038897633915756     0.053517159074264166     0.011126831010723162      0.99810551855590879       1.7889093521125536       9.8702502551321238   2.0796896130281651e-09     0.011126831010723162       494.12747931852078       5.7934714303969193       5.7934714303969193       3020.1014019873742                                                 2514.3054949043581                                              11.668427764495526        20.961647622270675               390.83073664533248                          73.954630759353236                      8.3804642915644134
                       4       1515.8958020232785      0.02263917841799494       0.1178336398802184       68.597429401904421        3.034803751066498      0.98038897633915756     0.053517159074264166     0.011126831010723162      0.99815226039078897       1.9034156420266992       9.7717620927824527   2.0796896130281651e-09     0.011126831010723162       494.14477605323435       5.7934714303969193       5.7934714303969193       3020.2046611857631                                                 2514.3914573680336                                              11.668427764495526        20.957572449371241               390.83073664533248                           73.97236528665033                      8.3841016718802717
                      23       1516.5931696389705     0.022560796945213818      0.11790294775043583       68.408448197268854        3.036377073443743      0.98046039684957542     0.053706639015036743     0.021637851585935695      0.99888860415693681       1.8741603417827328       9.7540112521820266   2.0829642105573712e-09     0.021637851585935695       494.57849009713345       5.7934714303969193       5.7934714303969193       3021.5993964171471                                                 2514.4154643515226                                              12.605441968491155        20.911184311951274               390.74441056221713                          74.525925850823484                      8.3969693721415961
                       5       1517.0279384654036     0.022560796945213818      0.11790294775043583       68.408448197268854        3.036377073443743      0.98046039684957542     0.053706639015036743     0.021637851585935695      0.99740851536639075       1.8741603417827328       9.7540112521820266   2.0829642105573712e-09     0.021637851585935695       495.44802774999954       5.7934714303969193       5.7934714303969193       3022.4689340700133                                                 2514.4154643515226                                              12.605441968491155        21.041164363735106               390.70542328505786                          75.309496397949772                      8.3919437032568176
                       1        1517.436690682119     0.022589066810376195      0.11774518146310527       68.337786105547508       3.0387895534690319      0.98298938484655063     0.056402961096484662     0.030619430944802992      0.99591419482462418       1.8228914552446129       9.7262809741002219   2.0879953864742892e-09     0.030619430944802992       497.00028248247236       5.7934714303969193       5.7934714303969193       3023.2864385034441                                                 2513.0144796897835                                              13.271676331188702        20.790354010634701               390.38938652340073                          77.392310024022422                      8.4282319244144706
                       1       1517.2314167972838     0.022603541309929406      0.11762862450699506       68.398982004909541        3.037889497522539      0.98386210731130985     0.056231638614682292     0.029190235495682212      0.99571818160464642       1.8154068160461385       9.7243528304203526   2.0861169193000308e-09     0.029190235495682212        497.3943856672044       5.7934714303969193       5.7934714303969193       3022.8758907337738                                                 2512.7353922351476                                               12.74611283142205        20.697866920806348               390.40955077445574                          77.887664041162338                      8.3993039307799684
                      14       1517.2808548534424     0.022603541309929406      0.11762862450699506       68.398982004909541        3.037889497522539      0.98386210731130985     0.056231638614682292     0.029190235495682212      0.99566140134725989       1.8154068160461385       9.7243528304203526   2.0861169193000308e-09     0.029190235495682212       497.49326177952156       5.7934714303969193       5.7934714303969193       3022.9747668460909                                                 2512.7353922351476                                               12.74611283142205        20.702245387267908               390.40955077445574                          77.978297343192565                      8.4031682746052976
                       3        1517.333882647665      0.02265104327037723      0.11717747467767185       68.663578439746956       3.0330183131026378      0.98758633552084585     0.056957572860870359     0.010669653684948821       0.9927960132716086       1.8792585650326743       9.7496189855978752   2.0759797690736534e-09     0.010669653684948821       500.18512710017467       5.7934714303969193       5.7934714303969193        3023.080822434536                                                 2511.6815467099086                                              11.214148624452534        20.376459182133942               390.50836839952848                          80.951286698662997                      8.3490128198492179
                       1       1517.7002890566596      0.02265104327037723      0.11717747467767185       68.663578439746956       3.0330183131026378      0.98758633552084585     0.056957572860870359     0.010669653684948821      0.99291140595979588       2.1243548877480145       9.5067121404345656   2.0759797690736534e-09     0.010669653684948821       499.97198177726688       5.7934714303969193       5.7934714303969193       3023.8136352525253                                                  2512.627504850806                                              11.214148624452534        20.369325261098538               390.48768104066016                          80.766631061771534                      8.3483444137366156
                       1       1517.2011806883561     0.022635526248067809      0.11701020461590032       68.819646498692919       3.0347453314848911      0.98810677940068858     0.057093907931522518    0.0016501273397018703      0.99394303969681119       2.1157073006469687       9.4998642312653914   2.0795681219798626e-09    0.0016501273397018703        499.7820148203316       5.7934714303969193       5.7934714303969193       3022.8154185159183                                                 2512.4011215185401                                              10.632282177046928        20.323451806250432               390.50038137048904                           80.60810035584872                      8.3500812877434285
                       3       1517.2183389063068     0.022587330544313621      0.11679197339135686       68.723334945561689        3.039523783701271      0.98635448920088664      0.05853738458191262    0.0026222027617759033      0.99554093743394922       2.1016362203089969       9.4614446937277386   2.0895290187625123e-09    0.0026222027617759033       498.69089143093021       5.7934714303969193       5.7934714303969193       3022.8497349518198                                                 2513.3578669748717                                              10.800976546017703        20.444707348406212                 390.431558858968                          79.527095865495198                      8.2875293580607874
                       3       1517.0636974797562     0.022587330544313621      0.11679197339135686       68.723334945561689        3.039523783701271      0.98635448920088664      0.05853738458191262    0.0026222027617759033      0.99730740661812278       2.1016362203089969       9.4614446937277386   2.0895290187625123e-09    0.0026222027617759033       498.38160857782901       5.7934714303969193       5.7934714303969193       3022.5404520987186                                                 2513.3578669748717                                              10.800976546017703        20.332766237128794               390.44291992847093                          79.227523062426897                      8.3783993498024056
                       1       1517.8843726688438     0.022587330544313621      0.11679197339135686       68.723334945561689        3.039523783701271      0.98635448920088664      0.05853738458191262    0.0026222027617759033      0.99485195349461708       2.1016362203089969       9.4614446937277386   2.0895290187625123e-09    0.0026222027617759033       500.02295895600366       5.7934714303969193       5.7934714303969193       3024.1818024768936                                                 2513.3578669748717                                              10.800976546017703        20.490897265363742               390.41714415290335                            80.7935254785273                      8.3213920592093125
                       1       1517.1933000404556     0.022587330544313621      0.11679197339135686       68.723334945561689        3.039523783701271      0.98635448920088664      0.05853738458191262    0.0026222027617759033      0.99471611554294947       2.0589519868262784        9.745864268676403   2.0895290187625123e-09    0.0026222027617759033       500.35780073317795       5.7934714303969193       5.7934714303969193       3022.7996572201173                                                 2511.6408799409214                                              10.800976546017703        20.500204536663318               390.40496146941064                          81.119940549492298                      8.3326941776116765
                       3       1517.0817416466148     0.022762990819290167      0.11594476702774738       69.298140820857427       3.0399550347822908      0.97881330739104766     0.057509690147692243     0.018145605010747148      0.99690632165069193       2.2307700204014669       9.8624220863298504   2.0904303247412958e-09     0.018145605010747148       495.28795077500843       5.7934714303969193       5.7934714303969193       3022.5765404324356                                                 2515.6140632757101                                              11.674526381717207        21.429250458319302               390.20850883361578                          75.041748878378939                      8.6084426046943925
                       3       1518.1549505477005      0.02270409000797604      0.11595645219304668       69.370470499801883        3.034395867686702      0.98340315930756572     0.056687117366822332     0.021777188489501172      0.99471866595424141       2.2651760196693718       9.9164721984320821   2.0788415151741439e-09     0.021777188489501172       495.75603927297453       5.7934714303969193       5.7934714303969193       3024.7229582346072                                                 2516.5278697613744                                              12.439049200258092        20.838248500616373               390.32834648272677                          75.603591539700929                      8.9858527499304977
                       2       1518.0364560690552     0.022661943679499894      0.11662414585978291       69.239388988940576       3.0337402893214018      0.98009948757813115     0.054657480437901182    0.0090662977800646805      0.99578911963791938       2.2987965722770332       9.9273109130046926   2.0774791182796669e-09    0.0090662977800646805        494.6399352070157       5.7934714303969193       5.7934714303969193       3024.4859692773166                                                 2518.5453426202589                                              11.300691450041976        21.205833812568926                390.5397111873591                          74.285607832163834                      8.6087823749238677
                      30       1517.1220435788812     0.022661943679499894      0.11662414585978291       69.239388988940576       3.0337402893214018      0.98009948757813115     0.054657480437901182    0.0090662977800646805      0.99661614212170369       2.2987965722770332       9.9273109130046926   2.0774791182796669e-09    0.0090662977800646805       492.81111022666687       5.7934714303969193       5.7934714303969193       3022.6571442969685                                                 2518.5453426202589                                              11.300691450041976        21.126900543956651               390.54498071346984                          72.306378104207639                      8.8328508650327553
                      10       1517.2759940622398     0.022661943679499894      0.11662414585978291       69.239388988940576       3.0337402893214018      0.98009948757813115     0.054657480437901182    0.0090662977800646805      0.99662982467850147        2.366652375913159       9.8982677864706918   2.0774791182796669e-09    0.0090662977800646805       492.78910979338093       5.7934714303969193       5.7934714303969193       3022.9650452636856                                                 2518.8752440202625                                              11.300691450041976        21.125612080077929               390.54498071346984                          72.281496082152117                      8.8370209176810572
                       6       1517.4800408657741     0.022661943679499894      0.11662414585978291       69.239388988940576       3.0337402893214018      0.98009948757813115     0.054657480437901182    0.0090662977800646805      0.99665287587920626       2.4066775225590211       9.8497994130050408   2.0774791182796669e-09    0.0090662977800646805       492.75265794788169       5.7934714303969193       5.7934714303969193       3023.3731388707542                                                 2519.3197894728305                                              11.300691450041976        21.123442681333302               390.54498071346984                           72.24015429561409                      8.8440802574644515
                       8       1517.3245871258036     0.022643124360261998      0.11664773345069798       69.178773114610152       3.0335583346877253      0.98060484424706085     0.054807736730335267     0.013071063832979343      0.99639250059365203       2.4012820506411541        9.848868969378854   2.0771011457157025e-09     0.013071063832979343       493.05775363113406       5.7934714303969193       5.7934714303969193       3023.0622313908134                                                 2518.9392473478806                                              11.065230411799087        21.054434736956239               390.55124495510347                          72.611531683399818                      8.8405422556745332
                       4       1517.1078163442544     0.022657324229671216      0.11669395050608593       69.187945373327636        3.033003626511924      0.97905213410537906     0.054275836888581327    0.0042526188686081868      0.99666526105872355       2.4257033017789507       9.8468769287874576    2.075949280232344e-09    0.0042526188686081868       492.62251482331476       5.7934714303969193       5.7934714303969193       3022.6286898277149                                                 2518.9808587428806                                              11.025316261519666        21.242698276702527               390.56349308953844                          72.038053652297265                      8.7782698047765475
                       8       1516.1681447628359     0.022505155235718152       0.1168568648700543       68.951055489011793       3.0408418478754853      0.97594472679381528     0.054772084027513553    0.0038782789927903991       1.0006263685948888       2.3752814060212248       9.7883720958282243   2.0922849679630869e-09    0.0038782789927903991        491.2153461212917       5.7934714303969193       5.7934714303969193        3020.749346664878                                                 2519.0149759800552                                              10.519024563531341        21.595010143013212               390.39026693251577                          70.822062118998076                      8.4080069267646422
                       4       1515.9344224234753     0.022505155235718152       0.1168568648700543       68.951055489011793       3.0408418478754853      0.97594472679381528     0.054772084027513553    0.0038782789927903991       1.0022905974081349       2.3752814060212248       9.7883720958282243   2.0922849679630869e-09    0.0038782789927903991        490.7479014425702       5.7934714303969193       5.7934714303969193       3020.2819019861568                                                 2519.0149759800552                                              10.519024563531341        21.418313863931871                390.4303067099375                          70.107326028031721                       8.791954840669133
                       1       1516.5008164666815     0.022670058019659604      0.11583666635050138       69.205345439118602       3.0423483476587561      0.97848011796233381     0.056176336652989101     0.035208771258190434       1.0024493987716556       2.2642086906034438       9.7567365347869863    2.095439370270473e-09     0.035208771258190434       491.97668256085558       5.7934714303969193       5.7934714303969193       3021.4146900725691                                                 2517.8496918931814                                               11.58831561853208        21.142001136253612               390.31617704835355                          70.522656707023728                      9.9958476692246929
                       5       1516.4564804458041     0.022853524888441792      0.11594015495234945       69.270367376744559       3.0290490224227926      0.98281246738718475     0.052842955565989433     0.027002323808430352      0.99816907095548069       2.2293756710249655       9.7563480412920054   2.0677559341178347e-09     0.027002323808430352        495.9049924022608       5.7934714303969193       5.7934714303969193       3021.3260180308143                                                 2514.1366993876827                                              11.284326240870985        20.663988431227835               391.26117037283791                          73.585908479831431                      10.393925118363589
                       5       1516.6987489225389     0.022833298898774324      0.11578219940214945       69.285532766649325       3.0313098283382192      0.98101748425960689     0.054545012609381952     0.026294713411672138      0.99795911604815557       2.3069053181982158        9.781986311886584   2.0724360173518565e-09     0.026294713411672138       495.13442971078888       5.7934714303969193       5.7934714303969193        3021.810554984284                                                 2515.1825826055624                                               11.49354266793312        20.868900343059522                390.6398787151258                          73.185258133047753                      10.440392519555802
                       6       1517.0198208236654     0.022833298898774324      0.11578219940214945       69.285532766649325       3.0313098283382192      0.98101748425960689     0.054545012609381952     0.026294713411672138      0.99847554914243819       2.3069053181982158        9.781986311886584   2.0724360173518565e-09     0.026294713411672138       495.77657351304168       5.7934714303969193       5.7934714303969193        3022.452698786537                                                 2515.1825826055624                                               11.49354266793312        20.825628902684457               390.65733345286446                          73.535400947450796                      10.758210210041952
                       8       1518.2609166604057     0.022833298898774324      0.11578219940214945       69.285532766649325       3.0313098283382192      0.98101748425960689     0.054545012609381952     0.026294713411672138      0.99856106275691792        2.591268359672112       9.6013388088240017   2.0724360173518565e-09     0.026294713411672138       495.91859932109975       5.7934714303969193       5.7934714303969193       3024.9348904600174                                                 2517.5227484709849                                               11.49354266793312        20.818535602087138               390.65931721377149                          73.627879683928072                      10.812866821313058
                       4       1521.3923234413226     0.023024974104115671      0.11493679032058672       69.308497285439827       3.0240970921612536      0.98669726300975713     0.052088958527688738     0.078628459197136291      0.99768468980783265       2.3724895498705312       9.5424629055710195   2.0575418614939795e-09     0.078628459197136291       502.66628424840394       5.7934714303969193       5.7934714303969193       3031.1977040218512                                                  2516.904122197881                                              11.627297575566034        20.301000080251811               391.85382844192594                           75.39493886777754                      15.116516858448703
                       4        1521.389847513115     0.022989479525532607      0.11479266638788288       69.243783041026731       3.0237091602040982      0.98781029700901046     0.052270936582469014     0.084144828462211607       0.9975694192765312        2.358110743720168       9.5317520074498869   2.0567438300536778e-09     0.084144828462211607       503.38924069395978       5.7934714303969193       5.7934714303969193       3031.1927521654361                                                 2516.3187624160773                                              11.484749055399044        20.212645914284451               391.81223320727793                          75.749443038294103                      15.614918534103285
                       2       1521.5742012463104     0.022840458415422826      0.11482329476256217        69.13506883138524       3.0222831107742505      0.98418188902231574     0.051130505008613401     0.076916126568314896      0.99859494821494876       2.5016704000571783       9.5792266682918008   2.0538129020083201e-09     0.076916126568314896       503.07663410235625       5.7934714303969193       5.7934714303969193       3031.5614596318269                                                 2517.1505264482576                                              11.334299081213162        20.419876125834207               392.14480392362617                          74.508488286290373                      16.003465766605451
                       2       1521.2104544679876     0.022840458415422826      0.11482329476256217        69.13506883138524       3.0222831107742505      0.98418188902231574     0.051130505008613401     0.076916126568314896      0.99609430137547694       2.5016704000571783       9.5792266682918008   2.0538129020083201e-09     0.076916126568314896       502.34914054571101       5.7934714303969193       5.7934714303969193       3030.8339660751813                                                 2517.1505264482576                                              11.334299081213162        20.587523310208837                 392.018100690491                           76.27838494652471                      13.465131598486504
                       2        1521.194216557524     0.022845420964171539      0.11481957390005966       69.145980364227853       3.0222236983229545      0.98413173121836395     0.051083735187160077     0.074751494590865691      0.99611627731980279       2.5012259357624247       9.5764695530501172   2.0536908835740513e-09     0.074751494590865691       502.29697769630991       5.7934714303969193       5.7934714303969193       3030.8014902542541                                                 2517.1333721160076                                               11.37114044193677        20.592969542001526                392.0594040833717                          76.304739202933163                      13.339864868003525
                       1       1523.0520972040047     0.022994672527992487      0.11497625741078318       69.061165023167206       3.0264355063634252      0.98324939885054019     0.049295736466044543      0.10255878293377821      0.99947082303285872       2.2471664732150374       9.4759156915308083   2.0623588764975819e-09      0.10255878293377821       503.95537716500792       5.7934714303969193       5.7934714303969193       3034.5172515472154                                                  2519.820918908943                                              10.740955473264211        20.687524425815752                393.0505356254348                          76.312666571623708                      13.904650542133636
                       2       1524.6672002994189      0.02302145521756559      0.11611236080152738       69.087769505416887       3.0546836166064897      0.97068302023934594     0.057443355631492388     0.071571508922427418       1.0045283663515177       2.2945582736148387       9.4568482994924121   2.1214472558212624e-09     0.071571508922427418       501.67596542823929       5.7934714303969193       5.7934714303969193        3037.747457738044                                                 2525.5434202986912                                               10.52807201111365        22.804676629398784               390.02532756098844                          79.895971230013799                      8.9499900078382879
                       1        1523.788410737867      0.02302145521756559      0.11611236080152738       69.087769505416887       3.0546836166064897      0.97068302023934594     0.057443355631492388     0.071571508922427418       1.0058656345468528       2.2945582736148387       9.4568482994924121   2.1214472558212624e-09     0.071571508922427418       499.91838630513496       5.7934714303969193       5.7934714303969193       3035.9898786149402                                                 2525.5434202986912                                               10.52807201111365        22.622175422489875               390.03587625486381                          77.828585907871783                      9.4317487199094607
                       3       1523.6360361045065     0.023029897979926984      0.11612066892464472       69.098619625696855       3.0547235740812062      0.97104153807248483     0.057547578780100174     0.069603087798940769       1.0057342219444008       2.2856818458399979       9.4515496128491314   2.1215320251899228e-09     0.069603087798940769       499.84381907035856       5.7934714303969193       5.7934714303969193       3035.6851293482191                                                 2525.3014985099712                                              10.539811767889868        22.565017143234968               390.07486527611769                          77.867012845580959                      9.3369238054249148
                       2       1524.8012647882874     0.023029897979926984      0.11612066892464472       69.098619625696855       3.0547235740812062      0.97104153807248483     0.057547578780100174     0.069603087798940769       1.0059078188340607       2.0316142270170183       9.0899848295239334   2.1215320251899228e-09     0.069603087798940769        499.8011888938226       5.7934714303969193       5.7934714303969193        3038.015586715781                                                 2527.6745860540686                                              10.539811767889868         22.54197476656725               390.07486527611769                          77.777595962241378                      9.4067528888962535
                       3       1526.1651957403187     0.023029897979926984      0.11612066892464472       69.098619625696855       3.0547235740812062      0.97104153807248483     0.057547578780100174     0.069603087798940769       1.0060387850771568       2.5842942549215944       8.8125915825231633   2.1215320251899228e-09     0.069603087798940769       499.79715176412066       5.7934714303969193       5.7934714303969193       3040.7434486198435                                                 2530.4064850878331                                              10.539811767889868        22.524662067418376               390.07486527611769                          77.736643103063216                      9.4609813175213962
                       2       1524.7247650882066     0.023029897979926984      0.11612066892464472       69.098619625696855       3.0547235740812062      0.97104153807248483     0.057547578780100174     0.069603087798940769       1.0059138029141652       2.1604198345711194       9.0766676736870426   2.1215320251899228e-09     0.069603087798940769       499.80047748225405       5.7934714303969193       5.7934714303969193       3037.8625873156193                                                 2527.5222980654758                                              10.539811767889868        22.541182494404268               390.07486527611769                          77.775228029332638                       9.409201682399468
                       2       1526.7160707851124     0.023132984721273786       0.1165690374007725       69.236374849418468       3.0359573091533147      0.97347961927476301     0.051711859922960401     0.069888583470627888       1.0009995249145467       2.2946726190465787       9.2107761081322472   2.0820900400491568e-09     0.069888583470627888       501.48699268005169       5.7934714303969193       5.7934714303969193       3041.8451987094309                                                 2529.8277366010207                                              10.530469428358668        22.116845404385856               391.14284511635663                          77.353750993816462                      10.873551165492739
                       1       1526.5300666265605     0.023193741365479522      0.11625618979464518       69.441659518226459       3.0355503954048304      0.97568676331924853     0.052882742910801313     0.062750551618237518      0.99977060599909429       2.2977570264802569       9.2143369532048904   2.0812429813378838e-09     0.062750551618237518       501.52795389744045       5.7934714303969193       5.7934714303969193       3041.4731903923271                                                 2528.8362539690538                                              11.108982525833081        21.819853333969775               390.87838796635253                          77.854041135950567                      10.975671461167547
                       1       1526.2635602258379     0.023151700288680518      0.11581607374236175       69.544636390044886       3.0325469108878038      0.97828581136918935     0.051714641905240596     0.068824548373364144       1.0000475867645358       2.2848051349670655       9.2181947660759267   2.0750013782384832e-09     0.068824548373364144       500.29013333564575       5.7934714303969193       5.7934714303969193       3040.9401775908818                                                  2528.573035466442                                              12.077008788794005        21.365399854906286               391.46471345258232                          75.066977205941683                      12.393042822215484
                       1       1524.9507586667803     0.023037066179718166      0.11579326344809414       69.527586808700377       3.0350876015448462      0.97758884609561891     0.053186178148851786     0.062909832798943507       1.0002388625866954        2.369330921914425       9.2490326067379325   2.0802800177090003e-09     0.062909832798943507        497.2715859152741       5.7934714303969193       5.7934714303969193       3038.3145744727667                                                 2528.5880878404159                                              12.454900717076775        21.436229395229986               390.87265851921234                          72.927459865453116                      12.035238135378703
                       1       1522.6749549270244     0.023006237570057396      0.11579131180909459       69.377566349763114       3.0292057852092844      0.98002344473358005     0.052109709821740902      0.06422079831173523      0.99832792615045229       2.3752540501053194       9.2468444466792228   2.0680801067082873e-09      0.06422079831173523       497.40262202826727       5.7934714303969193       5.7934714303969193       3033.7629669932548                                                 2524.7984658635692                                              11.561879101418553        21.063502544724258               391.38879611733137                          72.626527664853512                      12.323795701358103
                       1       1521.4809205816825     0.023006237570057396      0.11579131180909459       69.377566349763114       3.0292057852092844      0.98002344473358005     0.052109709821740902      0.06422079831173523      0.99811149708783875       1.8429191322972507       9.7028881626757872   2.0680801067082873e-09      0.06422079831173523       497.36288948873869       5.7934714303969193       5.7934714303969193       3031.3748983025712                                                 2522.4501297124139                                              11.561879101418553        21.083316251786357                391.3696045668695                          72.758323889255806                      12.151644780827047
                       1       1521.2380117792741     0.022921406957741614      0.11661640357607458        69.10132312744544       3.0265539853934027       0.9798583211082853     0.051604541503320708      0.05985827761967346      0.99627211529880511       1.9036524526514793       9.7420108595570269   2.0626032372522618e-09      0.05985827761967346       495.82729486457066       5.7934714303969193       5.7934714303969193       3030.8890806977543                                                 2524.5947458195142                                              10.467040013669049        21.117822583602731               391.47057658101807                          72.308818064909659                      10.930077635040197
                       2       1519.5708528935909     0.022887450707733296      0.11656892649604743        68.95770284705803       3.0286340143490347        0.978996318636978     0.052985541763843957     0.060490312949297249      0.99619036242069492       1.9146018568930248       9.7233593859335947   2.0668979767525456e-09     0.060490312949297249       495.00592829629579       5.7934714303969193       5.7934714303969193       3027.5547629263879                                                 2522.0922965276659                                              10.456538102425661        21.206684797471439               390.92449630275343                          72.355347959814011                      10.519399236256881
                       3       1519.7037312557584     0.022887450707733296      0.11656892649604743        68.95770284705803       3.0286340143490347        0.978996318636978     0.052985541763843957     0.060490312949297249      0.99691326021439175       1.9146018568930248       9.7233593859335947   2.0668979767525456e-09     0.060490312949297249       495.27168502063114       5.7934714303969193       5.7934714303969193       3027.8205196507229                                                 2522.0922965276659                                              10.456538102425661        21.137965049323441               390.95037843376451                           72.20859248097976                      10.974749056563425
                       1       1520.4004356678704       0.0229611994684965      0.11629342336825664       68.992922166434568       3.0241736025739714      0.98747540195249606     0.053899630938679048      0.07266244346632228      0.99342972723780554       1.7876626406977472       9.6898928076690485   2.0576992908934034e-09      0.07266244346632228       498.44400737015758       5.7934714303969193       5.7934714303969193       3029.2139284749469                                                 2520.2974468562456                                              10.472474248543822        20.329968078490708               391.06564305335331                          75.476504469403466                      11.571891768910055
                       4       1525.6327643192737     0.023240165049020944      0.11628230252008477       69.457094191207958       3.0251926900078603      0.98875695668680985     0.057204493400084884     0.049898064705883545      0.98967412817849965       1.8223562910996698       9.7233132672300062   2.0597973352472183e-09     0.049898064705883545       499.33473163884332       5.7934714303969193       5.7934714303969193       3039.6785857777536                                                 2529.2898402044589                                              11.054013934451676        20.381995417922042               390.44581468535358                          78.045204139335212                      10.461717396232498
                       1       1525.5830982090004     0.023240165049020944      0.11628230252008477       69.457094191207958       3.0251926900078603      0.98875695668680985     0.057204493400084884     0.049898064705883545      0.98944306550298444       1.8223562910996698       9.7233132672300062   2.0597973352472183e-09     0.049898064705883545       499.23539941829631       5.7934714303969193       5.7934714303969193       3039.5792535572068                                                 2529.2898402044589                                              11.054013934451676        20.396135760029779               390.44440786062574                          78.069580721881565                      10.325275075759217
                       3       1524.2026918891768     0.023186376792992638      0.11640214404920149       69.178342434610087       3.0267812876529843      0.98545279069450409     0.057198974627061874     0.056882388675949982      0.99046277757397549       1.8359707286946034       9.7025546658022588   2.0630721249163032e-09     0.056882388675949982       498.78452236368906       5.7934714303969193       5.7934714303969193       3036.8184409175597                                                 2527.4051147922683                                              10.628803761601842        20.644779295527144               390.35049832320453                          77.659139886457922                      10.130104858499452
                       2       1523.1143902633239     0.023235215989825385      0.11636149851025546       69.140858285276025       3.0349820434910901      0.98589722203517427       0.0596751821206358     0.069948024687971566      0.99203463489737043       1.6952427489956403       9.6350298408776354   2.0800604389884183e-09     0.069948024687971566       498.93217694741179       5.7934714303969193       5.7934714303969193       3034.6418376658539                                                 2525.0573831183528                                              10.652277600089224        20.643533520944061               390.35074891263372                          78.219317558968115                      9.7185769548658989
                       4        1524.865045110223     0.023309516174076374      0.11646766318472317       69.161408970410292       3.0340192055624473      0.98571079906403192     0.059274432591775478     0.070645339913361874      0.99158111057865306       1.6716214514093295       9.6300910129440584   2.0780586417616866e-09     0.070645339913361874       500.45913752581004       5.7934714303969193       5.7934714303969193       3038.1431473596522                                                 2526.9557862624174                                              10.728223571424609        20.689785170002267               390.32454602915715                          79.780803325399518                      9.6640030012510838
                       2       1525.4887207557119     0.023136739410376826      0.11714000634958321       68.868433639266783       3.0268605139870313      0.98665404132055334     0.056972390163772008      0.07224328392099888       0.9896537611737185       1.7781336490998378       9.7026780791034977   2.0632355810325639e-09      0.07224328392099888       498.47979612312957       5.7934714303969193       5.7934714303969193         3039.39049865063                                                 2529.5705340279155                                              11.340168499584641        20.546315698858393                390.3740921982415                          77.875244667862233                      9.6841435581674915
                       1       1524.1806993590574     0.023117218443645879      0.11771956140328232       68.835979994439867       3.0290624296141653      0.98474171948258138     0.056569561507266997     0.046758960252296325      0.99057991867653972       1.7790686742472874       9.6841362762861127   2.0677836571031984e-09     0.046758960252296325       498.18196251344131       5.7934714303969193       5.7934714303969193       3036.7744558573208                                                 2526.6781650793228                                              11.914328264557069        20.732216608015335               390.38243881254988                          78.402570500704854                      8.6647365921711881
                       9       1523.3247879479948     0.023117218443645879      0.11771956140328232       68.835979994439867       3.0290624296141653      0.98474171948258138     0.056569561507266997     0.046758960252296325       0.9904970875725273       2.4815176650784734       9.8530489533740795   2.0677836571031984e-09     0.046758960252296325       498.18423483691384       5.7934714303969193       5.7934714303969193       3035.0626330351956                                                 2524.9640699337251                                              11.914328264557069        20.738688117316656               390.38839841867559                          78.411374250914207                      8.6457740500073985
                       3        1524.578884025919     0.023230254809204758      0.11794527737424847       69.411379260312685       3.0464431701052797      0.98266067403256996     0.056426397286668172    0.0045142493930756672      0.99916135867897882       2.1938377600103478        9.701615951123701    2.104037414156714e-09    0.0045142493930756672       498.74940206967267       5.7934714303969193       5.7934714303969193       3037.5708251910442                                                 2528.2845258951484                                               10.53689722622255        21.022884155948645               390.33489152495986                           79.02805108404965                       8.363575304714491
                       1        1524.777804347513     0.023230254809204758      0.11794527737424847       69.411379260312685       3.0464431701052797      0.98266067403256996     0.056426397286668172    0.0045142493930756672      0.99917408810199915       2.2613034839400692       9.6745690726812459    2.104037414156714e-09    0.0045142493930756672       498.76322292242338       5.7934714303969193       5.7934714303969193       3037.9686658342321                                                 2528.6685456855862                                               10.53689722622255        21.021745799873656               390.34626731383719                          79.032700998986542                      8.3625088097259752
                       1       1522.5943425350574     0.023098210619098107      0.11714710801224151       69.500331612296989        3.055085193218916      0.98229584085676269     0.060710419092937534     0.017558786043343551       1.0007589534226258       2.3223084484889327       9.6900598795529813   2.1222993505028933e-09     0.017558786043343551        494.6924396341991       5.7934714303969193       5.7934714303969193       3033.6017422093209                                                  2527.799643508341                                              11.109659066780841        21.069303647564936               390.38042777725587                          74.977493023639184                      8.2652151857391054
                       2       1522.6291602907559     0.023098210619098107      0.11714710801224151       69.500331612296989        3.055085193218916      0.98229584085676269     0.060710419092937534     0.017558786043343551       1.0002124025463999       2.3223084484889327       9.6900598795529813   2.1222993505028933e-09     0.017558786043343551       494.76207514559638       5.7934714303969193       5.7934714303969193       3033.6713777207178                                                  2527.799643508341                                              11.109659066780841        21.120077289014773               390.36151267354734                          75.000833758204024                       8.279651424830254
                       1       1522.3033981816407      0.02274410726487085      0.11795467476615099       68.820803498807521       3.0585301528306439      0.97062225109472522     0.056149173290543149    0.0074148580189052384       1.0072624332031033       2.4169829898579964       9.6576877786298443   2.1296231939787353e-09    0.0074148580189052384       492.45917266116197       5.7934714303969193       5.7934714303969193       3033.0198535024874                                                 2529.6659645823852                                              10.894716258940223        22.616786538245037               390.07372414357178                          71.252055185430379                      8.5166067939147663
                       1       1522.0378014724824     0.022373764733082759      0.11610233090921729       68.712213914628151       3.0599663322239907      0.97393098736559447     0.060003774843952029     0.066981566958275673       1.0075074541141535       2.5946623844789376       9.7485582143711511   2.1326839122697008e-09     0.066981566958275673       489.99078424292617       5.7934714303969193       5.7934714303969193        3032.488660084171                                                 2532.1052463710212                                              10.392629470223257        21.799886218491451               390.41717412157129                          68.697219074671253                      9.0765048281922116
                       2       1520.6727931217251     0.022407621575174133      0.11602756217479708       68.738697689235494        3.051566720626627      0.97564688644906006     0.056902542999582591     0.067647291215107264       1.0062968270183295       2.5992897402477584       9.7626445760830105   2.1148452196729872e-09     0.067647291215107264       490.69033551964691       5.7934714303969193       5.7934714303969193       3029.7586433826564                                                 2528.6505041038049                                              10.417803759204734        21.473208349720267               390.19669063276939                          69.259096613750899                      9.7613399234063696
                       4       1522.1542139651003     0.022432944964691878      0.11593182656535059        68.80955731484741       3.0526871617509426      0.97460304889837479     0.056472543057558083     0.072114975750770485       1.0074090088336736        2.583475864943706       9.7612435641265591   2.1172161072005823e-09     0.072114975750770485       490.42161000933362       5.7934714303969193       5.7934714303969193       3032.7214850694068                                                  2531.726289964517                                              10.573585095555714        21.628541287952828               390.15314876479027                          68.557224517327782                      10.082695439262739
                       5       1522.3030635394691     0.022415583697455523       0.1162227503302232       68.718810136769591       3.0521283040507852      0.97337848736024479     0.056173658775230263      0.07552868514858041       1.0070676603827429       2.6188827715518741       9.7872898381333986    2.116033215241103e-09      0.07552868514858041       490.11039654175624       5.7934714303969193       5.7934714303969193       3033.0191842181443                                                  2532.553899857332                                               10.35488781905573         21.81885150889002               390.13018925151141                          68.151352407968943                      10.010003373385848
                       2       1521.0279977022808     0.022521525211462227      0.11609255637484751       68.813203911744296       3.0508013419991626      0.97448432217663716     0.056597524326167013      0.07954935662384055       1.0057575300000798       2.5962393285138532       9.7871073287733843   2.1132271816263119e-09      0.07954935662384055       490.57852100207731       5.7934714303969193       5.7934714303969193       3030.4690525437677                                                 2529.4580779901526                                              10.432453551538323        21.704469468019624               390.17210834694987                          68.397939786603814                      10.304003400504049
                       2       1520.3078205538816     0.022473608065196632      0.11575623807870732       68.738297765837785       3.0479343182246734      0.97816377026660939     0.057240860226547972     0.091828081849556945       1.0040605870192905       2.5907972858755177       9.7891168395303794   2.1071771859405841e-09     0.091828081849556945       492.36353489948732       5.7934714303969193       5.7934714303969193       3029.0286982469693                                                 2526.2465046908324                                              10.418658656649811        21.149015738561161               390.21618843398363                          69.762382610170619                      11.235948116771908
                       1       1520.4691759576749     0.022473608065196632      0.11575623807870732       68.738297765837785       3.0479343182246734      0.97816377026660939     0.057240860226547972     0.091828081849556945       1.0033610957607206       2.5907972858755177       9.7891168395303794   2.1071771859405841e-09     0.091828081849556945       492.68624570707414       5.7934714303969193       5.7934714303969193       3029.3514090545559                                                 2526.2465046908324                                              10.418658656649811        21.215916260549534                390.2069547800711                          70.487496823399169                       10.77587784305436
                       1       1521.2310357419265     0.022473608065196632      0.11575623807870732       68.738297765837785       3.0479343182246734      0.97816377026660939     0.057240860226547972     0.091828081849556945       1.0035241500085297       2.1532684859452775       9.4507442588783483   2.1071771859405841e-09     0.091828081849556945        492.5584120181822       5.7934714303969193       5.7934714303969193        3030.875128623059                                                 2527.8980579482268                                              10.418658656649811        21.200188977334506               390.21862095164789                          70.259869456837251                      10.879732632362574
                       3       1521.1607552845621     0.022473608065196632      0.11575623807870732       68.738297765837785       3.0479343182246734      0.97816377026660939     0.057240860226547972     0.091828081849556945       1.0043382028442611       2.1532684859452775       9.4507442588783483   2.1071771859405841e-09     0.091828081849556945       492.41785110345376       5.7934714303969193       5.7934714303969193       3030.7345677083304                                                 2527.8980579482268                                              10.418658656649811         21.12286933191325               390.21006401004684                           69.65589019035346                      11.429027571140235
                       2       1520.7592084542368     0.022473608065196632      0.11575623807870732       68.738297765837785       3.0479343182246734      0.97816377026660939     0.057240860226547972     0.091828081849556945       1.0042051247086816       1.8086010858783994       9.7312645387977454   2.1071771859405841e-09     0.091828081849556945        492.3814096625353       5.7934714303969193       5.7934714303969193       3029.9314740476798                                                 2527.1314057284949                                              10.418658656649811        21.135374431273135               390.21618843398363                          69.694115565901242                      11.335731231377306
                       1       1518.9277654234775     0.022561598941304307      0.11664190695150486       68.494137027338766       3.0506384453548931      0.98181851038197521     0.059044027098164906     0.080300943711138772       1.0020940086934711        1.636166710875564       9.6436942487326274   2.1128829720458998e-09     0.080300943711138772       492.61578351372884       5.7934714303969193       5.7934714303969193        3026.268587986161                                                 2522.7270270716926                                              10.925777400739257        20.792309095442249               390.35097485562471                           72.46839364898716                      9.0041059136747332
                       1       1519.6512286782772     0.022534018014548445      0.11652418334412172       68.195698313714473       3.0598378587455128      0.97567616000317692     0.063539357974821423      0.10080965573880156       1.0027684319507528       1.7123191940479614        9.644568668790118   2.1324099365486814e-09      0.10080965573880156       491.77155812898047       5.7934714303969193       5.7934714303969193       3027.7155144957605                                                  2523.352467887873                                              12.591488478906927        21.630282652070036               391.25741584923611                          70.022830791850311                       8.861028835824035
                       6       1519.6176026494006     0.022497865909417512      0.11643403709608328       68.241694136804711       3.0611158263388059      0.97640503644029686     0.064719022205675228     0.096616676129116688       1.0024141255544909       1.7423882250620808       9.6564965550198245   2.1351368294124316e-09     0.096616676129116688       492.09591470881168       5.7934714303969193       5.7934714303969193       3027.6482624380074                                                 2523.5459707663663                                              12.006376962829131        21.541113221043076               391.71720252278772                          70.056264928940294                      8.7813340360406045
                       1       1517.9164504450262     0.022497865909417512      0.11643403709608328       68.241694136804711       3.0611158263388059      0.97640503644029686     0.064719022205675228     0.096616676129116688       1.0023273912864075       2.0807872934196801       9.8358331319057744   2.1351368294124316e-09     0.096616676129116688        492.1147880370512       5.7934714303969193       5.7934714303969193       3024.2459580292584                                                  2520.124793029378                                              12.006376962829131        21.550471047415499               391.71466303100141                          70.093391045069751                      8.7562629135645782
                       3       1518.3653142208884     0.022563933246692799      0.11536231128401865        68.43359017588493       3.0547909452921083      0.98531249169964275     0.064155490369610157      0.12009031063905412       1.0005797034328305       1.9369526260302561       9.7915862086573018   2.1216749601862256e-09      0.12009031063905412       496.54115746800943       5.7934714303969193       5.7934714303969193       3025.1436855809829                                                 2517.9079484943099                                               10.69457961866436        20.453492530456231               391.29746607393304                            74.1669095878257                      10.623289275794445
                       1       1518.4804418542894     0.022563933246692799      0.11536231128401865        68.43359017588493       3.0547909452921083      0.98531249169964275     0.064155490369610157      0.12009031063905412       1.0010835552286421       1.9369526260302561       9.7915862086573018   2.1216749601862256e-09      0.12009031063905412       496.77141273481078       5.7934714303969193       5.7934714303969193        3025.373940847785                                                 2517.9079484943099                                               10.69457961866436        20.419933645265814               391.30659384029684                          74.100489715890191                      10.944395533357937
                       1       1520.1845979772863     0.022629668474584978      0.11524498017095772       68.446183619071448       3.0628682513391023      0.98778363642616984      0.07001887134886528       0.1257399723499254      0.99906389453226274       1.8897391206069143       9.7667019491870981   2.1388817769828286e-09       0.1257399723499254       499.35821528497479       5.7934714303969193       5.7934714303969193       3028.7822530937788                                                 2518.6461863633726                                              10.777851445431358        20.303262972231039               393.54960368354193                           75.47949369769151                      10.025854931510322
                       7       1519.0191538112954     0.022897240375864727      0.11547295558806007       68.523738467499456        3.048541812283216      0.99053400431986383     0.065669352282579682      0.12382548215083873      0.99491403227204989       1.8392074527380968       9.7705913496940653   2.1084576724659372e-09      0.12382548215083873       499.74083815331153       5.7934714303969193       5.7934714303969193       3026.4513647617969                                                 2515.2608101296696                                              11.449716478815693        20.150876318140774               391.63973043563828                          77.375438331700067                      10.574793067832367
                       1       1520.6144698994178     0.022872183682391987      0.11694084769774085       68.671702809978314         3.05829348767173      0.98913816527780418     0.069753331231560786     0.070587108911648683      0.99370013431932802       1.9279383057892909       9.8213095763010543   2.1291192460029218e-09     0.070587108911648683       500.06054146504823       5.7934714303969193       5.7934714303969193       3029.6419969380418                                                  2518.247990863671                                              11.333464609322499        20.375149964627894                 393.410526644502                           77.93420229860493                       8.340662557313383
                       6       1517.3573958839472     0.022949610104433492      0.11649900171378695        69.31083680798784       3.0560742209359764      0.98476811868570824     0.065731034303948388      0.02291634518967086      0.99744258512889705       2.0150488141487237       9.8388160420240531    2.124399401717684e-09      0.02291634518967086       495.12681839867486       5.7934714303969193       5.7934714303969193       3023.1278489071005                                                 2517.0220248202359                                              10.979005688189932        20.756273086484782               391.70202767366669                           74.43120114163348                      8.2373164968898696
                       2       1517.3410725360704     0.023001063102725039      0.11669928768188641       69.194130767981946        3.054218582778899      0.98435903431838556     0.064271438219107649     0.035850236203894097      0.99753375107512443       1.9579578836251248       9.8245509374291196   2.1204609404366401e-09     0.035850236203894097       495.07196392931792       5.7934714303969193       5.7934714303969193        3023.095202211347                                                 2517.4433537194645                                               10.57988456256437         20.80588069768686               391.22061063454248                          74.775864121561142                      8.2696084755274235
                       7       1517.9163231951729     0.023001063102725039      0.11669928768188641       69.194130767981946        3.054218582778899      0.98435903431838556     0.064271438219107649     0.035850236203894097      0.99866335394247208       1.9579578836251248       9.8245509374291196   2.1204609404366401e-09     0.035850236203894097       496.22246524752285       5.7934714303969193       5.7934714303969193        3024.245703529552                                                 2517.4433537194645                                               10.57988456256437        20.713956938473018               391.22141516501449                          75.900037654750122                      8.3870554892852152
                       1       1518.2647213483788     0.022927714093341475      0.11653688745048547       69.208646814715735       3.0548124108317025      0.98809245743760654     0.065589122310784509     0.025907421298498382      0.99794283565532815        1.935955224049116       9.8019793461553331   2.1217205035728943e-09     0.025907421298498382       498.29140904976367       5.7934714303969193       5.7934714303969193       3024.9424998359636                                                 2515.9383666516296                                              10.712724134570472        20.343002764996641                391.6567176634959                          77.969656241061031                      8.3220323802100662
                       1       1518.6469949137777     0.022927714093341475      0.11653688745048547       69.208646814715735       3.0548124108317025      0.98809245743760654     0.065589122310784509     0.025907421298498382      0.99795049371678446       1.7256199425152434       9.7872648868423973   2.1217205035728943e-09     0.025907421298498382        498.3064118288782       5.7934714303969193       5.7934714303969193       3025.7070469667615                                                 2516.6879110033128                                              10.712724134570472        20.342521411744713                391.6567176634959                          77.984402779834582                       8.322769973802993
                       1       1519.0270692195675     0.022927714093341475      0.11653688745048547       69.208646814715735       3.0548124108317025      0.98809245743760654     0.065589122310784509     0.025907421298498382      0.99484947036167437       1.7256199425152434       9.7872648868423973   2.1217205035728943e-09     0.025907421298498382       499.06656044045735       5.7934714303969193       5.7934714303969193        3026.467195578341                                                 2516.6879110033128                                              10.712724134570472        20.551884252990362               391.62913822871849                          78.470425798944333                      8.4151121598041438
                       9       1518.2898196123183      0.02287793847925413      0.11652813033175957       69.217289220420923       3.0529347904086683      0.98760907336417814     0.065482840607780729      0.01763978154949615      0.99418342018299488       1.8092508835934669       9.8201782786773268   2.1177404555024773e-09      0.01763978154949615       498.80776391659646       5.7934714303969193       5.7934714303969193       3024.9926963638427                                                 2515.3869425875509                                              10.797989859695639        20.577576461448643               391.62539213171863                          78.212551034125013                      8.3922442893042035
