[camb] `camb` module loaded successfully from /mnt/8tb/six-birds-ml/tmp/neutrino_CAMB204_sigma_limit22_stop_probe_20261005/camb
 AUDIT_SIGMA_ACCEPTED   9.9999997473787462E-005   0.0000000000000000                1   9.9999999747524271E-007          21     1048577   3.7999731546226843E-002   3.7999714326962579E-002
 AUDIT_SIGMA_ACCEPTED   1.2915496329054870E-004   0.0000000000000000                1   9.9999999747524271E-007          21     1048577   3.6454337666284781E-002   3.6454334942382705E-002
 AUDIT_SIGMA_ACCEPTED   4.6415887275236549E-004   0.0000000000000000                1   9.9999999747524271E-007          21     1048577   2.9782233585444517E-002   2.9782231376539434E-002
 AUDIT_SIGMA_ACCEPTED   9.9999997473787462E-005   0.0000000000000000                1   9.9999999747524271E-007          21     1048577   3.7949618061125241E-002   3.7949600865291616E-002
 AUDIT_SIGMA_ACCEPTED   1.2915496329054870E-004   0.0000000000000000                1   9.9999999747524271E-007          21     1048577   3.6406289539128694E-002   3.6406286818706786E-002
 AUDIT_SIGMA_ACCEPTED   4.6415887275236549E-004   0.0000000000000000                1   9.9999999747524271E-007          21     1048577   2.9743091466211069E-002   2.9743089260256882E-002
 AUDIT_SIGMA_ACCEPTED   9.9999997473787462E-005   0.0000000000000000                1   9.9999999747524271E-007          21     1048577   3.7895515783449726E-002   3.7895498612986064E-002
 AUDIT_SIGMA_ACCEPTED   1.2915496329054870E-004   0.0000000000000000                1   9.9999999747524271E-007          21     1048577   3.6354593074450207E-002   3.6354590357655724E-002
 AUDIT_SIGMA_ACCEPTED   4.6415887275236549E-004   0.0000000000000000                1   9.9999999747524271E-007          21     1048577   2.9701642079612570E-002   2.9701639876840578E-002
 AUDIT_SIGMA_ACCEPTED   9.9999997473787462E-005   0.0000000000000000                1   9.9999999747524271E-007          21     1048577   3.7840503642411934E-002   3.7840486497797657E-002
 AUDIT_SIGMA_ACCEPTED   1.2915496329054870E-004   0.0000000000000000                1   9.9999999747524271E-007          21     1048577   3.6302019814388298E-002   3.6302017101208277E-002
 AUDIT_SIGMA_ACCEPTED   4.6415887275236549E-004   0.0000000000000000                1   9.9999999747524271E-007          21     1048577   2.9659462599682083E-002   2.9659460400143889E-002
 AUDIT_SIGMA_ACCEPTED   9.9999997473787462E-005   0.0000000000000000                1   9.9999999747524271E-007          21     1048577   3.7785994002560559E-002   3.7785976876084808E-002
 AUDIT_SIGMA_ACCEPTED   1.2915496329054870E-004   0.0000000000000000                1   9.9999999747524271E-007          21     1048577   3.6249851008459677E-002   3.6249848298539243E-002
 AUDIT_SIGMA_ACCEPTED   4.6415887275236549E-004   0.0000000000000000                1   9.9999999747524271E-007          21     1048577   2.9617319123854197E-002   2.9617316926634805E-002
 AUDIT_SIGMA_ACCEPTED   9.9999997473787462E-005   0.0000000000000000                1   9.9999999747524271E-007          21     1048577   3.7730523392222520E-002   3.7730506293684817E-002
 AUDIT_SIGMA_ACCEPTED   1.2915496329054870E-004   0.0000000000000000                1   9.9999999747524271E-007          21     1048577   3.6196746803272291E-002   3.6196744097263985E-002
 AUDIT_SIGMA_ACCEPTED   4.6415887275236549E-004   0.0000000000000000                1   9.9999999747524271E-007          21     1048577   2.9574360007731611E-002   2.9574357814042246E-002
 AUDIT_SIGMA_ACCEPTED   9.9999997473787462E-005   0.0000000000000000                1   9.9999999747524271E-007          21     1048577   3.7674818315013209E-002   3.7674801241781075E-002
 AUDIT_SIGMA_ACCEPTED   1.2915496329054870E-004   0.0000000000000000                1   9.9999999747524271E-007          21     1048577   3.6143372497501089E-002   3.6143369795348282E-002
 AUDIT_SIGMA_ACCEPTED   4.6415887275236549E-004   0.0000000000000000                1   9.9999999747524271E-007          21     1048577   2.9531009159530931E-002   2.9531006969066031E-002
 AUDIT_SIGMA_ACCEPTED   9.9999997473787462E-005   0.0000000000000000                1   9.9999999747524271E-007          21     1048577   3.7616665506484473E-002   3.7616648455037767E-002
 AUDIT_SIGMA_ACCEPTED   1.2915496329054870E-004   0.0000000000000000                1   9.9999999747524271E-007          21     1048577   3.6087726647818515E-002   3.6087723949271178E-002
 AUDIT_SIGMA_ACCEPTED   4.6415887275236549E-004   0.0000000000000000                1   9.9999999747524271E-007          21     1048577   2.9486093795059676E-002   2.9486091607367333E-002
 AUDIT_SIGMA_ACCEPTED   9.9999997473787462E-005   0.0000000000000000                1   9.9999999747524271E-007          21     1048577   3.7557525544586530E-002   3.7557508521407448E-002
 AUDIT_SIGMA_ACCEPTED   1.2915496329054870E-004   0.0000000000000000                1   9.9999999747524271E-007          21     1048577   3.6031120946863553E-002   3.6031118252478039E-002
 AUDIT_SIGMA_ACCEPTED   4.6415887275236549E-004   0.0000000000000000                1   9.9999999747524271E-007          21     1048577   2.9440343777027585E-002   2.9440341592931435E-002
 AUDIT_SIGMA_ACCEPTED   9.9999997473787462E-005   0.0000000000000000                1   9.9999999747524271E-007          21     1048577   3.7497348598272452E-002   3.7497331602641876E-002
 AUDIT_SIGMA_ACCEPTED   1.2915496329054870E-004   0.0000000000000000                1   9.9999999747524271E-007          21     1048577   3.5973510022386156E-002   3.5973507332174796E-002
 AUDIT_SIGMA_ACCEPTED   4.6415887275236549E-004   0.0000000000000000                1   9.9999999747524271E-007          21     1048577   2.9393733421710588E-002   2.9393731241125220E-002
 AUDIT_SIGMA_ACCEPTED   9.9999997473787462E-005   0.0000000000000000                1   9.9999999747524271E-007          21     1048577   3.7437416035135153E-002   3.7437399066013489E-002
 AUDIT_SIGMA_ACCEPTED   1.2915496329054870E-004   0.0000000000000000                1   9.9999999747524271E-007          21     1048577   3.5916043576511465E-002   3.5916040890435021E-002
 AUDIT_SIGMA_ACCEPTED   4.6415887275236549E-004   0.0000000000000000                1   9.9999999747524271E-007          21     1048577   2.9346901704719919E-002   2.9346899527514441E-002
 AUDIT_SIGMA_ACCEPTED   9.9999997473787462E-005   0.0000000000000000                1   9.9999999747524271E-007          21     1048577   3.7375017977642054E-002   3.7375001038109604E-002
 AUDIT_SIGMA_ACCEPTED   1.2915496329054870E-004   0.0000000000000000                1   9.9999999747524271E-007          21     1048577   3.5856277497479057E-002   3.5856274815818448E-002
 AUDIT_SIGMA_ACCEPTED   4.6415887275236549E-004   0.0000000000000000                1   9.9999999747524271E-007          21     1048577   2.9298437687750395E-002   2.9298435514316417E-002
 AUDIT_SIGMA_ACCEPTED   9.9999997473787462E-005   0.0000000000000000                1   9.9999999747524271E-007          21     1048577   3.7311340043980644E-002   3.7311323131171407E-002
 AUDIT_SIGMA_ACCEPTED   1.2915496329054870E-004   0.0000000000000000                1   9.9999999747524271E-007          21     1048577   3.5795273153093582E-002   3.5795270475755647E-002
 AUDIT_SIGMA_ACCEPTED   4.6415887275236549E-004   0.0000000000000000                1   9.9999999747524271E-007          21     1048577   2.9248924076749217E-002   2.9248921906735365E-002
 AUDIT_SIGMA_ACCEPTED   9.9999997473787462E-005   0.0000000000000000                1   9.9999999747524271E-007          21     1048577   3.7245128836016821E-002   3.7245111952927790E-002
 AUDIT_SIGMA_ACCEPTED   1.2915496329054870E-004   0.0000000000000000                1   9.9999999747524271E-007          21     1048577   3.5731896893803849E-002   3.5731894221035516E-002
 AUDIT_SIGMA_ACCEPTED   4.6415887275236549E-004   0.0000000000000000                1   9.9999999747524271E-007          21     1048577   2.9197693037133734E-002   2.9197690870912296E-002
 AUDIT_SIGMA_ACCEPTED   9.9999997473787462E-005   0.0000000000000000                1   9.9999999747524271E-007          21     1048577   3.7178641754290594E-002   3.7178624900170355E-002
 AUDIT_SIGMA_ACCEPTED   1.2915496329054870E-004   0.0000000000000000                1   9.9999999747524271E-007          21     1048577   3.5668185029729009E-002   3.5668182361526746E-002
 AUDIT_SIGMA_ACCEPTED   4.6415887275236549E-004   0.0000000000000000                1   9.9999999747524271E-007          21     1048577   2.9145920083105636E-002   2.9145917920578402E-002
 AUDIT_SIGMA_ACCEPTED   9.9999997473787462E-005   0.0000000000000000                1   9.9999999747524271E-007          21     1048577   3.7110119765213535E-002   3.7110102941225694E-002
 AUDIT_SIGMA_ACCEPTED   1.2915496329054870E-004   0.0000000000000000                1   9.9999999747524271E-007          21     1048577   3.5602556194956649E-002   3.5602553531526894E-002
 AUDIT_SIGMA_ACCEPTED   4.6415887275236549E-004   0.0000000000000000                1   9.9999999747524271E-007          21     1048577   2.9092714278113597E-002   2.9092712119449620E-002
 AUDIT_SIGMA_ACCEPTED   9.9999997473787462E-005   0.0000000000000000                1   9.9999999747524271E-007          21     1048577   3.7041125307793271E-002   3.7041108515585702E-002
 AUDIT_SIGMA_ACCEPTED   1.2915496329054870E-004   0.0000000000000000                1   9.9999999747524271E-007          21     1048577   3.5536426774080136E-002   3.5536424115530742E-002
 AUDIT_SIGMA_ACCEPTED   4.6415887275236549E-004   0.0000000000000000                1   9.9999999747524271E-007          21     1048577   2.9038920632576345E-002   2.9038918477972703E-002
 AUDIT_SIGMA_ACCEPTED   9.9999997473787462E-005   0.0000000000000000                1   9.9999999747524271E-007          21     1048577   3.6970667309163416E-002   3.6970650547791271E-002
 AUDIT_SIGMA_ACCEPTED   1.2915496329054870E-004   0.0000000000000000                1   9.9999999747524271E-007          21     1048577   3.5468917805619303E-002   3.5468915151976303E-002
 AUDIT_SIGMA_ACCEPTED   4.6415887275236549E-004   0.0000000000000000                1   9.9999999747524271E-007          21     1048577   2.8984092902494752E-002   2.8984090751841291E-002
 AUDIT_SIGMA_ACCEPTED   9.9999997473787462E-005   0.0000000000000000                1   9.9999999747524271E-007          21     1048577   3.6899632517622412E-002   3.6899615788905792E-002
 AUDIT_SIGMA_ACCEPTED   1.2915496329054870E-004   0.0000000000000000                1   9.9999999747524271E-007          21     1048577   3.5400844290604166E-002   3.5400841642012376E-002
 AUDIT_SIGMA_ACCEPTED   4.6415887275236549E-004   0.0000000000000000                1   9.9999999747524271E-007          21     1048577   2.8928762203426540E-002   2.8928760056948527E-002
 AUDIT_SIGMA_ACCEPTED   9.9999997473787462E-005   0.0000000000000000                1   9.9999999747524271E-007          21     1048577   3.6828339747505254E-002   3.6828323050460736E-002
 AUDIT_SIGMA_ACCEPTED   1.2915496329054870E-004   0.0000000000000000                1   9.9999999747524271E-007          21     1048577   3.5332521500613813E-002   3.5332518857033798E-002
 AUDIT_SIGMA_ACCEPTED   4.6415887275236549E-004   0.0000000000000000                1   9.9999999747524271E-007          21     1048577   2.8873222152855631E-002   2.8873220010436712E-002
 AUDIT_SIGMA_ACCEPTED   9.9999997473787462E-005   0.0000000000000000                1   9.9999999747524271E-007          21     1048577   3.6757322060711341E-002   3.6757305395425856E-002
 AUDIT_SIGMA_ACCEPTED   1.2915496329054870E-004   0.0000000000000000                1   9.9999999747524271E-007          21     1048577   3.5264467587143321E-002   3.5264464948559532E-002
 AUDIT_SIGMA_ACCEPTED   4.6415887275236549E-004   0.0000000000000000                1   9.9999999747524271E-007          21     1048577   2.8817920860560054E-002   2.8817918722208794E-002
 AUDIT_SIGMA_ACCEPTED   9.9999997473787462E-005   0.0000000000000000                1   9.9999999747524271E-007          21     1048577   3.6687542806542704E-002   3.6687526173035390E-002
 AUDIT_SIGMA_ACCEPTED   1.2915496329054870E-004   0.0000000000000000                1   9.9999999747524271E-007          21     1048577   3.5197598649052815E-002   3.5197596015403919E-002
 AUDIT_SIGMA_ACCEPTED   4.6415887275236549E-004   0.0000000000000000                1   9.9999999747524271E-007          21     1048577   2.8763577175745837E-002   2.8763575041458361E-002
 AUDIT_SIGMA_ACCEPTED   9.9999997473787462E-005   0.0000000000000000                1   9.9999999747524271E-007          21     1048577   3.6620263587121789E-002   3.6620246983789559E-002
 AUDIT_SIGMA_ACCEPTED   1.2915496329054870E-004   0.0000000000000000                1   9.9999999747524271E-007          21     1048577   3.5133113602172805E-002   3.5133110973280937E-002
 AUDIT_SIGMA_ACCEPTED   4.6415887275236549E-004   0.0000000000000000                1   9.9999999747524271E-007          21     1048577   2.8711127426373138E-002   2.8711125295953887E-002
 AUDIT_SIGMA_ACCEPTED   9.9999997473787462E-005   0.0000000000000000                1   9.9999999747524271E-007          21     1048577   3.6556729925771615E-002   3.6556713351274424E-002
 AUDIT_SIGMA_ACCEPTED   1.2915496329054870E-004   0.0000000000000000                1   9.9999999747524271E-007          21     1048577   3.5072208237580067E-002   3.5072205613200770E-002
 AUDIT_SIGMA_ACCEPTED   4.6415887275236549E-004   0.0000000000000000                1   9.9999999747524271E-007          21     1048577   2.8661551953886883E-002   2.8661549827159506E-002
 AUDIT_SIGMA_ACCEPTED   9.9999997473787462E-005   0.0000000000000000                1   9.9999999747524271E-007          21     1048577   3.6497689758764995E-002   3.6497673210921219E-002
 AUDIT_SIGMA_ACCEPTED   1.2915496329054870E-004   0.0000000000000000                1   9.9999999747524271E-007          21     1048577   3.5015636767517025E-002   3.5015634147294895E-002
 AUDIT_SIGMA_ACCEPTED   4.6415887275236549E-004   0.0000000000000000                1   9.9999999747524271E-007          21     1048577   2.8615605330332698E-002   2.8615603207016161E-002
 AUDIT_SIGMA_ACCEPTED   9.9999997473787462E-005   0.0000000000000000                1   9.9999999747524271E-007          21     1048577   3.6445109922508802E-002   3.6445093398335959E-002
 AUDIT_SIGMA_ACCEPTED   1.2915496329054870E-004   0.0000000000000000                1   9.9999999747524271E-007          21     1048577   3.4965250194058481E-002   3.4965247577539972E-002
 AUDIT_SIGMA_ACCEPTED   4.6415887275236549E-004   0.0000000000000000                1   9.9999999747524271E-007          21     1048577   2.8574663925114558E-002   2.8574661804826419E-002
 AUDIT_SIGMA_ACCEPTED   9.9999997473787462E-005   0.0000000000000000                1   9.9999999747524271E-007          21     1048577   3.6400194446008671E-002   3.6400177941878421E-002
 AUDIT_SIGMA_ACCEPTED   1.2915496329054870E-004   0.0000000000000000                1   9.9999999747524271E-007          21     1048577   3.4922202014827160E-002   3.4922199401448827E-002
 AUDIT_SIGMA_ACCEPTED   4.6415887275236549E-004   0.0000000000000000                1   9.9999999747524271E-007          21     1048577   2.8539664025916445E-002   2.8539661908191960E-002
 AUDIT_SIGMA_ACCEPTED   9.9999997473787462E-005   0.0000000000000000                1   9.9999999747524271E-007          21     1048577   3.6363866952023038E-002   3.6363850464751511E-002
 AUDIT_SIGMA_ACCEPTED   1.2915496329054870E-004   0.0000000000000000                1   9.9999999747524271E-007          21     1048577   3.4887383727052329E-002   3.4887381116249915E-002
 AUDIT_SIGMA_ACCEPTED   4.6415887275236549E-004   0.0000000000000000                1   9.9999999747524271E-007          21     1048577   2.8511352979879823E-002   2.8511350864304785E-002
 AUDIT_SIGMA_ACCEPTED   9.9999997473787462E-005   0.0000000000000000                1   9.9999999747524271E-007          21     1048577   3.6336859073573681E-002   3.6336842598275153E-002
 AUDIT_SIGMA_ACCEPTED   1.2915496329054870E-004   0.0000000000000000                1   9.9999999747524271E-007          21     1048577   3.4861515495376541E-002   3.4861512886432161E-002
 AUDIT_SIGMA_ACCEPTED   4.6415887275236549E-004   0.0000000000000000                1   9.9999999747524271E-007          21     1048577   2.8490387404365880E-002   2.8490385290319175E-002
 AUDIT_SIGMA_ACCEPTED   9.9999997473787462E-005   0.0000000000000000                1   9.9999999747524271E-007          21     1048577   3.6323127921356106E-002   3.6323111452623021E-002
22 0 finite_evaluation -75840.58341291394
 AUDIT_SIGMA_ACCEPTED   1.2915496329054870E-004   0.0000000000000000                1   9.9999999747524271E-007          21     1048577   3.4848339022246703E-002   3.4848336414287667E-002
 AUDIT_SIGMA_ACCEPTED   4.6415887275236549E-004   0.0000000000000000                1   9.9999999747524271E-007          21     1048577   2.8479615272266435E-002   2.8479613159054878E-002
