#        weight    minuslogpost        omegabh2        omegach2              H0            logA              ns             tau      mnu_sample        A_planck      TT_tSZ_Amp      TT_kSZ_Amp              As             mnu       chi2__CMB   minuslogprior minuslogprior__0            chi2 chi2__sbt_spt_audit.likelihoods.candl_cobaya.CandlCobayaLikelihood chi2__sbt_spt_audit.likelihoods.desi_dr2_bao.DESIDR2BAOGaussian chi2__planck_2018_lowl.TT chi2__planck_2018_lowl.EE_sroll2 chi2__planck_2018_highl_plik.TT_lite_native chi2__planckpr4lensing.PlanckPR4Lensing
              1       1610.2615     0.022695052      0.11717386       68.478798       3.0664782         1.00385     0.055117866     0.075995362       1.0120451       2.9226144       7.8607516   2.1466171e-09     0.075995362       525.82243       5.7934714        5.7934714       3208.9361                                                          2671.3471                                                       11.766586                 20.084065                        391.36715                                   105.14499                                9.226227
              1       1611.3703     0.022775991      0.11695946       68.477801       3.0629542       1.0063005     0.054373628     0.094020665       1.0108701       2.9275021        7.744638   2.1390656e-09     0.094020665       528.13392       5.7934714        5.7934714       3211.1537                                                          2671.1188                                                       11.901008                   20.2246                        391.76442                                   107.29227                               8.8526214
              1       1600.0116     0.022752891       0.1166185       68.724858       3.0621479       1.0068585     0.055977921     0.086258901       1.0093383       2.9251213       8.0968637   2.1373415e-09     0.086258901       527.70207       5.7934714        5.7934714       3188.4364                                                          2650.1986                                                       10.535642                 20.210798                        391.33179                                   107.39085                               8.7686348
              3       1592.4082     0.022817943      0.11658709       68.676428       3.0639842       1.0031599     0.056092901     0.099896749       1.0102605       2.9212657       8.2334265   2.1412701e-09     0.099896749       517.30221       5.7934714        5.7934714       3173.2294                                                          2645.1591                                                       10.768079                  20.03873                        391.12214                                   97.530144                               8.6111906
              1       1592.5953     0.022817943      0.11658709       68.676428       3.0639842       1.0031599     0.056092901     0.099896749       1.0088143       2.9212657       8.2334265   2.1412701e-09     0.099896749       517.67651       5.7934714        5.7934714       3173.6037                                                          2645.1591                                                       10.768079                 20.020933                        391.09306                                   97.937105                               8.6254068
              2       1582.9548     0.022667565      0.11709994       68.125693       3.0588757       1.0022285     0.055313328      0.12215753       1.0066782       2.9192014        8.754953   2.1303591e-09      0.12215753        522.0816       5.7934714        5.7934714       3154.3227                                                          2617.9885                                                        14.25256                 20.033753                         391.2159                                   102.16634                               8.6656008
              1       1583.4372     0.022680184      0.11724327       68.130304       3.0594915       1.0022461     0.055500932       0.1195607       1.0065713       2.9197881       8.7285473   2.1316715e-09       0.1195607       522.28094       5.7934714        5.7934714       3155.2875                                                          2618.5706                                                       14.435923                 20.035849                        391.14286                                    102.3745                               8.7277378
              1       1583.1884     0.022680184      0.11724327       68.130304       3.0594915       1.0022461     0.055500932       0.1195607       1.0077612       2.9197881       8.7285473   2.1316715e-09       0.1195607       521.78338       5.7934714        5.7934714       3154.7899                                                          2618.5706                                                       14.435923                 20.048274                        391.21323                                   101.80781                               8.7140741
              2       1578.2336     0.022601575      0.11644394       67.952413       3.0583857      0.99839959     0.054323853      0.17135957       1.0097831       2.9092928       9.2548434   2.1293157e-09      0.17135957       513.86451       5.7934714        5.7934714       3144.8803                                                          2616.4721                                                       14.543709                 19.978982                        391.29876                                   92.654001                               9.9327703
              3       1574.8192     0.022524392      0.11739053       68.331387       3.0589072      0.98882873     0.050185455     0.080651347       1.0139154       2.8965605       9.3900144   2.1304262e-09     0.080651347       503.52123       5.7934714        5.7934714       3138.0514                                                          2622.5271                                                       12.003117                 20.167974                        392.57726                                   82.243086                               8.5329064
              1        1567.404     0.022423214      0.11790131       68.052425       3.0558238      0.98659088     0.049416764     0.073496293       1.0128526       2.8936743       9.7383437   2.1238675e-09     0.073496293        504.4474       5.7934714        5.7934714        3123.221                                                          2604.2636                                                       14.509973                 20.279027                        392.81024                                   82.744772                                8.613363
              2       1562.3502     0.022423214      0.11790131       68.052425       3.0558238      0.98659088     0.049416764     0.073496293       1.0128526       1.3257005       9.4726804   2.1238675e-09     0.073496293        504.4474       5.7934714        5.7934714       3113.1136                                                          2594.1562                                                       14.509973                 20.279027                        392.81024                                   82.744772                                8.613363
              3       1554.1746     0.023761841      0.11728536       69.785025       3.0008691      0.99516003      0.03592163     0.026587929       0.9953262       1.3688299       9.0749492      2.0103e-09     0.026587929       532.55243       5.7934714        5.7934714       3096.7622                                                          2553.2393                                                       10.970489                 20.139946                        408.55738                                    93.52774                               10.327358
              5       1554.7339     0.023834695      0.11695431       69.797092       3.0049362      0.99581869     0.037903818     0.040495117       0.9956496       1.3707368       8.8793364   2.0184929e-09     0.040495117       531.60953       5.7934714        5.7934714       3097.8809                                                          2555.2332                                                       11.038225                  20.12708                        405.98727                                   95.009285                               10.485895
              1       1556.0817     0.023791534      0.11682295       69.636079       3.0084164      0.99715207     0.038650269     0.069358794      0.99677656       1.3705742       8.7933238   2.0255298e-09     0.069358794       529.38394       5.7934714        5.7934714       3100.5765                                                          2560.3979                                                       10.794704                 20.111165                        405.04316                                   93.067287                               11.162329
              6       1555.5198     0.023652701      0.11601658       69.521345       2.9999762       1.0013605     0.036591974     0.077269932      0.99576791       1.3730095       8.7923678    2.008506e-09     0.077269932       533.15885       5.7934714        5.7934714       3099.4527                                                          2555.3863                                                       10.907627                 20.165799                        408.25859                                   91.712294                                13.02217
              2       1553.5141     0.023724921      0.11568086       69.940442       3.0203485       1.0104534     0.049521157     0.048329483      0.99304122       1.3849128       8.1475422   2.0498434e-09     0.048329483        524.9363       5.7934714        5.7934714       3095.4413                                                          2557.9726                                                       12.532381                 20.385389                        395.08756                                   99.905981                                9.557369
              6       1553.4372     0.023722825      0.11566791       69.937928       3.0203604       1.0104663     0.049528788     0.048714676      0.99306189       1.3848575       8.1485815   2.0498678e-09     0.048714676        524.7771       5.7934714        5.7934714       3095.2875                                                          2557.9767                                                       12.533692                 20.387072                        395.08756                                   99.736273                               9.5661888
              4       1546.7648     0.023271253       0.1137003       70.328818       3.0290411       1.0029197     0.051268096     0.037348258       1.0001502       1.3550388       9.0593526   2.0677396e-09     0.037348258       510.18994       5.7934714        5.7934714       3081.9426                                                          2548.2034                                                       23.549251                 19.992091                         393.4315                                   84.369857                                 12.3965
              6       1546.8733     0.023271253       0.1137003       70.328818       3.0290411       1.0029197     0.051268096     0.037348258        1.000412       1.3550388       9.0593526   2.0677396e-09     0.037348258       510.40699       5.7934714        5.7934714       3082.1597                                                          2548.2034                                                       23.549251                 19.995018                        393.43847                                   84.358102                               12.615396
              2       1546.6992     0.023271253       0.1137003       70.328818       3.0290411       1.0029197     0.051268096     0.037348258      0.99961578       1.3550388       9.0593526   2.0677396e-09     0.037348258       510.05885       5.7934714        5.7934714       3081.8115                                                          2548.2034                                                       23.549251                 19.986978                        393.42534                                   84.679815                               11.966716
              2       1545.1145     0.023208862      0.11450315       70.050093       3.0351273      0.99782552     0.050531269     0.032381789       1.0028474       1.3491947        8.998977   2.0803627e-09     0.032381789       505.11808       5.7934714        5.7934714       3078.6421                                                          2555.4024                                                       18.121607                 19.949538                        393.47916                                   81.418974                               10.270404
              1       1538.1631     0.023035494      0.11463269       69.875584       3.0400043      0.99626279     0.053855037     0.013101963       1.0024965       1.3442583        9.286839   2.0905333e-09     0.013101963       502.39765       5.7934714        5.7934714       3064.7393                                                          2545.5971                                                       16.744609                 19.936279                        391.65069                                   81.539253                               9.2714198
              2       1537.8533     0.023035494      0.11463269       69.875584       3.0400043      0.99626279     0.053855037     0.013101963       1.0024965       1.5314806       8.9961262   2.0905333e-09     0.013101963       502.39765       5.7934714        5.7934714       3064.1196                                                          2544.9774                                                       16.744609                 19.936279                        391.65069                                   81.539253                               9.2714198
              1       1537.8951     0.023037381      0.11463694       69.876206       3.0399378      0.99629722     0.053830596     0.012800041       1.0024757       1.5316164       8.9893836   2.0903944e-09     0.012800041       502.43946       5.7934714        5.7934714       3064.2033                                                          2545.0354                                                       16.728375                 19.935967                        391.65133                                   81.587459                                9.264701
              5       1530.0996     0.023281584      0.11436908       70.272153        3.047378      0.99207679      0.06007907     0.045726154      0.99986372       1.5253796       9.7873711   2.1060052e-09     0.045726154       497.45329       5.7934714        5.7934714       3048.6122                                                          2529.6323                                                       21.526588                 20.157014                        390.43627                                   76.310536                               10.549472
              3       1530.1573     0.023281501      0.11439223       70.273285       3.0475138      0.99199901     0.060087316      0.04477529      0.99989999       1.5253294       9.7839459   2.1062912e-09      0.04477529       497.48892       5.7934714        5.7934714       3048.7277                                                          2529.7424                                                       21.496458                 20.162479                         390.4295                                   76.416832                               10.480109
              2       1530.8599     0.023274954      0.11408266       70.116664       3.0576547      0.99346519     0.065510738     0.071052479      0.99997516       1.5261874       9.6837111   2.1277596e-09     0.071052479       498.07574       5.7934714        5.7934714       3050.1328                                                          2532.3414                                                       19.715668                 20.101144                        391.23129                                   76.347929                               10.395381
