#        weight    minuslogpost        omegabh2        omegach2              H0            logA              ns             tau      mnu_sample        A_planck      TT_tSZ_Amp      TT_kSZ_Amp              As             mnu       chi2__CMB   minuslogprior minuslogprior__0            chi2 chi2__sbt_spt_audit.likelihoods.candl_cobaya.CandlCobayaLikelihood chi2__sbt_spt_audit.likelihoods.desi_dr2_bao.DESIDR2BAOGaussian chi2__planck_2018_lowl.TT chi2__planck_2018_lowl.EE_sroll2 chi2__planck_2018_highl_plik.TT_lite_native chi2__planckpr4lensing.PlanckPR4Lensing
              1       1278.2462        0.022224      0.12079462       69.638414       3.0827106      0.95911433     0.057881693     0.069395148       1.0103865       1.1618141       2.2363968   2.1817461e-09     0.069395148       551.75343       5.7934714        5.7934714       2544.9054                                                          1975.0059                                                       18.146024                 26.636942                        389.98518                                   125.23593                               9.8953743
              2       1280.0344     0.022239172      0.12066337       69.650558       3.0830957       0.9598166      0.05837575     0.075380097       1.0101715       1.1620217        2.212071   2.1825865e-09     0.075380097       551.76491       5.7934714        5.7934714       2548.4819                                                           1978.307                                                       18.409949                 26.451888                        390.05002                                   125.38747                               9.8755263
              2       1261.9246     0.022278182      0.11982002       69.367606       3.0795509      0.95665634     0.054976668      0.13080792       1.0129828       1.1641356        2.233464   2.1748634e-09      0.13080792       548.21596       5.7934714        5.7934714       2512.2622                                                          1948.1779                                                       15.868288                 26.965214                        389.65466                                   121.02265                               10.573436
              1       1255.6933     0.022278182      0.11982002       69.367606       3.0795509      0.95665634     0.054976668      0.13080792       1.0129828       1.4089021       2.3681623   2.1748634e-09      0.13080792       548.21596       5.7934714        5.7934714       2499.7997                                                          1935.7155                                                       15.868288                 26.965214                        389.65466                                   121.02265                               10.573436
              1       1254.9573     0.022278182      0.11982002       69.367606       3.0795509      0.95665634     0.054976668      0.13080792       1.0129828        1.201912       2.9238711   2.1748634e-09      0.13080792       548.21596       5.7934714        5.7934714       2498.3277                                                          1934.2435                                                       15.868288                 26.965214                        389.65466                                   121.02265                               10.573436
              1        1255.635     0.022278182      0.11982002       69.367606       3.0795509      0.95665634     0.054976668      0.13080792       1.0127885        1.201912       2.9238711   2.1748634e-09      0.13080792       549.57133       5.7934714        5.7934714       2499.6831                                                          1934.2435                                                       15.868288                 27.005621                        389.66084                                   122.42146                               10.483408
              1       1242.3442      0.02197566       0.1190832       69.091073       3.1129207       0.9538088     0.068132206      0.14844394       1.0187501       1.2076029       2.9779144   2.2486625e-09      0.14844394       550.11434       5.7934714        5.7934714       2473.1014                                                          1906.9567                                                       16.030333                  28.16288                         394.4407                                   118.54316                                8.967605
              1       1228.0866     0.021947614      0.11928008       68.382683       3.1118688        0.956519     0.070173553       0.2092791       1.0156859       1.2050363        3.086743   2.2462983e-09       0.2092791       551.21254       5.7934714        5.7934714       2444.5862                                                          1881.2701                                                       12.103596                 27.183509                        395.72707                                   118.98339                               9.3185818
              3       1198.6576     0.021893168      0.11904112       68.439042       3.1081811      0.95439531     0.068493993      0.19240646       1.0161913       1.2034945       3.2432964     2.23803e-09      0.19240646       546.72049       5.7934714        5.7934714       2385.7283                                                          1826.8942                                                       12.113598                  27.66521                        394.72508                                   115.10495                               9.2252524
              1       1199.5412     0.021893168      0.11904112       68.439042       3.1081811      0.95439531     0.068493993      0.19240646       1.0161913       1.1884204       3.0830473     2.23803e-09      0.19240646       546.72049       5.7934714        5.7934714       2387.4955                                                          1828.6615                                                       12.113598                  27.66521                        394.72508                                   115.10495                               9.2252524
              2       1200.1506     0.021867815      0.11905279       68.379998       3.1086105      0.95477696     0.068795884       0.1960368       1.0161235       1.1885248        3.099231   2.2389912e-09       0.1960368       547.23258       5.7934714        5.7934714       2388.7143                                                          1829.4181                                                       12.063619                 27.525416                        394.93803                                   115.52214                               9.2469901
              1       1190.2451     0.021792442      0.12066867       68.483977       3.1040558      0.95220434     0.063315882      0.10978875       1.0175665       1.1923244        2.859407   2.2288165e-09      0.10978875       544.99299       5.7934714        5.7934714       2368.9033                                                          1812.0096                                                       11.900653                  28.34592                        392.09034                                   114.42846                               10.128267
              4       1174.5585     0.021888549      0.12128435       67.915485       3.0952448      0.95288848     0.060244316      0.14977808       1.0149201       1.1907666       2.7980248   2.2092647e-09      0.14977808       541.79506       5.7934714        5.7934714       2337.5301                                                          1781.2102                                                       14.524859                 27.908736                        390.86853                                   113.42639                               9.5914019
              2       1174.2375     0.021888549      0.12128435       67.915485       3.0952448      0.95288848     0.060244316      0.14977808       1.0149201       1.2507851       2.7197639   2.2092647e-09      0.14977808       541.79506       5.7934714        5.7934714        2336.888                                                          1780.5681                                                       14.524859                 27.908736                        390.86853                                   113.42639                               9.5914019
              2       1166.9605     0.021888549      0.12128435       67.915485       3.0952448      0.95288848     0.060244316      0.14977808       1.0177168       1.2507851       2.7197639   2.2092647e-09      0.14977808       527.24104       5.7934714        5.7934714        2322.334                                                          1780.5681                                                       14.524859                 27.306004                         390.8544                                   99.790647                               9.2899862
              2        1134.967     0.022144671      0.12022419       68.321119       3.1017682      0.95375686     0.065187862      0.15117699       1.0169792       1.2521548       2.3632088   2.2237237e-09      0.15117699        521.3904       5.7934714        5.7934714       2258.3471                                                          1725.0183                                                       11.938418                 27.425083                        392.82148                                   92.346676                               8.7971675
              1       1125.6302     0.022171089      0.12098164        68.06676       3.1036737      0.95488358     0.068142685      0.14708214       1.0138349       1.2489095       2.3672896   2.2279649e-09      0.14708214       523.43879       5.7934714        5.7934714       2239.6735                                                          1701.9674                                                       14.267231                 27.295975                        394.52919                                   92.290927                                9.322694
              1       1125.5583      0.02217069      0.12098949       68.067547       3.1037147      0.95486023     0.068141249      0.14658858       1.0138503       1.2489355       2.3656236   2.2280564e-09      0.14658858       523.32869       5.7934714        5.7934714       2239.5297                                                          1701.9342                                                       14.266843                 27.305252                        394.53739                                   92.146188                               9.3398549
              3       1128.2297     0.022161765      0.12104845        67.10738       3.1085988      0.95061426     0.067754176      0.24004869       1.0168129       1.2515069       2.3699719    2.238965e-09      0.24004869       523.48302       5.7934714        5.7934714       2244.8724                                                           1692.115                                                       29.274312                 28.235624                        394.62235                                     92.0896                               8.5354469
              2       1124.8735     0.022091276       0.1202227       67.198274       3.1048344      0.95480122     0.068023163      0.25612933       1.0156235       1.2513751       2.4704836   2.2305525e-09      0.25612933       521.28134       5.7934714        5.7934714         2238.16                                                          1692.3459                                                       24.532783                  26.80976                        394.60873                                   90.758999                               9.1038541
              4       1123.9732     0.022091276       0.1202227       67.198274       3.1048344      0.95480122     0.068023163      0.25612933       1.0162535       1.2513751       2.4704836   2.2305525e-09      0.25612933       519.48088       5.7934714        5.7934714       2236.3596                                                          1692.3459                                                       24.532783                 26.680984                        394.55105                                   88.938074                               9.3107763
              4       1124.1455     0.022091276       0.1202227       67.198274       3.1048344      0.95480122     0.068023163      0.25612933       1.0162535        1.361756       2.2492096   2.2305525e-09      0.25612933       519.48088       5.7934714        5.7934714        2236.704                                                          1692.6903                                                       24.532783                 26.680984                        394.55105                                   88.938074                               9.3107763
              3       1106.7195     0.022120055      0.12047946       67.537632       3.1023284      0.94679664     0.064479824      0.20159011       1.0187868       1.3586656       2.4398885   2.2249698e-09      0.20159011       519.96026       5.7934714        5.7934714       2201.8521                                                          1662.1921                                                       19.699719                 29.209093                         392.8242                                   89.268672                               8.6582935
              4        1106.265     0.022120055      0.12047946       67.537632       3.1023284      0.94679664     0.064479824      0.20159011       1.0192235       1.3586656       2.4398885   2.2249698e-09      0.20159011       519.05121       5.7934714        5.7934714        2200.943                                                          1662.1921                                                       19.699719                 29.106881                        392.81085                                   88.398044                               8.7354352
              5       1094.5026     0.021908893      0.11949351       68.162794        3.086604      0.95379803     0.060637536      0.15258603       1.0165305       1.3565556       2.7434763    2.190257e-09      0.15258603       513.20846       5.7934714        5.7934714       2177.4182                                                          1652.4708                                                       11.738948                 26.593924                        390.84649                                   85.902116                               9.8659274
              1        1093.689     0.021909448      0.11947718       68.165829       3.0866331      0.95375648     0.060621923      0.15232742       1.0165883       1.3566613       2.7382723   2.1903208e-09      0.15232742       513.06447       5.7934714        5.7934714        2175.791                                                          1651.0067                                                       11.719857                 26.603105                        390.84347                                   85.759717                               9.8581789
              2       1093.7026     0.021909827      0.11947749       68.165785       3.0866246      0.95375065      0.06061557      0.15236378       1.0165892       1.3566603       2.7380675   2.1903021e-09      0.15236378       513.07339       5.7934714        5.7934714       2175.8182                                                          1651.0241                                                       11.720691                 26.604717                        390.84347                                   85.765583                               9.8596187
              1       1078.1772     0.021937578      0.11982743       68.186443       3.0726867      0.95970921     0.056557809      0.13137678       1.0126065        1.357522        2.529714   2.1599857e-09      0.13137678       511.26722       5.7934714        5.7934714       2144.7674                                                          1621.6987                                                       11.801515                 24.904603                        389.91565                                   86.478483                               9.9684864
              1       1066.7103     0.022005771      0.11995258       68.326439       3.0747351      0.95923058     0.058924712      0.11081145        1.011053       1.3547665       2.5344162   2.1644148e-09      0.11081145       508.87473       5.7934714        5.7934714       2121.8336                                                          1601.5321                                                       11.426806                 25.226053                        390.31661                                   84.041239                               9.2908336
              1       1066.7316     0.022005771      0.11995258       68.326439       3.0747351      0.95923058     0.058924712      0.11081145        1.011053       1.0862644       3.3797713   2.1644148e-09      0.11081145       508.87473       5.7934714        5.7934714       2121.8762                                                          1601.5747                                                       11.426806                 25.226053                        390.31661                                   84.041239                               9.2908336
