#                 weight             minuslogpost                 omegabh2                 omegach2                       H0                     logA                       ns                      tau               mnu_sample                 A_planck               TT_tSZ_Amp               TT_kSZ_Amp                       As                      mnu                chi2__CMB            minuslogprior         minuslogprior__0                     chi2 chi2__sbt_spt_audit.likelihoods.candl_cobaya.CandlCobayaLikelihood chi2__sbt_spt_audit.likelihoods.desi_dr2_bao.DESIDR2BAOGaussian chi2__planck_2018_lowl.TT chi2__planck_2018_lowl.EE_sroll2 chi2__planck_2018_highl_plik.TT_lite_native chi2__planckpr4lensing.PlanckPR4Lensing
                       2       1518.3679578535618     0.022699375899574357      0.11699284961157633       68.215234497581378       3.0569139324475927      0.97781953375925745     0.062756778561399246      0.09870466318865076       1.0015947668013052       2.6568382040033982       9.9321708419466024   2.1261840335336529e-09      0.09870466318865076       492.17028893258407       5.7934714303969193       5.7934714303969193       3025.1489728463298                                                 2519.1535361779961                                              13.825147735749734        21.289237061432686               391.00358435842071                          71.231703596959704                      8.6457639157710187
                       4       1516.7780404613866     0.022834493923156337      0.11696790234828999       69.003878884230517       3.0501748611116364      0.97514611888530633     0.059921455434435535     0.008200725578278556       1.0011273817682185       2.6564987513399276       9.8370397372072631   2.1119036997973437e-09     0.008200725578278556       493.42024022666573       5.7934714303969193       5.7934714303969193       3021.9691380619793                                                 2517.9522920513014                                              10.596605784012294        21.740609268835669                390.3380344680956                          73.120530649693691                      8.2210658400407528
                       4        1516.919307109554     0.022834493923156337      0.11696790234828999       69.003878884230517       3.0501748611116364      0.97514611888530633     0.059921455434435535     0.008200725578278556       1.0014198658968922       2.6564987513399276       9.8370397372072631   2.1119036997973437e-09     0.008200725578278556       493.70277352300053       5.7934714303969193       5.7934714303969193       3022.2516713583141                                                 2517.9522920513014                                              10.596605784012294        21.707524083430712                390.3380344680956                          73.419027026749887                      8.2381879447242792
                       7       1517.3803848325595     0.022869211967697423      0.11673632714759331        68.98080129894656       3.0499011116246821      0.97460841771750606     0.060102778387911837     0.022996703331601507       1.0013386221789682       2.6558635113064897       9.9084043913172533   2.1113256463675524e-09     0.022996703331601507        494.6101173898806       5.7934714303969193       5.7934714303969193        3023.173826804325                                                 2517.9488799413821                                              10.614829473061961        21.794545334744498               390.37630649959004                          74.079417622887675                      8.3598479326583863
                      19       1519.7088614657007     0.022899655820866126      0.11689763521095427        69.04921891310444       3.0582475804626115      0.97296237889192938     0.063958510611476477    0.0033588963772104227       1.0016519060065412       2.6549021574595479       9.8171499433724385   2.1290215063239523e-09    0.0033588963772104227        497.2512987849214       5.7934714303969193       5.7934714303969193       3027.8307800706075                                                 2519.9084613603741                                              10.671019925311773        22.189222496640355               391.29953445079542                          75.564448429405545                      8.1980934080800889
                       2       1519.7262555086572     0.022899655820866126      0.11689763521095427        69.04921891310444       3.0582475804626115      0.97296237889192938     0.063958510611476477    0.0033588963772104227       1.0016814065249373       2.6549021574595479       9.8171499433724385   2.1290215063239523e-09    0.0033588963772104227       497.28608687083482       5.7934714303969193       5.7934714303969193       3027.8655681565206                                                 2519.9084613603741                                              10.671019925311773        22.185524131576074               391.29953445079542                          75.604089606112296                      8.1969386823510249
                       6       1518.9446393117278     0.022965872559624206      0.11579831402412809       69.369821427153767       3.0471509185956718      0.97830680487448185     0.062141905572765617     0.024131672215592155      0.99874902753183648       2.6597378754591143       9.9762630351953696   2.1055270705491617e-09     0.024131672215592155        495.9367253407309       5.7934714303969193       5.7934714303969193       3026.3023357626616                                                 2518.8329039047599                                              11.532706517170752        21.315120172442562               390.64302520848338                          74.942110430287883                      9.0364695295171096
                       3       1520.1671457337038     0.023031025829852503       0.1160489314933402       69.432292655689224       3.0449690592395302       0.9786928226294509     0.062016758957913004    0.0086913647209374487      0.99727971463752829       2.6630716936119896       9.9286374453436075   2.1009381146593273e-09    0.0086913647209374487       497.00867444307039       5.7934714303969193       5.7934714303969193       3028.7473486066137                                                 2520.2312131552153                                              11.507461008328068        21.298101409801404               390.64629602824363                          76.307962781250538                      8.7563142237748135
                       4       1519.9515716556014     0.023031025829852503       0.1160489314933402       69.432292655689224       3.0449690592395302       0.9786928226294509     0.062016758957913004    0.0086913647209374487      0.99606136195093153       2.6630716936119896       9.9286374453436075   2.1009381146593273e-09    0.0086913647209374487       496.57752628686524       5.7934714303969193       5.7934714303969193       3028.3162004504088                                                 2520.2312131552153                                              11.507461008328068        21.423415000360308                390.6727668909661                          76.019714972005929                      8.4616294235328979
                       7       1518.5161036536799      0.02298300151822245      0.11613264875756345       69.351383421281753       3.0404785249057142      0.98083476337941788     0.060686744229225952     0.010098366939073761      0.99494709075650667       2.6655347167357499       9.9584217764917806   2.0915249308527497e-09     0.010098366939073761       495.18696782856415       5.7934714303969193       5.7934714303969193       3025.4452644465659                                                 2519.0275568159923                                              11.230739802009793        21.093985257457007                390.4243352169226                          75.139973321053446                      8.5286740331311197
                       5       1521.1497395320248     0.023059918424961589      0.11638619438461684       68.671199082678839       3.0410325016061148      0.97924296245429876     0.055982196555235855     0.079781001566778129       0.9993324247679285       2.6683721381329284       9.3282537116581388   2.0926839079262567e-09     0.079781001566778129       498.11590321954623       5.7934714303969193       5.7934714303969193       3030.7125362032557                                                 2520.5376303579555                                               12.05900262575361        21.186504389100151               390.31695138309499                          77.482712609074056                      9.1297348382770718
                       6       1520.3564935560878     0.023016825933566555      0.11626238317718829       69.051086105820374       3.0349311193359707      0.97648662272136555     0.052575575503618764     0.039004247576585112       1.0001627191512457       2.6624138469710781       9.5717655513642619   2.0799545163649985e-09     0.039004247576585112       498.89351551359346       5.7934714303969193       5.7934714303969193       3029.1260442513817                                                 2519.5319325458772                                              10.700596191911393        21.505164979042263               391.06454638676115                          77.154057654988407                      9.1697464928016643
                       2       1520.2147415672819     0.022992555224902716      0.11626559254306924       69.001523500840364       3.0340203087312512      0.97629902960112125     0.052163512826629434      0.03942250236549151       1.0001860581228343       2.6619011313500716       9.6077082310410038   2.0780609342124172e-09      0.03942250236549151       498.83995043019257       5.7934714303969193       5.7934714303969193       3028.8425402737698                                                 2519.2666641964261                                              10.735925647151069        21.507161590777628               391.13205556637337                          76.985054527760781                      9.2156787452807762
                       4       1520.1420658737857      0.02296341358343823      0.11599730487836588       68.788533835468712       3.0358920364240558      0.97559853146089359      0.05284318322803519     0.080917839819086915       1.0008234152182569       2.6587143753806863       9.8131645779605599   2.0819541407849858e-09     0.080917839819086915       498.88255269133924       5.7934714303969193       5.7934714303969193       3028.6971888867774                                                 2518.9052793284204                                              10.909356867018365        21.571718082087841               390.86003790144076                          75.882463475536227                      10.568333232274425
                       2       1520.0197892271403     0.022941818004019825      0.11646701517614401       68.566132741823168       3.0342780280397132      0.97715717121045875     0.051929478437401269      0.08469739199838093       1.0001994840275317       2.6625842336812631       9.6796003260716841   2.0785965596568696e-09      0.08469739199838093       497.61033535881126       5.7934714303969193       5.7934714303969193       3028.4526355934868                                                 2518.7003338761815                                              12.141966358494953        21.341035863043771                391.1980890179741                          75.110461860859346                       9.960748616934044
                       3       1518.9412932444675     0.022804273072834357      0.11505419586241861       68.548886869299594       3.0394305093393688      0.98744672858792615     0.059819937742273552      0.12090134416972342      0.99652829138979149       2.6692132675543672        9.720102712375251   2.0893341283658909e-09      0.12090134416972342        498.7332958731601       5.7934714303969193       5.7934714303969193       3026.2956436281411                                                  2516.616967725533                                              10.945380029447586        20.284747185835613               390.43619327516166                          76.200953455960232                      11.811401956202591
                       1       1519.0768073628151     0.022866529080516354      0.11494820476864528       68.817610734247083       3.0408092459201881      0.98625028405482662     0.059239818352458916      0.10285600819617643      0.99791570000272278       2.6681405872023163       9.5545643884637244    2.092216756494012e-09      0.10285600819617643       497.61633884630999       5.7934714303969193       5.7934714303969193       3026.5666718648363                                                 2518.3817466814967                                              10.568586337029815        20.393801452320645               390.35792450948156                          75.496845678957968                      11.367767205549823
                       1       1518.0043178323813     0.022803890962576751      0.11561860347520714       68.617532716795964       3.0500419354179225      0.98075795913946806      0.06122655078870852     0.095509629963410878       1.0002550140183368       2.6606375385981087       9.6892142933572387   2.1116229921900311e-09     0.095509629963410878       494.56113097965999       5.7934714303969193       5.7934714303969193       3024.4216928039687                                                 2518.9268732737369                                              10.933688550571896        20.958532372186369               390.55620865887511                          73.413645807386459                      9.6327441412120471
                       1       1516.2983727410983     0.022803890962576751      0.11561860347520714       68.617532716795964       3.0500419354179225      0.98075795913946806      0.06122655078870852     0.095509629963410878       1.0002550140183368        2.072856629520202       9.8211561450112903   2.1116229921900311e-09     0.095509629963410878       494.56113097965999       5.7934714303969193       5.7934714303969193       3021.0098026214027                                                  2515.514983091171                                              10.933688550571896        20.958532372186369               390.55620865887511                          73.413645807386459                      9.6327441412120471
                      11       1515.1936958983897     0.022775313865093568      0.11590403575864379       68.795316050055703       3.0504120059867792      0.98114313360557137     0.062081542581662118     0.060725207948134498      0.99932497095606476       2.0732412960926685       9.8567013350408974   2.1124045863255349e-09     0.060725207948134498       493.79628853578868       5.7934714303969193       5.7934714303969193       3018.8004489359855                                                 2514.3955302937061                                              10.608630106490809        20.956522754059733               390.71642177705053                           73.45790111307636                      8.6654428916021065
                       8       1515.2737730571075     0.022775313865093568      0.11590403575864379       68.795316050055703       3.0504120059867792      0.98114313360557137     0.062081542581662118     0.060725207948134498       1.0003074012466879       2.0732412960926685       9.8567013350408974   2.1124045863255349e-09     0.060725207948134498       493.95644285322419       5.7934714303969193       5.7934714303969193       3018.9606032534211                                                 2514.3955302937061                                              10.608630106490809        20.871072101642142               390.70326075783936                          73.418652831597399                      8.9634571621452785
                       2       1515.8135031622433     0.022747853830028086      0.11542155831953614       68.928791879558204       3.0468571066010264      0.98287025261482686     0.061023611973201088     0.057446130654552882       1.0001913343381206       2.0737652633095558       9.8358846009783125   2.1049085323122099e-09     0.057446130654552882       494.85004123379292       5.7934714303969193       5.7934714303969193       3020.0400634636926                                                  2514.544817102947                                              10.645205126952531        20.648337653591568               390.58196052121804                          74.078231560979873                      9.5415114980034197
                       4       1515.2800586063722     0.022793845803360274      0.11558830739624536       68.869230531170928       3.0356368316503235      0.98412901266089503     0.055957643481077173     0.073361359166458875      0.99899561241357937       2.0770541244434719       9.9113190396416577   2.0814228839420906e-09     0.073361359166458875       495.81512717462374       5.7934714303969193       5.7934714303969193       3018.9731743519505                                                 2512.6368873596857                                              10.521159817641188        20.490659857568687               390.51840757415653                          73.849090330396137                      10.956969412502433
                       7       1515.0737677793277     0.022806572831089101      0.11561718314438471       68.953959400366713       3.0352525389556857       0.9843116830566383     0.056105860769728094      0.06528541509851557      0.99858129503819659       2.0774365652310376       9.9290276445361911   2.0806231620068305e-09      0.06528541509851557       495.59665392428224       5.7934714303969193       5.7934714303969193       3018.5605926978615                                                 2512.3854591287736                                              10.578479644805462        20.486374066468898                390.4817168822201                          73.902271213234798                      10.726291762358434
                       3       1515.4312938368528      0.02282857806375084      0.11567702723764693       68.931237600866055       3.0342333848758773      0.98451616610748083     0.055433872134290706      0.06708304479356525      0.99857638158121842        2.078671124722669       9.8588422896925501   2.0785037666014113e-09      0.06708304479356525       495.99237001704762       5.7934714303969193       5.7934714303969193       3019.2756448129117                                                 2512.7359811285901                                              10.547293667274175         20.46791563795864               390.62816245249354                           74.14207863909246                       10.75421328750299
                       6       1515.6910456696719     0.022725300002187036        0.115837816713544       68.951540207875013       3.0298163105095051      0.98619523546120536     0.053311272138976892     0.052412656698197488      0.99837181331592062       2.0789162226930253       9.8963864480678012   2.0693431074440365e-09     0.052412656698197488       497.28609403415436       5.7934714303969193       5.7934714303969193       3019.7951484785499                                                 2511.9341506671763                                              10.574903777219337        20.304281897139902               391.23379909646559                          75.190508566446624                      10.557504474102258
                       7        1515.559946039908     0.022725300002187036        0.115837816713544       68.951540207875013       3.0298163105095051      0.98619523546120536     0.053311272138976892     0.052412656698197488      0.99749318009316046       2.0789162226930253       9.8963864480678012   2.0693431074440365e-09     0.052412656698197488       497.02389477462668       5.7934714303969193       5.7934714303969193       3019.5329492190222                                                 2511.9341506671763                                              10.574903777219337         20.35555865216304               391.21849847917872                          75.397086319002682                      10.052751324282228
                       1       1517.5555568490304     0.022765965903163602      0.11543622288664353       68.881860566312042       3.0264201938394928      0.98913819731335184     0.052577408270389717     0.082592215898808871       0.9966674829365223       2.0829360752933059       9.8147106850429537   2.0623272968197116e-09     0.082592215898808871       500.44476319447676       5.7934714303969193       5.7934714303969193       3023.5241708372669                                                 2512.5660979254026                                              10.513309717387619        20.160792849003485               391.63431893723913                          76.881766733766014                      11.767884674468119
                       1       1517.5311922152021     0.022807561685609327      0.11543794608591854       68.921982744073503       3.0267266311956074        0.989918315068951     0.053306203455777829     0.082300351955723508      0.99593996186599343       2.0849459232818859       9.7721041660031904   2.0629593677841233e-09     0.082300351955723508       500.40700072291446       5.7934714303969193       5.7934714303969193       3023.4754415696102                                                 2512.5262868201339                                               10.54215402656175        20.132067777053521               391.40324872842336                          77.253327664040569                      11.618356553396982
                       1       1518.6221508752342     0.022867441086849075      0.11454318100610492       69.062077469909184       3.0307475807069886      0.98853290526987847     0.055187919491471588      0.10088197372672593      0.99728881150847293       2.0815998053934384        9.772912694713904   2.0712711226205624e-09      0.10088197372672593       500.46178307471882       5.7934714303969193       5.7934714303969193       3025.6573588896745                                                 2514.0792164671398                                              11.116359347815584        20.199654707048126               390.83474034480082                          75.721502297632767                      13.705885725237103
                       1       1518.6911211442375     0.022867441086849075      0.11454318100610492       69.062077469909184       3.0307475807069886      0.98853290526987847     0.055187919491471588      0.10088197372672593      0.99802555124765457       2.0815998053934384        9.772912694713904   2.0712711226205624e-09      0.10088197372672593         500.599723612726       5.7934714303969193       5.7934714303969193       3025.7952994276811                                                 2514.0792164671398                                              11.116359347815584        20.163860463749302               390.84129514638181                          75.176117236371496                      14.418450766223399
                       6       1518.7230732300854     0.022869725332800423      0.11454791791312016       69.076582431527399       3.0302732176283986      0.98851964117274926     0.054977522348288038     0.099196233149332291      0.99798573056061923        2.081659187384064       9.7740138889208001    2.070288821076454e-09     0.099196233149332291       500.64561301826927       5.7934714303969193       5.7934714303969193        3025.859203599377                                                 2514.0466636294636                                              11.166926951644308        20.164626876197985               390.87605662586384                          75.194457214517797                      14.410472301689673
                       2       1518.7044302405293     0.022869725332800423      0.11454791791312016       69.076582431527399       3.0302732176283986      0.98851964117274926     0.054977522348288038     0.099196233149332291      0.99798573056061923       2.0073721157420579       9.7926266920151139    2.070288821076454e-09     0.099196233149332291       500.64561301826927       5.7934714303969193       5.7934714303969193       3025.8219176202647                                                 2514.0093776503513                                              11.166926951644308        20.164626876197985               390.87605662586384                          75.194457214517797                      14.410472301689673
                       1       1519.1933103771178     0.022869725332800423      0.11454791791312016       69.076582431527399       3.0302732176283986      0.98851964117274926     0.054977522348288038     0.099196233149332291      0.99873077069703964       2.0073721157420579       9.7926266920151139    2.070288821076454e-09     0.099196233149332291       501.62337329144623       5.7934714303969193       5.7934714303969193       3026.7996778934416                                                 2514.0093776503513                                              11.166926951644308        20.130070137137352               390.92696478324808                          75.392042507009151                      15.174295864051645
                       2       1519.4275249999982     0.022908417676122356      0.11475712507316836       68.861359319790253       3.0319932180084312      0.98953425740751133     0.056754415449273996      0.10359219222769372      0.99743583399345714       2.0120198701334231       9.6320773798476722   2.0738527827645764e-09      0.10359219222769372       501.99738862799535       5.7934714303969193       5.7934714303969193       3027.2681071392026                                                 2514.6488109220272                                              10.621907589180275        20.089985786584862               390.61107424541234                          77.457349866155468                      13.838978729842653
                      13       1518.7386174983792     0.022869035883135911      0.11474046728494976       68.921512490728844       3.0339711339605353      0.99040208890516102     0.058584163478593874     0.095803923182290071      0.99669600972721406       2.0116916681310411       9.7281664542088926   2.0779587485549425e-09     0.095803923182290071        501.5608329234326       5.7934714303969193       5.7934714303969193       3025.8902921359645                                                 2513.6473006683382                                              10.682158544194095        20.050812076483908               390.50003474860847                          77.825302096993724                       13.18468400134649
                       2       1519.7883544024203      0.02294042403002863      0.11461761341417173         68.9535296940401       3.0373850039683381      0.99104488854230566     0.059775621986228634      0.10493553092675427      0.99717697862081678       2.0137914147946496       9.5117713769644237   2.0850647521890132e-09      0.10493553092675427       501.64710654856583       5.7934714303969193       5.7934714303969193       3027.9897659440467                                                 2515.6340915355058                                              10.708567859974879        20.034921480148341               390.48809619518516                          77.884029470221648                      13.240059403010656
                       3         1519.27749367006      0.02294042403002863      0.11461761341417173         68.9535296940401       3.0373850039683381      0.99104488854230566     0.059775621986228634      0.10493553092675427      0.99632253179650032       2.0137914147946496       9.5117713769644237   2.0850647521890132e-09      0.10493553092675427       500.62538508384591       5.7934714303969193       5.7934714303969193       3026.9680444793262                                                 2515.6340915355058                                              10.708567859974879        20.068304216017168               390.47098969151597                          77.584407087323783                      12.501684088989016
                       9       1516.1016453981977     0.022928188978295967      0.11577239681944471       68.963845761984857       3.0504395679674481      0.98145206481315184     0.063366045263065635     0.069160175899982718      0.99852658894372237       2.0017141627166222       9.9034079113764548   2.1124628091822731e-09     0.069160175899982718       494.98258748806995       5.7934714303969193       5.7934714303969193       3020.6163479356014                                                 2515.0635573537438                                              10.570203093787411         20.93610639354614               390.99319364216348                           73.83818482210232                      9.2151026302580199
                       5       1516.5554764170727     0.022952543250438998      0.11570013053747892       68.986343925383338       3.0516465231648522      0.98192231699658483     0.064052562600746696       0.0737659598251902      0.99844907037013497       2.0024970714667143       9.8613594302421728   2.1150139964237873e-09       0.0737659598251902       495.27759018542525       5.7934714303969193       5.7934714303969193       3021.5240099733514                                                 2515.6752879169185                                              10.571131871007788        20.899979940331036               391.15844881111599                          73.930113350680543                      9.2890480832976738
                       5       1515.9797534233542     0.022902672153484752      0.11559628221533358       68.967673231357423       3.0510342957944809       0.9830686054640615     0.064200957177151491     0.078749883178898861      0.99815335496514113       2.0022614254933226       9.9385925062557323   2.1137195232628412e-09     0.078749883178898861       494.78888053785215       5.7934714303969193       5.7934714303969193       3020.3725639859144                                                  2515.035666657654                                              10.548016790408257        20.756461566560233               391.19663357872503                          73.278713783099334                       9.557071609467588
                       2       1515.6767324541197     0.022895286888380082      0.11569004652280397       68.940932701986554       3.0501896655201883      0.98237445512344568     0.063457829624866555      0.07731961247091608       0.9984006148099418       2.0015096341321903       9.9622346341694286   2.1119349655139727e-09      0.07731961247091608       494.50067678358948       5.7934714303969193       5.7934714303969193       3019.7665220474455                                                 2514.7375844032754                                               10.52826086058046        20.819758742444037               391.00771105861963                          73.148579200297334                      9.5246277822284995
                       7       1515.0099183598195     0.022846227124551744      0.11594459171696905       69.184471798705886       3.0451568975937633      0.98359850407738381     0.061178510106746187     0.026815793150121427      0.99793426674541164       2.0034416051082733       9.8318821320204499   2.1013327884834107e-09     0.026815793150121427       494.03888937037192       5.7934714303969193       5.7934714303969193       3018.4328938588451                                                 2513.4226938160887                                              10.971310672384956        20.666383514282359                390.5819629344445                          74.127724298496148                      8.6628186231488744
                       4       1515.1314397253848     0.022859302455424346       0.1160018820185624       69.207795987571444       3.0447678384371599      0.98361946882975781     0.060809651576552048     0.022192740353819008       0.9980039312403598       2.0040898264790878       9.7727194389031595   2.1005154047366065e-09     0.022192740353819008       494.06102140127433       5.7934714303969193       5.7934714303969193       3018.6759365899757                                                 2513.6119963840324                                              11.002918804668921        20.664253448279283               390.49428865288195                          74.308837050050869                      8.5936422500622776
                       3       1516.5084994367348     0.022900957860270899      0.11630728670431474       69.080400971152187       3.0531056210096086      0.98425992582757749     0.064011866711021451     0.034537172588725844      0.99844980141315332       2.0064631016990391       9.5407991390722238   2.1181022612799959e-09     0.034537172588725844       494.82850164308559       5.7934714303969193       5.7934714303969193       3021.4300560126758                                                 2515.9965517791838                                              10.605002590406585        20.667290668320504               391.19187079981339                          74.686709327297336                      8.2826308476543478
                       2       1517.3421123523271     0.022900957860270899      0.11630728670431474       69.080400971152187       3.0531056210096086      0.98425992582757749     0.064011866711021451     0.034537172588725844      0.99964789691013189       2.0064631016990391       9.5407991390722238   2.1181022612799959e-09     0.034537172588725844       496.49572747426987       5.7934714303969193       5.7934714303969193       3023.0972818438604                                                 2515.9965517791838                                              10.605002590406585        20.576118099631799               391.20079956266375                          76.264454765153033                      8.4543550468213287
                       1       1518.2944110714041      0.02290547460130091      0.11634761071195079       69.303184864106115       3.0527763156479568      0.98625627572529029     0.063940985853500776     0.012656041312251776      0.99938057726837737       2.0088758968451299       9.3856651078131605   2.1174048736818691e-09     0.012656041312251776       496.91470059455798       5.7934714303969193       5.7934714303969193       3025.0018792820142                                                  2516.989129146491                                              11.098049540964912        20.407687639720621               391.12566416167306                           77.04488666712237                      8.3364621260419423
                       6       1517.6796267799839      0.02281115637617144      0.11590336589513325       69.333400942724708       3.0511636584797421      0.98614645317256988     0.063638607299194169    0.0088541843887347382      0.99975892660507881       2.0055781394480339       9.5354074040281667   2.1139929773832577e-09    0.0088541843887347382       496.60909925068393       5.7934714303969193       5.7934714303969193       3023.7723106991739                                                 2515.4536336724386                                              11.709577776051376        20.371724836076453               391.09197896184679                          76.619005481725225                      8.5263899710354405
                       3       1517.5869954911198      0.02281115637617144      0.11590336589513325       69.333400942724708       3.0511636584797421      0.98614645317256988     0.063638607299194169    0.0088541843887347382      0.99966969908019299       2.0055781394480339       9.5354074040281667   2.1139929773832577e-09    0.0088541843887347382        496.4238366729557       5.7934714303969193       5.7934714303969193       3023.5870481214456                                                 2515.4536336724386                                              11.709577776051376        20.377528296745936               391.10416599873292                          76.435530973899446                      8.5066114035773861
                       1       1517.5161213098875      0.02281115637617144      0.11590336589513325       69.333400942724708       3.0511636584797421      0.98614645317256988     0.063638607299194169    0.0088541843887347382      0.99966969908019299       1.9383647876479282       9.5859085235297687   2.1139929773832577e-09    0.0088541843887347382        496.4238366729557       5.7934714303969193       5.7934714303969193        3023.445299758981                                                 2515.3118853099736                                              11.709577776051376        20.377528296745936               391.10416599873292                          76.435530973899446                      8.5066114035773861
                       2       1518.6967257823603      0.02270750092258822      0.11491047729172882       69.300128975008207       3.0571371130968079      0.98186133371783824      0.06593253675582042     0.033651463245140817       1.0023342263504909       1.9266542952439953       9.9703957082727985   2.1266586096227378e-09     0.033651463245140817        496.2296678702171       5.7934714303969193       5.7934714303969193       3025.8065087039267                                                 2516.9190618270827                                              12.657779006627022        20.749253855469988               391.78419908244985                          74.365453422771381                      9.3307615095258445
                       5       1518.4799204900548     0.022742554215173447      0.11489673063770549       69.240116673495322       3.0556718843923449      0.98184440889773683     0.065727250043000451     0.041271222801392261        1.001718949679324       1.9278582447350432       9.9885794526716509    2.123544850125299e-09     0.041271222801392261       496.75168243188239       5.7934714303969193       5.7934714303969193       3025.3728981193158                                                 2516.5076045268684                                              12.113611160565283        20.753301214272824               391.73124858951405                          74.705131732360954                      9.5620008957345988
                      21       1518.4649395199976     0.022741644197710797      0.11489775384540929       69.241153621204518       3.0556259518908839      0.98184379570551372     0.065720263214515615     0.041007122541481339       1.0017040299845348       1.9278374277670465       9.9917918884026147   2.1234473126384555e-09     0.041007122541481339       496.75803485663619       5.7934714303969193       5.7934714303969193       3025.3429361792014                                                 2516.4625232008088                                              12.122378121756245        20.752775470076472               391.73124858951405                          74.712041305682263                      9.5619694913633975
                       5       1518.4155934360549     0.022757817611845393      0.11499775526698933       69.240138202600889       3.0563867102789288      0.98196461734377627     0.066061565542692421     0.039303401927307455        1.001567382317986       1.9286696234806155       9.9490799283458653    2.125063357625065e-09     0.039303401927307455       496.67834679676776       5.7934714303969193       5.7934714303969193       3025.2442440113159                                                 2516.5826286329657                                              11.983268581582486        20.756790324319468               391.81070935805013                          74.772410448978022                      9.3384366654201401
                       4       1518.4033412076785      0.02275951323959164       0.1149937690798308       69.250078769381247       3.0563640443534119      0.98194983795272439     0.066062582782965437     0.038922723139428642       1.0015563720455107       1.9286227895421908       9.9533570914196581   2.1250151916431476e-09     0.038922723139428642       496.63883798296945       5.7934714303969193       5.7934714303969193       3025.2197395545631                                                 2516.5389820087767                                              12.041919562817576        20.759980169086361               391.80410450188481                          74.730310676082979                      9.3444426359152857
                       8       1518.2163346933669     0.022774691144108305      0.11501849512950185       69.234721049983605       3.0553456471430525      0.98176997958240331     0.065586981716041867     0.040739969565767975       1.0014477286291263       1.9289445299455295        9.955966653711636    2.122852183687585e-09     0.040739969565767975       496.65915307436097       5.7934714303969193       5.7934714303969193       3024.8457265259399                                                 2516.3060664974037                                              11.880506954175337        20.776308390344809               391.64727489554343                          74.797580861228326                      9.4379889272444029
                       6       1518.3818928486307      0.02288714861084171      0.11487657191933349       69.170849570418753       3.0535812836602427      0.98263766002963804     0.065180549775415333     0.071121719745052686       1.0007151418901474       1.9321900267823819       9.9085152642543548   2.1191100030694755e-09     0.071121719745052686       497.60513656878823       5.7934714303969193       5.7934714303969193       3025.1768428364676                                                 2516.2241803553438                                              11.347525912335399        20.701473246400269                391.5000305449247                          74.813467385420608                      10.590165392042653
                       4       1518.1144161738926      0.02288714861084171      0.11487657191933349       69.170849570418753       3.0535812836602427      0.98263766002963804     0.065180549775415333     0.071121719745052686      0.99807706819736464       1.9321900267823819       9.9085152642543548   2.1191100030694755e-09     0.071121719745052686       497.07018321931196       5.7934714303969193       5.7934714303969193       3024.6418894869912                                                 2516.2241803553438                                              11.347525912335399        20.922188517840937               391.52684601928001                          75.360036712765066                      9.2611119694259401
                      11       1517.2729626369173     0.022895045003876312      0.11521056156913777       69.247479658468009       3.0517588201094412      0.98217550908919704     0.064075380461253856     0.052576750687496315      0.99782835909091838       1.9325877651684673       9.9054947579288015   2.1152515193696494e-09     0.052576750687496315        495.9968783353213       5.7934714303969193       5.7934714303969193       3022.9589824130408                                                 2515.4729834721606                                              11.489120605558949        20.987181104942351               391.14775080338501                          75.068176332513005                      8.7937700944809336
                       8       1517.7952556359216     0.022917268231246533      0.11510401476927908       69.235239085778801       3.0523213571002712      0.98234750398572201     0.064476921362063525     0.058872957080983571      0.99778797489851401       1.9331529307920094       9.8739990844879699   2.1164417613403851e-09     0.058872957080983571       496.61308734582371       5.7934714303969193       5.7934714303969193       3024.0035684110494                                                 2515.9543954106416                                               11.43608565458362        20.973391684846547               391.27280492964184                          75.442028654106835                       8.924862077228525
                       2        1517.807527694029     0.022916492361286733      0.11510527884868471         69.2365307182409       3.0525020035305688      0.98211665894048106     0.064452353299660287     0.058889153274352256       0.9979192566342544       1.9327767478904887        9.880636342034272   2.1168241235246463e-09     0.058889153274352256        496.5933641805413       5.7934714303969193       5.7934714303969193       3024.0281125272641                                                 2515.9910639612444                                               11.44368438547883        21.000517726124542               391.27044042680848                          75.394680130252866                       8.927725897355419
                       2       1517.8388672355957     0.022927706104988274      0.11505978238802246       69.217403589751072       3.0514225544738469      0.98216592694665972     0.064076719844143815     0.063549584223595801      0.99776498909380151       1.9330922047654309       9.8939822800873198   2.1145403525502298e-09     0.063549584223595801       496.86166522628326       5.7934714303969193       5.7934714303969193       3024.0907916103974                                                 2515.8740646706874                                              11.355061713426686        20.986965305408262               391.14506813888158                          75.616724368559801                      9.1129074134335912
                       2       1517.2612933225441     0.022880991592540808      0.11526768500663485       69.384566879079102       3.0498926350896718      0.98252798943286757     0.062448973947189117     0.035283923667633527      0.99845849895794558       1.9327576309471179       9.7971908223585054   2.1113077497176435e-09     0.035283923667633527       495.10418594784841       5.7934714303969193       5.7934714303969193       3022.9356437842944                                                 2515.5586464754811                                              12.272811360965257        20.925175524679162                390.7192267503961                          74.821733684079533                       8.638049988693572
                      14       1518.1300792690483     0.022880991592540808      0.11526768500663485       69.384566879079102       3.0498926350896718      0.98252798943286757     0.062448973947189117     0.035283923667633527      0.99845849895794558       2.0095517726649748       9.4757897722346645   2.1113077497176435e-09     0.035283923667633527       495.10418594784841       5.7934714303969193       5.7934714303969193       3024.6732156773028                                                 2517.2962183684895                                              12.272811360965257        20.925175524679162                390.7192267503961                          74.821733684079533                       8.638049988693572
                       1       1517.1126118370219     0.022758178464353615      0.11545224796275273       68.851621487264481       3.0566241420507341      0.97835198510796484     0.064592609754005659     0.078937712329479159      0.99998178857799569       2.0013832061469952       9.8725291858269593   2.1255679750870032e-09     0.078937712329479159       495.03300244506778       5.7934714303969193       5.7934714303969193       3022.6382808132498                                                 2517.0981373253348                                              10.507141042847223        21.419705907591549               391.44633457290257                          73.231028742326728                      8.9359332222469661
                      11       1517.0315830142144     0.022735373123313526      0.11536494056178964       68.812776694392625       3.0565611916599074      0.97982589745560256     0.065069113087989683     0.084797804125616896      0.99953871888976153       2.0026634717197305       9.8597992334028817    2.125434173963703e-09     0.084797804125616896       495.03852038140326       5.7934714303969193       5.7934714303969193        3022.476223167635                                                 2516.9493587776583                                              10.488344008573284        21.211867553407103               391.53581698654926                          73.241052395018002                      9.0497834464289006
                       7       1516.3347113922571     0.022680839845981307      0.11538342189133426       69.072453754863204       3.0504509947159777      0.98295509642025058     0.062626569950209127     0.057435105527034187      0.99878016226777466        2.005062263778306       9.8128255560092921   2.1124869479014853e-09     0.057435105527034187       494.25079017118827       5.7934714303969193       5.7934714303969193       3021.0824799237203                                                 2515.6719844772383                                              11.159705275293106        20.805988079857684               390.85514960431004                          73.678885468741385                      8.9107670182791523
                       2       1516.5539914523652     0.022643526689114388      0.11592871984481712       68.739506611176509       3.0558687957916759       0.9814415649805307     0.063704072913443113     0.068290482252358481      0.99989264891504182       2.0043432297015626       9.7168129747533829   2.1239630414852508e-09     0.068290482252358481       493.85323475655252       5.7934714303969193       5.7934714303969193       3021.5210400439364                                                 2517.2182480185234                                              10.449557268860541        20.982257873092919               391.21651958799123                           73.21034069154382                      8.4441166039245683
                       1       1515.8481681084979     0.022616712829218191       0.1164243357147574       68.833270973541815       3.0535542756584348      0.97551460602434314     0.059949454617127959     0.034994872921421449        1.002307534103464        1.996970585147291       9.8481283324379749   2.1190527709155477e-09     0.034994872921421449       491.82735321185248       5.7934714303969193       5.7934714303969193        3020.109393356202                                                 2517.8331971090383                                              10.448843035311286        21.737938230524605               390.40561571003042                          71.450518114158456                      8.2332811571389914
                       4       1515.7498026999299     0.022624362639294147      0.11649007901018862       68.841344737064944       3.0537451866013399      0.97542184406283494     0.060055208720555871     0.035113414944690786       1.0021844144259866        1.996965581935471       9.8697564836391649   2.1194573598971118e-09     0.035113414944690786       491.70420206856147       5.7934714303969193       5.7934714303969193       3019.9126625390659                                                 2517.7682326219729                                              10.440227848531338        21.764523572891846               390.41869960001401                          71.290705923543385                      8.2302729721122443
                       4       1515.9631348680218     0.022568881200492812      0.11703710017359137       68.671718905688067       3.0549303527184279      0.97379218857156058     0.059578741637044665     0.029734841789439151       1.0027557552204558       1.9951358032996673       9.9236547226886191   2.1219707580496425e-09     0.029734841789439151       491.29455629032299       5.7934714303969193       5.7934714303969193       3020.3393268752498                                                 2518.3516890096657                                              10.693081575261436        22.008151058331578               390.33906339072951                          70.686158548048454                       8.261183293213417
                      22       1516.0914406421668     0.022528035665183861      0.11717913031930843       68.770606077966704       3.0557568854724302       0.9730951596094346     0.059786568480986096    0.0031202591053461695       1.0030065104352723       1.9938486977230128       9.9141101082206671   2.1237253614028872e-09    0.0031202591053461695       491.22563602734675       5.7934714303969193       5.7934714303969193       3020.5959384235398                                                 2518.8528465300187                                              10.517455866174407           22.118164839955               390.36676298611758                          70.345560783903622                      8.3951474173705112
                       3        1517.333200290808     0.022514695331085386      0.11644312585780933       68.649918968735719       3.0624273016692221      0.97404952999695527     0.064252628863744388     0.033457002316427085       1.0029286381257085       1.9930978618129336       9.9441094445156608   2.1379388456772573e-09     0.033457002316427085       493.22846519672925       5.7934714303969193       5.7934714303969193       3023.0794577208221                                                 2519.2578796212151                                              10.593112902877454        22.016139796860386               391.55081748364893                          71.415962171408324                      8.2455457448116505
                       2       1517.1319449723428     0.022529298349047131       0.1164274100866209        68.65940161901068       3.0617702402674225      0.97385402626321504     0.063939793016878757     0.035215525635920668       1.0028963859112086       1.9930805046259763       9.9568623463976174   2.1365345499871254e-09     0.035215525635920668       493.10773346242451       5.7934714303969193       5.7934714303969193       3022.6769470838917                                                 2518.9821224486932                                              10.587091172774301        22.047249529976966               391.42625439565631                          71.410428417168006                      8.2238011196231842
                       1       1517.7049798970786     0.022469357891504897      0.11640022908954907       68.512830044830906       3.0567787064570018      0.97286262358997755      0.06058096881840043      0.03747657678950763       1.0039769059168777       1.9915357308853481       9.9458507970464023   2.1258965376304371e-09      0.03747657678950763       492.77445188592401       5.7934714303969193       5.7934714303969193       3023.8230169333633                                                 2520.1383777178548                                              10.910187329584463        22.067230983107379               390.53021459883234                          71.985239081226851                      8.1917672227574752
                       1       1518.2095391547409     0.022533670031446202      0.11627085768140022       68.502528713354209       3.0562102246652798      0.97569528529022265     0.060367079111306149      0.05463603785558091       1.0036693408231185       1.9965693730319143       9.6938639455065179   2.1246883476072617e-09      0.05463603785558091       492.74103470560755       5.7934714303969193       5.7934714303969193       3024.8321354486879                                                 2521.1006984326959                                              10.990402310384182         21.63135873576573                390.4796833687638                          72.385384455851948                      8.2446081452260724
                       3       1519.3118719505017     0.022533670031446202      0.11627085768140022       68.502528713354209       3.0562102246652798      0.97569528529022265     0.060367079111306149      0.05463603785558091       1.0036693408231185       2.5561488829796666       9.5499758358300255   2.1246883476072617e-09      0.05463603785558091       492.74103470560755       5.7934714303969193       5.7934714303969193       3027.0368010402094                                                 2523.3053640242174                                              10.990402310384182         21.63135873576573                390.4796833687638                          72.385384455851948                      8.2446081452260724
                       6       1519.6567937412403     0.022541736057314948      0.11646152433796211       68.510613891950129       3.0572595520990222       0.9748753220230173     0.060202896696135322     0.047649799749691156        1.004152719248014       2.5557442562451813       9.4979427285123208   2.1269190115222996e-09     0.047649799749691156       492.50683598599886       5.7934714303969193       5.7934714303969193       3027.7266446216868                                                 2524.1442808639508                                              11.075527771737042        21.768749469911995               390.43313675815563                          72.099965743225994                      8.2049840147052642
                       4       1518.8401792931852     0.022552624958469096      0.11645719344379048       68.651882625300217       3.0560758403817774      0.97320892634246958     0.059982974875334404     0.028251136578066258       1.0039228296245066       2.5537094607665849       9.6200094349613217   2.1244028420701606e-09     0.028251136578066258       492.82280481949454       5.7934714303969193       5.7934714303969193       3026.0934157255765                                                 2522.5488508459493                                              10.721760060132629        22.047813075814133               390.38637818705541                          72.192701776188798                      8.1959117804361927
                       3       1519.9406647779622     0.022552624958469096      0.11645719344379048       68.651882625300217       3.0560758403817774      0.97320892634246958     0.059982974875334404     0.028251136578066258       1.0039228296245066       2.5697860107979951        9.241841327026675   2.1244028420701606e-09     0.028251136578066258       492.82280481949454       5.7934714303969193       5.7934714303969193       3028.2943866951305                                                 2524.7498218155033                                              10.721760060132629        22.047813075814133               390.38637818705541                          72.192701776188798                      8.1959117804361927
                       1       1518.5236194150127     0.022552624958469096      0.11645719344379048       68.651882625300217       3.0560758403817774      0.97320892634246958     0.059982974875334404     0.028251136578066258       1.0039228296245066       2.4832922168182452       9.6537916982300604   2.1244028420701606e-09     0.028251136578066258       492.82280481949454       5.7934714303969193       5.7934714303969193       3025.4602959692315                                                 2521.9157310896044                                              10.721760060132629        22.047813075814133               390.38637818705541                          72.192701776188798                      8.1959117804361927
                       4       1518.1000377047831     0.022552624958469096      0.11645719344379048       68.651882625300217       3.0560758403817774      0.97320892634246958     0.059982974875334404     0.028251136578066258       1.0056640867880429       2.4832922168182452       9.6537916982300604   2.1244028420701606e-09     0.028251136578066258       491.97564139903562       5.7934714303969193       5.7934714303969193       3024.6131325487722                                                 2521.9157310896044                                              10.721760060132629        21.841251787177043               390.41045475832425                          71.468511338906481                      8.2554235146278643
                       8       1518.2917927097601     0.022449034954531127      0.11632627632429758       68.540737316119717         3.06107121206818       0.9725309467167651     0.062182700418231485     0.045776685768974305       1.0064298691313793       2.4783127776459337       9.9017883648659133   2.1350415739649925e-09     0.045776685768974305        491.4910792765159       5.7934714303969193       5.7934714303969193       3024.9966425587263                                                 2522.8427313311377                                              10.662831951072944        21.952974781334092               390.89457488416883                          70.311433437615847                      8.3320961733971401
                      11        1518.328085316291     0.022534948517699962      0.11675670312092014        68.02622203077631       3.0530803906588004      0.97250767687044315      0.05876005013958048     0.096412907159385525       1.0048292657641553        2.483092994979796       9.9666492015572565   2.1180488214910512e-09     0.096412907159385525       491.50082450783958       5.7934714303969193       5.7934714303969193       3025.0692277717881                                                 2518.9202803533121                                              14.648122910636321         21.85666016053932                390.2256785735558                          70.330509418717071                      9.0879763550273758
                       1       1519.5302286181902     0.022534948517699962      0.11675670312092014        68.02622203077631       3.0530803906588004      0.97250767687044315      0.05876005013958048     0.096412907159385525       1.0048292657641553       2.7333244116936073       9.8880219158830993   2.1180488214910512e-09     0.096412907159385525       491.50082450783958       5.7934714303969193       5.7934714303969193       3027.4735143755865                                                 2521.3245669571106                                              14.648122910636321         21.85666016053932                390.2256785735558                          70.330509418717071                      9.0879763550273758
                       2       1519.5137744387609     0.022534948517699962      0.11675670312092014        68.02622203077631       3.0530803906588004      0.97250767687044315      0.05876005013958048     0.096412907159385525       1.0047823777333653       2.7333244116936073       9.8880219158830993   2.1180488214910512e-09     0.096412907159385525       491.46791614898109       5.7934714303969193       5.7934714303969193        3027.440606016728                                                 2521.3245669571106                                              14.648122910636321        21.862107065108376                390.2256785735558                          70.308972185664814                      9.0711583246521013
                       3       1519.4302225123538      0.02252573829156428      0.11657540244648111       68.050868178542771       3.0520355068178424      0.97148502711604945     0.058475759541621965     0.095416906044894084       1.0048956372880884        2.731354031309432       9.9939823505607119   2.1158368623245583e-09     0.095416906044894084       492.09723857633594       5.7934714303969193       5.7934714303969193       3027.2735021639137                                                 2520.9903556181512                                              14.185907969426598        22.006666553587479               390.20964562998438                          70.559496824128757                      9.3214295686353026
                       4       1519.3830443573299     0.022608561064175036        0.115565264154375       68.324193637288829       3.0546024016940825      0.97507947849723653      0.06225143257503854      0.10747763699902382       1.0033917827618186       2.7348401971915952       9.9178236049632993   2.1212749696644017e-09      0.10747763699902382       494.57252141641493       5.7934714303969193       5.7934714303969193        3027.179145853866                                                  2521.007463155167                                              11.599161282284118        21.528913660958551               390.87322340366239                           71.70756598602938                      10.462818365764624
                      10       1518.7822200867558     0.022670834715299727      0.11562747372510958       68.588737554512932       3.0451483321901298      0.97708853688865582     0.058096438623336327     0.073484269877442443       1.0024331974191059       2.7402677908047215       9.6710727432970245   2.1013147897969918e-09     0.073484269877442443       494.58351893098961       5.7934714303969193       5.7934714303969193       3025.9774973127178                                                 2520.5399894063512                                              10.853988975377552        21.225272724091099               390.24459883649496                          73.036954201546649                      10.076693168856863
                       1       1518.5099343361151     0.022614756561185206      0.11525618185125221       68.582389693589349        3.042856505566724      0.98263487468849309     0.058799777246094163     0.092463342669670781       1.0007624659358969       2.7448753609844516       9.6550991813163218   2.0965044549498253e-09     0.092463342669670781        495.7747269162017       5.7934714303969193       5.7934714303969193       3025.4329258114362                                                 2519.0795534256595                                              10.578645469574907        20.575631996480581               390.34070992878566                          73.626614173142741                      11.231770817792723
                       5        1518.518449946034     0.022649536050453636      0.11557638465654951       68.466646408189135       3.0430778169627808      0.98241614072062478     0.057981225778496348      0.10440432254641026       1.0011150512997258       2.7461266485795441       9.5709470155744114   2.0969684866234443e-09      0.10440432254641026       495.02239093496041       5.7934714303969193       5.7934714303969193       3025.4499570312742                                                 2519.4378929547352                                              10.989673141579008        20.605231270885668               390.29999061212618                          72.911958695164415                       11.20521035678415
                       1        1518.654903028541     0.022644230757004179      0.11553980536295513       68.429159650721786       3.0426922920812389      0.98227797815365603     0.057832365609546611      0.10872849481508706       1.0011330637134888       2.7458241359174265        9.597703474404895   2.0961602089116373e-09      0.10872849481508706       495.26775393514544       5.7934714303969193       5.7934714303969193        3025.722863196288                                                 2519.3470159698363                                              11.108093291306904        20.609485416307677               390.31231744755098                          72.875640373727705                      11.470310697559071
                       1       1519.6718181730614     0.022680236217680668      0.11558643453396274       68.348385553002629       3.0440685478166678      0.98407212341956951     0.059015900734011709       0.1125250873683097       1.0004004581166999       2.7501339591770377       9.3963625376197086   2.0990470474799397e-09       0.1125250873683097       496.06245258333018       5.7934714303969193       5.7934714303969193       3027.7566934853289                                                 2519.9625788349549                                              11.731662067043905        20.464032820630337               390.36211888683647                          74.252596464071445                      10.983704411791962
                      11        1519.988038695388     0.022680236217680668      0.11558643453396274       68.348385553002629       3.0440685478166678      0.98407212341956951     0.059015900734011709       0.1125250873683097       1.0004004581166999       2.8749161046445022       9.6144445635141231   2.0990470474799397e-09       0.1125250873683097       496.06245258333018       5.7934714303969193       5.7934714303969193       3028.3891345299821                                                 2520.5950198796077                                              11.731662067043905        20.464032820630337               390.36211888683647                          74.252596464071445                      10.983704411791962
                       3       1519.0752702433322     0.022636712938947087      0.11615695582130105       68.203599860006435       3.0499372756023111      0.98162917760044976      0.06130957896520503      0.11068158619231347        1.000566602428917       2.8713394348334726       9.8183989741477227   2.1114020016816427e-09      0.11068158619231347       494.01622193783891       5.7934714303969193       5.7934714303969193       3026.5635976258704                                                 2519.6528015200529                                              12.894574167978796        20.731594098199935               390.68392032333782                          72.809784159655166                      9.7909233566459513
                       1       1518.5705389815041     0.022636712938947087      0.11615695582130105       68.203599860006435       3.0499372756023111      0.98162917760044976      0.06130957896520503      0.11068158619231347        1.000566602428917       1.9743815684687935       9.3241332313996814   2.1114020016816427e-09      0.11068158619231347       494.01622193783891       5.7934714303969193       5.7934714303969193       3025.5541351022143                                                 2518.6433389963968                                              12.894574167978796        20.731594098199935               390.68392032333782                          72.809784159655166                      9.7909233566459513
                       4       1517.3529643369827     0.022746422808031262      0.11589753472999599       69.047209900447442       3.0537121088870975      0.97936078050353426     0.064049914464609545     0.038476249510303054       1.0001656242314181       1.9708981133587664       9.4120926423531586    2.119387254251686e-09     0.038476249510303054       493.12889743782017       5.7934714303969193       5.7934714303969193       3023.1189858131715                                                 2519.2523302506943                                              10.737758124657558        21.150198946813759               391.25125928313537                          72.104238438813951                      8.6232007690570462
                       8       1517.5548764849966     0.022755996872659289      0.11604069921149557        69.13987553048274       3.0543783674302696      0.97914495516815181     0.064367582828603234     0.022963172015605257       1.0000188966551142       1.9711166872739645       9.3840394311135018   2.1207997846190814e-09     0.022963172015605257       493.08102134244177       5.7934714303969193       5.7934714303969193       3023.5228101091993                                                 2519.5052320502609                                              10.936556716496433        21.201008037311055                391.3272079805339                          72.165455671396828                      8.3873496531999994
                       1        1517.575532663034     0.022756513437577158      0.11601654786744781       69.145951264641539       3.0543665516400771      0.97906717157957912     0.064334129699091733     0.023482732521303038       1.0000816445518292       1.9709123084875491       9.3897290464971519   2.1207747258418314e-09     0.023482732521303038       493.06667106972913       5.7934714303969193       5.7934714303969193       3023.5641224652741                                                 2519.5317871079114                                              10.965664287633578        21.210777786544213                 391.324402008645                          72.127287576839322                       8.404203697700618
                       3       1518.1978299620905     0.022791191975651513      0.11550447160818963       69.043641720530516       3.0500141239773528       0.9814618718168836     0.065171376461908084     0.054777706612581037      0.99743311075234098       1.9739455344150911        9.605811935426507    2.111564265729316e-09     0.054777706612581037       494.72679946354725       5.7934714303969193       5.7934714303969193       3024.8087170633871                                                 2519.2827484753743                                              10.799169124466133        20.910654950995422               391.57684493692545                          72.921238873888484                      9.3180607017379238
                       1       1517.6083905139023     0.022768280928421869      0.11561753103657466         68.9716886509989       3.0479517011642332      0.98064714653115947     0.063888631570234763     0.055188479887598348      0.99761555749454811       1.9729140036178987        9.669342329934981   2.1072138151926098e-09     0.055188479887598348       494.32835200347381       5.7934714303969193       5.7934714303969193       3023.6298381670108                                                 2518.6615832099305                                              10.639902953606981        20.974584332617326               391.19962477689864                           72.75459263596187                      9.3995502579960242
                       2       1517.6799434055235     0.022768280928421869      0.11561753103657466         68.9716886509989       3.0479517011642332      0.98064714653115947     0.063888631570234763     0.055188479887598348      0.99761555749454811       2.1954909371043039       9.5737725170435173   2.1072138151926098e-09     0.055188479887598348       494.32835200347381       5.7934714303969193       5.7934714303969193       3023.7729439502532                                                 2518.8046889931725                                              10.639902953606981        20.974584332617326               391.19962477689864                           72.75459263596187                      9.3995502579960242
                       1       1517.9260712397977     0.022867690667237955      0.11571099898687864       69.009458152925632       3.0456869867904883      0.98213847399611309     0.062851026820613914     0.063808617646190183      0.99696811051759704       2.1999820695950225        9.403746084804018   2.1024469775770206e-09     0.063808617646190183       494.50580896770134       5.7934714303969193       5.7934714303969193       3024.2651996188015                                                 2519.1583121209005                                              10.601078530199974        20.824564796032632               390.85859252803505                          73.172656239116392                       9.649995404517254
                       2       1517.9472732924849     0.022867690667237955      0.11571099898687864       69.009458152925632       3.0456869867904883      0.98213847399611309     0.062851026820613914     0.063808617646190183      0.99702080482770905       2.1999820695950225        9.403746084804018   2.1024469775770206e-09     0.063808617646190183       494.54821307307532       5.7934714303969193       5.7934714303969193       3024.3076037241758                                                 2519.1583121209005                                              10.601078530199974        20.820142523095683               390.85859252803505                          73.194349098694204                      9.6751289232503854
                       1       1518.3408873741917     0.022867690667237955      0.11571099898687864       69.009458152925632       3.0456869867904883      0.98213847399611309     0.062851026820613914     0.063808617646190183      0.99702080482770905        2.330275320298639       9.3027441473621391   2.1024469775770206e-09     0.063808617646190183       494.54821307307532       5.7934714303969193       5.7934714303969193       3025.0948318875894                                                 2519.9455402843141                                              10.601078530199974        20.820142523095683               390.85859252803505                          73.194349098694204                      9.6751289232503854
                       2        1516.934346926161     0.022867690667237955      0.11571099898687864       69.009458152925632       3.0456869867904883      0.98213847399611309     0.062851026820613914     0.063808617646190183      0.99702080482770905       2.3185884402794952       9.6981893756902711   2.1024469775770206e-09     0.063808617646190183       494.54821307307532       5.7934714303969193       5.7934714303969193        3022.281750991528                                                 2517.1324593882532                                              10.601078530199974        20.820142523095683               390.85859252803505                          73.194349098694204                      9.6751289232503854
                       1       1516.6926944624859     0.022749025915565116      0.11569906133073923       69.315522131460639       3.0412537947135743      0.98405034905317812     0.059029646622091744     0.039566038579597437      0.99871354207904894       2.3164651119830597       9.6484828849212825   2.0931470556949866e-09     0.039566038579597437       493.03607954264089       5.7934714303969193       5.7934714303969193       3021.7984460641778                                                 2516.6642679030842                                              12.098098618452683        20.564230310272364               390.34182226924179                          72.284801941866434                      9.8452250212603172
                       1       1516.8392859516559     0.022749025915565116      0.11569906133073923       69.315522131460639       3.0412537947135743      0.98405034905317812     0.059029646622091744     0.039566038579597437      0.99721939334630938       2.3164651119830597       9.6484828849212825   2.0931470556949866e-09     0.039566038579597437       493.32926252098105       5.7934714303969193       5.7934714303969193        3022.091629042518                                                 2516.6642679030842                                              12.098098618452683        20.676364425936185               390.31300757560132                          73.163834319225941                      9.1760562002175963
                       2        1515.528040916344      0.02252749371185497       0.1157309562753433       68.874820606120664       3.0385401364854294      0.98056282100085557     0.056302479604702811     0.055101039955047268      0.99929910232849162       2.3079554677294967       9.9875803612779954   2.0874746699036963e-09     0.055101039955047268       493.81534578645233       5.7934714303969193       5.7934714303969193       3019.4691389718942                                                 2515.0215063765459                                              10.632286808895953        20.908757133743677               390.32386269355237                          72.860831538440166                      9.7218944207161506
                       2       1515.4741584219703     0.022514246741029739      0.11579076553052745       68.869836276240505       3.0405746031965895      0.98013915807761354     0.056955067294469607     0.052177316267743828      0.99967255429791013       2.3071201378451147       9.9763081301440604   2.0917258906472116e-09     0.052177316267743828       493.34312020038197       5.7934714303969193       5.7934714303969193       3019.3613739831467                                                 2515.3992016223369                                              10.619052160427021        20.966353874526192               390.27139608460709                          72.661119412143549                      9.4442508291051634
                       2        1516.191733375161     0.022496775843401387      0.11570400904241085       69.112103812242083        3.037593776678611      0.98167352204786129     0.056475313452583178     0.010878069399413666      0.99884464142699148       2.3095992580828777       9.8333510909865787    2.085500102251447e-09     0.010878069399413666       494.39451648598282       5.7934714303969193       5.7934714303969193       3020.7965238895281                                                 2514.7874967816592                                               11.61451062188616        20.778011773083279               390.38519571860115                           74.32185773230232                      8.9094512619960984
                       9       1516.5528110860635     0.022496775843401387      0.11570400904241085       69.112103812242083        3.037593776678611      0.98167352204786129     0.056475313452583178     0.010878069399413666       1.0010778567248377       2.3095992580828777       9.8333510909865787    2.085500102251447e-09     0.010878069399413666        495.1166719077878       5.7934714303969193       5.7934714303969193        3021.518679311333                                                 2514.7874967816592                                               11.61451062188616        20.602956476343877               390.40378966408991                          74.255326494099364                      9.8545992732545944
                       1       1515.9375633813293     0.022496775843401387      0.11570400904241085       69.112103812242083        3.037593776678611      0.98167352204786129     0.056475313452583178     0.010878069399413666       1.0000540340681847       2.3095992580828777       9.8333510909865787    2.085500102251447e-09     0.010878069399413666       493.88617649832003       5.7934714303969193       5.7934714303969193       3020.2881839018646                                                 2514.7874967816592                                               11.61451062188616         20.68122208279982               390.37751232538642                          73.455146065816436                      9.3722960243173148
                       3       1516.1990511818894     0.022557279998503457      0.11562651989541022       69.143773652971802       3.0369284010823048      0.98314087925030147     0.056828453330679103     0.012133382002380353      0.99923413162318298       2.3132818130372264       9.6917199645195282   2.0841129229261286e-09     0.012133382002380353       494.54760869400781       5.7934714303969193       5.7934714303969193        3020.811159502985                                                 2514.6268532920858                                              11.636697516891267        20.556424261432596               390.39559137804912                          74.232460823274053                      9.3631322312520311
                       3       1516.2381886362925     0.022557365992087235      0.11565194711608559       69.152221763642402        3.037208995741167      0.98286667701152697     0.056737466480927375    0.0091731577430382467       0.9994616665919428       2.3130556776674873       9.6677166229201692   2.0846977959330505e-09    0.0091731577430382467       494.36560746966916       5.7934714303969193       5.7934714303969193       3020.8894344117912                                                 2514.8636392155245                                              11.660187726597353        20.581350197957306               390.39982224419919                          74.089179689971118                      9.2952553375415352
                      11        1515.333204359649     0.022557365992087235      0.11565194711608559       69.152221763642402        3.037208995741167      0.98286667701152697     0.056737466480927375    0.0091731577430382467       0.9994616665919428       2.1690695681817331       9.9282613082777296   2.0846977959330505e-09    0.0091731577430382467       494.36560746966916       5.7934714303969193       5.7934714303969193       3019.0794658585041                                                 2513.0536706622374                                              11.660187726597353        20.581350197957306               390.39982224419919                          74.089179689971118                      9.2952553375415352
                       3       1515.6401887849097     0.022611719802305197      0.11554494974388796       69.169829260665139       3.0338207466425957      0.98341292528848601     0.055373369207782505     0.016316381303099873      0.99905162554447036       2.1710603641089361       9.8806739155668524    2.077646273408697e-09     0.016316381303099873       495.10540283191932       5.7934714303969193       5.7934714303969193       3019.6934347090255                                                 2512.9253858878687                                              11.662645989237239        20.527465288570795               390.64177427185774                           74.22354374262008                      9.7126195288706576
                      10        1517.625822843042     0.022605681479813195      0.11610122941161057       68.873034821439873       3.0366466189188381      0.99012112241952066     0.057351352216666318     0.043586719696405415      0.99718717638489274       2.1814947393206552       9.5290468155058736   2.0835257398105469e-09     0.043586719696405415       499.94592255251439       5.7934714303969193       5.7934714303969193       3023.6647028252901                                                 2513.2355114070083                                              10.483268865766904        20.088838110930965               390.55486916825305                          80.136888462680332                      9.1653268106500967
                       2       1519.9563482790957     0.023125038933537154      0.11640795352038599       69.073359590436908       3.0378856271582344      0.98713619015559362     0.061445499325800311     0.056143956427579703      0.99222030886611146       2.1905947640584205       9.5473986049928694   2.0861088452831957e-09     0.056143956427579703       497.59149703685966       5.7934714303969193       5.7934714303969193       3028.3257536973974                                                 2520.0531139584264                                              10.681142702111242        20.459180792774021               390.54950366625724                          77.636980059972757                      8.9458325178556279
                       2       1520.7522924060195     0.023135399698814139      0.11617048393225324       69.384136148544229       3.0525458888823986      0.98381390700604865     0.066352691851780415     0.028964291039971148      0.99541841812621767       2.1843349076349594       9.3618866696381069     2.11691702313452e-09     0.028964291039971148       497.82346649827548       5.7934714303969193       5.7934714303969193       3029.9176419512451                                                  2521.037834513324                                              11.056340939645642        20.856470588703075               391.81733350463378                          76.853536604149753                      8.2961258007888912
                       9       1522.4100935566764     0.023258887107813618      0.11558219090013377       69.532855759608665       3.0491142239087097      0.98389776158478515     0.063453620329796789     0.055504602531308886      0.99696229286833482       2.1850950749305023       9.1685945876342672   2.1096649236388576e-09     0.055504602531308886       498.97874354039755       5.7934714303969193       5.7934714303969193        3033.233244252559                                                  2522.543131403349                                              11.711369308812651        20.818678382747464               390.85714085480328                          78.079211889617483                      9.2237124132293236
                       8       1521.8370318300335     0.023240266724045597      0.11553186400390086       69.495241473657714       3.0471893312331937      0.98365705142907589     0.062371704636204894     0.057928290930143234      0.99719112730885562       2.1844776023934851       9.1945444492530051   2.1056079509507199e-09     0.057928290930143234       498.78729842515213       5.7934714303969193       5.7934714303969193       3032.0871207992732                                                 2521.6977825288327                                              11.602039845288143        20.812638957800289               390.61728232464031                          77.890704655829992                      9.4666724868815244
                       2       1521.8678822982181     0.023240650385474269      0.11552118572753101        69.50471359518717       3.0472167178129186      0.98366947116774117      0.06236381738836802      0.05779129069103469       0.9972244114707457        2.184414173789861       9.1942611459060881   2.1056656171403747e-09      0.05779129069103469       498.75733386511484       5.7934714303969193       5.7934714303969193       3032.1488217356423                                                 2521.7362272123696                                              11.655260658157976        20.811902229667908               390.61728232464031                          77.849222470421964                      9.4789268403846325
                       5       1519.0823275511175      0.02310092657689777      0.11573479343285546       69.326147240682005       3.0444572942973682      0.98018432140495193     0.060179215733325443     0.061552611917663716      0.99824673446180712       2.1765417379968861       9.6330228799879638   2.0998632032610376e-09     0.061552611917663716       496.62387820689713       5.7934714303969193       5.7934714303969193       3026.5777122414411                                                 2518.8640091476591                                              11.089824886885005        21.135798448726121               390.28600125723102                          75.320435849916976                      9.8816426510230002
                       6       1519.0997927783119     0.023096215946296517      0.11572540429751908       69.311880118898557       3.0455017650629048      0.97990417044038025     0.060509049367518601     0.063159861835929532      0.99849113842479975       2.1759639313331993       9.6347153160802179   2.1020575947778712e-09     0.063159861835929532       496.63440701959598       5.7934714303969193       5.7934714303969193       3026.6126426958299                                                 2518.9266811053826                                                11.0515545708513        21.173233525050364               390.32873369174661                          75.272742743845285                      9.8596970589537118
                       3       1519.5217970819315     0.023096215946296517      0.11572540429751908       69.311880118898557       3.0455017650629048      0.97990417044038025     0.060509049367518601     0.063159861835929532      0.99707666413299734       2.1759639313331993       9.6347153160802179   2.1020575947778712e-09     0.063159861835929532       497.47841562683561       5.7934714303969193       5.7934714303969193       3027.4566513030691                                                 2518.9266811053826                                                11.0515545708513        21.312376393803845               390.33016642791989                          76.605330758491178                      9.2305420466207071
                       4       1520.0910866336453     0.023107899546891943      0.11567047803764971       69.057943829366309         3.04742735189159      0.97984122435912357     0.061683441069800893     0.092932042317607821      0.99688240679511475       2.1764882753472112       9.6652981716658637   2.1061091887916436e-09     0.092932042317607821       498.68516379469014       5.7934714303969193       5.7934714303969193       3028.5952304064967                                                 2519.3459662992327                                              10.564100312573714        21.311988943953963               390.53454546390316                          77.091951507623293                      9.7466778792096935
