#                 weight             minuslogpost                 omegabh2                 omegach2                       H0                     logA                       ns                      tau               mnu_sample                 A_planck               TT_tSZ_Amp               TT_kSZ_Amp                       As                      mnu                chi2__CMB            minuslogprior         minuslogprior__0                     chi2 chi2__sbt_spt_audit.likelihoods.candl_cobaya.CandlCobayaLikelihood chi2__sbt_spt_audit.likelihoods.desi_dr2_bao.DESIDR2BAOGaussian chi2__planck_2018_lowl.TT chi2__planck_2018_lowl.EE_sroll2 chi2__planck_2018_highl_plik.TT_lite_native chi2__planckpr4lensing.PlanckPR4Lensing
                       1       946.54618993533495     0.022257686496180942      0.11741504519682935       68.607223304939311       3.0452240467591816       0.9635776063771182     0.055352485792800783     0.023923767995487503       1.0045049069600074       1.3864570588108429       2.4494299422586745   2.1014738959639949e-09     0.023923767995487503       490.06094066135756       5.7934714303969193       5.7934714303969193        1881.505437009876                                                 1381.1171700034763                                              10.327326345042138        23.553995383547147               390.01187874780567                          67.464238056938612                      9.0308284730661761
                       4       946.64216245715534     0.022257686496180942      0.11741504519682935       68.607223304939311       3.0452240467591816       0.9635776063771182     0.055352485792800783     0.023923767995487503       1.0047154205507669       1.3864570588108429       2.4494299422586745   2.1014738959639949e-09     0.023923767995487503       490.25288570499833       5.7934714303969193       5.7934714303969193       1881.6973820535168                                                 1381.1171700034763                                              10.327326345042138         23.52156617581943               390.01187874780567                          67.613359126429202                      9.1060816549440542
                       3       948.84058162240819     0.022186557237240039      0.11689965943025298       68.785597571610907        3.041599874147483      0.96869402324000764     0.056476113861432614     0.026679098019229613       1.0020610669534007       1.4282616488611322       2.4878237912441152   2.0938715762067018e-09     0.026679098019229613       490.64937078692481       5.7934714303969193       5.7934714303969193       1886.0942203840225                                                 1384.8300778919761                                              10.614771705121754        22.527073508327703               390.10148827308672                          68.115474512640347                      9.9053344928700433
                       3        949.5940985354456     0.022141685081157651      0.11755550536694619       68.604755966408732        3.037451230983967      0.96913458470905578     0.054258435963637566     0.020597102632620282       1.0013027552705596       1.4627469747286002       2.4529294714852754   2.0852028443776098e-09     0.020597102632620282       491.16452485672926       5.7934714303969193       5.7934714303969193       1887.6012542100973                                                 1386.1571099818793                                              10.279619371488868        22.393490821157059               390.26082607737186                          69.045713687621898                      9.4644942705784256
                       4       947.79021938798269     0.022136844031011006      0.11723233815866022       68.609533610807929       3.0466931186381876      0.96542573198247694     0.056397000092149138     0.032327553139201326       1.0045983886838394       1.4333571758685146       2.5064332420683373   2.1045633809511421e-09     0.032327553139201326       490.29583560268424       5.7934714303969193       5.7934714303969193       1883.9934959151715                                                 1383.4035645004292                                              10.294095812058034         23.13422278509131               390.00991996063635                          67.758999034409698                       9.392693822546855
                       4       948.25607130959804     0.022141336327027732      0.11725889261284436       68.613846877939508       3.0509022455576869      0.96819470787722772     0.059326791709795455     0.034106515534517282       1.0034142707597851       1.4541920818898126       2.3248059503999281   2.1134404245272107e-09     0.034106515534517282       490.36157672274726       5.7934714303969193       5.7934714303969193       1884.9251997584022                                                 1384.2673726900662                                               10.29625034558901        22.712065026426444               390.33990913836993                           68.35594665644939                      8.9536559015015147
                       1       948.38023382148731     0.022110685005134887      0.11725629240918092       68.654898597708836       3.0533745321634371      0.96818207024634628     0.060540590452521803      0.02063146657643801       1.0036848561312632       1.4570486390916961       2.3321374346242805    2.118671919193254e-09      0.02063146657643801       490.69818890824899       5.7934714303969193       5.7934714303969193       1885.1735247821807                                                 1384.1302298525059                                              10.345106021425975         22.72507859784713               390.59770250230429                          68.730718978615897                      8.6446888294816358
                       6       951.22683583810817     0.022087603224037623      0.11800357862910445       68.523069846264534       3.0713216043252163       0.9595496896142901     0.064846917253716732     0.002974395845525158       1.0085458134792453       1.4124627133007037       2.4944484487717102   2.1570391367994406e-09     0.002974395845525158       493.42161949155383       5.7934714303969193       5.7934714303969193       1890.8667288154224                                                 1387.0799473608124                                              10.365161963055868        24.756897614414299               392.31377074254596                           68.03244352563361                      8.3185076089599796
                       4       951.24358784566323     0.022077447464897093      0.11788080607674178       68.510740026918413       3.0719688465778385      0.95905542953448475     0.064785333799931247    0.0071335536051822012       1.0091465903387429       1.4090592157073287       2.5117460103130163   2.1584357155829815e-09    0.0071335536051822012       493.60646307381137       5.7934714303969193       5.7934714303969193       1890.9002328305326                                                 1386.9410734749245                                                10.3526962817966        24.858664695723974                392.3004920338002                          68.165112874991635                      8.2821934692955974
                       6       952.07681828034515     0.022045615102621614      0.11803966435651125       68.442780236627058       3.0727238518184459      0.95749935554586096     0.064400320535551878    0.0075716448899733058       1.0099056966578712       1.4089716299607549       2.5990582502489632   2.1600659612043131e-09    0.0075716448899733058       494.01304946106302       5.7934714303969193       5.7934714303969193       1892.5666936998964                                                 1388.0860157203035                                              10.467628518529889        25.221220194572822                392.1761786767118                          68.294376635313213                      8.3212739544652212
                       1       951.91813711997099     0.022045615102621614      0.11803966435651125       68.442780236627058       3.0727238518184459      0.95749935554586096     0.064400320535551878    0.0075716448899733058       1.0095461050837813       1.4089716299607549       2.5990582502489632   2.1600659612043131e-09    0.0075716448899733058       493.69568714031465       5.7934714303969193       5.7934714303969193       1892.2493313791481                                                 1388.0860157203035                                              10.467628518529889        25.287279837741664               392.14996123853723                           67.88866904967017                      8.3697770143655728
                       3        950.5844046731055     0.022045615102621614      0.11803966435651125       68.442780236627058       3.0727238518184459      0.95749935554586096     0.064400320535551878    0.0075716448899733058       1.0095444645167262       1.3735644927113708       2.2823893492990344   2.1600659612043131e-09    0.0075716448899733058        493.6947699199693       5.7934714303969193       5.7934714303969193       1889.5818664854171                                                 1385.4194680469179                                              10.467628518529889        25.287582011727579               392.14996123853723                          67.887205967553598                       8.370020702150887
                       5       950.05492824811199       0.0220462870181709      0.11803719759962429       68.486618855452221       3.0694132271435697      0.95757959063121745     0.063019334035058161    0.0020450781284078396       1.0093073641969177       1.3750439849539617        2.316802658685853   2.1529266178975862e-09    0.0020450781284078396       492.96626120570522       5.7934714303969193       5.7934714303969193       1888.5229136354301                                                  1385.169514638254                                               10.38713779147105        25.194375845533727                391.5796874003068                          67.910314640049151                      8.2818833198155737
                       2       950.61848775018098     0.021968279530297674      0.11812055491843339       68.252145475728028       3.0651232790778131      0.95754044343435352      0.06116596377127969     0.022066812996675445       1.0088095760248741       1.3890187842109483       2.4781124417345026   2.1437104570773118e-09     0.022066812996675445       491.99806168500959       5.7934714303969193       5.7934714303969193       1889.6500326395681                                                 1386.7295610673132                                              10.922409887245287        25.085782637009117               390.97775710627565                          67.678713392592542                      8.2558085491322863
                       7       948.27394336166799     0.022009057972391517      0.11790209352595787       68.271799239012282       3.0592824777094578      0.96388791488068781     0.060721272008726575      0.03145968410114415       1.0057270058246954       1.4272534939370347       2.1508594456825545   2.1312259653168445e-09      0.03145968410114415       491.00054304985753       5.7934714303969193       5.7934714303969193       1884.9609438625421                                                 1383.1234857566672                                              10.836915056017524        23.616132679171869               390.72959783641062                          68.327433023851512                      8.3273795104235386
                       2       948.57315859759603     0.022009057972391517      0.11790209352595787       68.271799239012282       3.0592824777094578      0.96388791488068781     0.060721272008726575      0.03145968410114415       1.0047666227293337       1.4272534939370347       2.1508594456825545   2.1312259653168445e-09      0.03145968410114415       491.59897352171362       5.7934714303969193       5.7934714303969193       1885.5593743343982                                                 1383.1234857566672                                              10.836915056017524        23.767114515739308               390.74931443688098                          68.777428488906779                      8.3051160801865649
                       1        947.9383966518335     0.022038831065332918      0.11774497250557354       68.314754794184608       3.0596407811733801      0.96479116995567016     0.061490980983133818     0.032404904286766664       1.0042514066629793       1.4193517425890612       2.1014494956091223   2.1319897277838165e-09     0.032404904286766664       491.51735296066022       5.7934714303969193       5.7934714303969193       1884.2898504428731                                                 1382.0764374533596                                              10.696060028853214        23.607655808796892               390.93787148503037                          68.681222770269358                      8.2906028965636214
                       3       947.66236567561805     0.022002954913222589      0.11768232836603131       68.200510729841554       3.0503006325570907      0.96643851662686397     0.056403875392476224     0.044038025600802479       1.0044407931374411       1.4583904193218566       1.9670328179920706   2.1121693336825563e-09     0.044038025600802479       491.81355047095343       5.7934714303969193       5.7934714303969193       1883.7377884904422                                                 1380.9120418215864                                              11.012196197902218        23.067714685276599               390.05194787870499                          70.206802267044978                      8.4870856399268568
                       1       947.17553249773232      0.02198973408814733      0.11752931115060715       68.504892233708901       3.0495847721457681      0.96476504750815695      0.05506801986713538     0.016244652476159329       1.0061408730094332       1.4612886716829254       2.0405888667855185   2.1106578563425053e-09     0.016244652476159329       490.99351316421235       5.7934714303969193       5.7934714303969193       1882.7641221346707                                                 1381.4882646894118                                              10.282344281046601        23.343631005701582               390.05538516253131                          69.113908069886932                      8.4805889260925369
                       4       947.88980468743057     0.021926425483654009      0.11772113687686718       68.336558820299629       3.0539245797756793      0.96239689567425246     0.055850338578254936     0.014473822757748635       1.0076998231577545       1.4559276066339266       2.1237089099926587   2.1198376101869146e-09     0.014473822757748635        491.0731670187713       5.7934714303969193       5.7934714303969193       1884.1926665140672                                                 1382.6550273612584                                              10.464472134037633         23.82532910537401               389.99616778939526                          68.949995122214531                      8.3016750017874692
                      11       948.16081230844009     0.021965635759597927      0.11826635813792655       68.302780572199396       3.0608290244620151      0.96041337387254844     0.058947908225781949    0.0010377463464465303       1.0075891156337669       1.4325228987069043       2.1587570114003221   2.1345245559673343e-09    0.0010377463464465303       491.04545231238546       5.7934714303969193       5.7934714303969193       1884.7346817560863                                                  1382.843045586108                                              10.846183857592965        24.437660785576497               390.33360361514048                          67.880327908071919                      8.3938600035965596
                       1       948.48778051421198     0.021965635759597927      0.11826635813792655       68.302780572199396       3.0608290244620151      0.96041337387254844     0.058947908225781949    0.0010377463464465303       1.0075813993472227       1.4590981428575782       2.2589772992460064   2.1345245559673343e-09    0.0010377463464465303       491.05165128593461       5.7934714303969193       5.7934714303969193       1885.3886181676301                                                 1383.4907830241027                                              10.846183857592965        24.438975944156368               390.33360361514048                          67.884238207619461                      8.3948335190182704
                       2         948.081503330641     0.022022624385897374      0.11774143247727135       68.376510322155596       3.0640353700397975      0.96073018791162756     0.060399064649650024     0.018845918384498048       1.0081768543188385        1.438215344785005       2.1721091286114613   2.1413795632263059e-09     0.018845918384498048       491.25199821088154       5.7934714303969193       5.7934714303969193       1884.5760638004881                                                  1382.808799132926                                              10.515266456680521        24.446258587198656               390.64786694546751                          67.891692846905926                      8.2661798313094632
                      11       948.19262850536404     0.022022624385897374      0.11774143247727135       68.376510322155596       3.0640353700397975      0.96073018791162756     0.060399064649650024     0.018845918384498048       1.0079793901694112        1.438215344785005       2.1721091286114613   2.1413795632263059e-09     0.018845918384498048       491.47424856032768       5.7934714303969193       5.7934714303969193       1884.7983141499342                                                  1382.808799132926                                              10.515266456680521        24.480003100000147               390.63611394549099                           68.07711552213226                      8.2810159927042815
