#                 weight             minuslogpost                 omegabh2                 omegach2                       H0                     logA                       ns                      tau               mnu_sample                 A_planck               TT_tSZ_Amp               TT_kSZ_Amp                       As                      mnu                chi2__CMB            minuslogprior         minuslogprior__0                     chi2 chi2__sbt_spt_audit.likelihoods.candl_cobaya.CandlCobayaLikelihood chi2__sbt_spt_audit.likelihoods.desi_dr2_bao.DESIDR2BAOGaussian chi2__planck_2018_lowl.TT chi2__planck_2018_lowl.EE_sroll2 chi2__planck_2018_highl_plik.TT_lite_native chi2__planckpr4lensing.PlanckPR4Lensing
                       3       950.54274550649473     0.022262715959038774      0.11709952132985002       68.335126456080943       3.0453438469439926      0.95624403272415992     0.053834427210219929     0.064580820703483491       1.0062642700885083       1.3700180202251091       2.5820651910618153   2.1017256680059747e-09     0.064580820703483491       496.34015825016593       5.7934714303969193       5.7934714303969193       1889.4985481521956                                                 1382.2533256898842                                              10.905064212145648        25.267630633147007                389.9084234631963                          70.848833723857666                      10.315270429964908
                       3       948.11846642945704     0.022305609229422457      0.11753109412652214       68.190230611082796       3.0439338576826787      0.96080420717993786     0.054583602339556087     0.064132207957848061       1.0036884076302055       1.3598747120785299       2.2909601931051156   2.0987643455908701e-09     0.064132207957848061       491.93819123482552       5.7934714303969193       5.7934714303969193       1884.6499899981202                                                 1380.5163934838283                                              12.195405279466588        24.233907050946868               389.92496857452699                          68.377353957850659                      9.4019616515010558
                       3       948.35797679286475     0.022373352763292775      0.11736719724532652       68.377216055363021       3.0455550840225536      0.96189271153130151     0.056202407848728458     0.056596774638385451       1.0029304019246614       1.3540228838662101       2.2160100045678317   2.1021696772899816e-09     0.056596774638385451       491.92542939485855       5.7934714303969193       5.7934714303969193       1885.1290107249356                                                 1381.9801195682153                                              11.223461761861628        24.095277328748239               389.92208971656584                          68.648778061919856                      9.2592842876246184
                       1       947.05550996555462     0.022336925138663293      0.11726494581370887       68.419589732621446       3.0460358369839171      0.96346261264924693     0.056485684937740699     0.048246007088873388       1.0030288967850205       1.3502073666213326       2.1463865175342733    2.103180544556874e-09     0.048246007088873388       490.93606257717863       5.7934714303969193       5.7934714303969193       1882.5240770703153                                                 1380.6760968230876                                              10.911917670049192         23.72789430400536               389.97934054185356                          68.187734900172742                      9.0410928311469458
                       7       947.88272936946578     0.022350596828783639      0.11748022027695187       68.236926902574268       3.0505666308163351      0.96366978033022732     0.058621028587660107     0.059637440955006601       1.0028420634880804       1.3355928205198555       2.0623315834078531   2.1127312417785195e-09     0.059637440955006601       490.72073993407724       5.7934714303969193       5.7934714303969193       1884.1785158781377                                                 1381.3593523426546                                              12.098423601405893        23.753625479157733               390.19997203956189                          68.060259392467756                      8.7068830228899063
                       1       948.37737160955726     0.022350596828783639      0.11748022027695187       68.236926902574268       3.0505666308163351      0.96366978033022732     0.058621028587660107     0.059637440955006601       1.0028454551528305       1.3202099137985106       2.3001469224907272   2.1127312417785195e-09     0.059637440955006601       490.71960458514474       5.7934714303969193       5.7934714303969193       1885.1678003583206                                                 1382.3497721717699                                              12.098423601405893        23.753088241107264               390.19997203956189                          68.058758676367887                      8.7077856281077448
                       4       948.27727337215742      0.02232926759053263      0.11738911300089309       68.213585021399155       3.0507571970923677      0.96454832470554863     0.059076224961115198     0.064299022133103567       1.0026075927627656       1.3221257386056362        2.301763497702574   2.1131338954684119e-09     0.064299022133103567       490.45872182335546       5.7934714303969193       5.7934714303969193        1884.967603883521                                                 1382.4360857109314                                              12.072796349234061        23.549750082240394               390.28716075540564                          67.809551162148622                      8.8122598235608116
                       1       948.29012260134493      0.02232926759053263      0.11738911300089309       68.213585021399155       3.0507571970923677      0.96454832470554863     0.059076224961115198     0.064299022133103567       1.0031429082547425       1.3221257386056362        2.301763497702574   2.1131338954684119e-09     0.064299022133103567       490.48442028173071       5.7934714303969193       5.7934714303969193        1884.993302341896                                                 1382.4360857109314                                              12.072796349234061        23.467304723390953               390.27462996086689                          67.761412071078723                      8.9810735263941179
                       2       946.88214552580212     0.022266809710345861       0.1175287391870846       68.279435096992245       3.0534195504628578      0.96415786782079371     0.059355844904663203     0.048913360143621312       1.0042810055332312       1.3222549473344964       2.3193063607723472   2.1187673003470189e-09     0.048913360143621312       490.10167584972947       5.7934714303969193       5.7934714303969193       1882.1773481908103                                                 1380.5755557214959                                              11.500116619584968        23.549755132467453               390.37506104147701                          67.588683254551327                      8.5881764212336886
                       1       947.01534096225805     0.022318586645643432      0.11755365807921533       68.294568777629323       3.0504752417754122      0.96411795016543345     0.058012237701829991     0.052701630074669131       1.0039183802001768       1.3264610375179056       2.2772138458246447   2.1125381701190571e-09     0.052701630074669131       490.04048483202979       5.7934714303969193       5.7934714303969193       1882.4437390637222                                                   1380.79548288607                                              11.607771345622183        23.549541446466151               390.13617661617832                          67.580873483858568                      8.7738932855267482
                       1       945.81401445516144     0.022232305076138513      0.11745622412745868       68.544459949106425       3.0420950813471479      0.96846544877261009     0.054815938416570828     0.022927219072270438       1.0028971324090172       1.3503355723765089       2.2179022287986538   2.0949087332690406e-09     0.022927219072270438        489.6673126299076       5.7934714303969193       5.7934714303969193        1880.041086049529                                                 1379.9664504273474                                              10.407322992274237        22.569642789333386                390.1600489509882                          68.051933214468463                      8.8856876751175378
                       7       945.70652456824314     0.022222753721123978      0.11769148679637499       68.473104953196511       3.0416208795122208      0.96713686496298934     0.053828134193135063     0.013705940838433571       1.0034002283254326       1.3427569588433486       2.2187459623422985   2.0939155592048125e-09     0.013705940838433571       489.56488783519279       5.7934714303969193       5.7934714303969193       1879.8261062756924                                                 1379.5862758003482                                              10.674942640151363        22.795722196849283               390.22490169746487                          67.923084990425806                      8.6211789504528014
                       1       946.77973921366106     0.022222753721123978      0.11769148679637499       68.473104953196511       3.0416208795122208      0.96713686496298934     0.053828134193135063     0.013705940838433571       1.0013605078194447       1.3427569588433486       2.2187459623422985   2.0939155592048125e-09     0.013705940838433571       491.71131712602875       5.7934714303969193       5.7934714303969193       1881.9725355665282                                                 1379.5862758003482                                              10.674942640151363        23.085221930856221               390.19308125680521                          70.130512697946003                      8.3025012404212859
                       2       945.77719252897691     0.022222753721123978      0.11769148679637499       68.473104953196511       3.0416208795122208      0.96713686496298934     0.053828134193135063     0.013705940838433571       1.0025951616757185       1.3427569588433486       2.2187459623422985   2.0939155592048125e-09     0.013705940838433571       489.70622375666034       5.7934714303969193       5.7934714303969193       1879.9674421971599                                                 1379.5862758003482                                              10.674942640151363        22.908524856968882               390.21371601464796                          68.127292363506825                       8.456690521536725
                       2       945.93322094814823     0.022154108258084233      0.11767934271434979       68.399320217793161       3.0422694327200985      0.96692514872284718     0.053779991273142591     0.013890740837705048       1.0031807841749885       1.3436123042691372       2.2773669217712662    2.095274015325681e-09     0.013890740837705048        489.9951519072057       5.7934714303969193       5.7934714303969193       1880.2794990355026                                                 1379.5108492257111                                              10.773497902585401        22.900990440734063               390.20239952310197                          68.450485214429108                      8.4412767289406005
                       2       945.74829402122748     0.022152968947608546       0.1177584595117616       68.332819405244365       3.0435402092966966      0.96524785829633897     0.053498741576354744     0.025831386101485262       1.0041254551391643       1.3489338722538977       2.3305318307376792   2.0979383329836029e-09     0.025831386101485262       489.94543542421439       5.7934714303969193       5.7934714303969193       1879.9096451816611                                                 1378.9556423762156                                              11.008567381231183        23.226666199069143               390.21008240673387                          67.987418568438386                       8.521268249973005
                       2       945.44638472174449     0.022144931989194195      0.11795702209008921       68.310644656743008       3.0443280173460954      0.96455726470668623     0.053487168160447608     0.020212938805914026       1.0043405980713169       1.3469317323920733       2.3432884218076797   2.0995917568942873e-09     0.020212938805914026       489.68669060390886       5.7934714303969193       5.7934714303969193       1879.3058265826951                                                 1378.4161252171211                                              11.203010761665045        23.379036697424851               390.15534203474914                          67.752572906930055                      8.3997389648048237
                       5       945.54953431620811      0.02213630068669124      0.11781465701656427       68.418338504575416       3.0427403628272178      0.96427966534582732     0.052555446332232678     0.014492899084240129       1.0047199070578141       1.3537376750009786       2.3846340010488838   2.0962609753185099e-09     0.014492899084240129       490.03777291089705       5.7934714303969193       5.7934714303969193       1879.5121257716223                                                 1378.8044436293467                                              10.669909231378924        23.401670381934423                390.3331792780005                          67.798856411431416                      8.5040668395306849
                       5       945.79283582874928     0.022211937196072905      0.11783651131424656       68.522805748250391       3.0447849085069651      0.96379108803028601     0.052493438280178446     0.014600697867545528       1.0056586594668926        1.348677970114597        2.239047229812857   2.1005512609872256e-09     0.014600697867545528       489.81535011272564       5.7934714303969193       5.7934714303969193       1879.9987287967047                                                 1379.6817842720816                                              10.501594411897312        23.563764313316767               390.33693146265102                          67.453273291238318                      8.4613810455195431
                       1       945.79679189163528     0.022211937196072905      0.11783651131424656       68.522805748250391       3.0447849085069651      0.96379108803028601     0.052493438280178446     0.014600697867545528       1.0056595148051923       1.3473938329947013       2.2427120019258457   2.1005512609872256e-09     0.014600697867545528       489.81480982839429       5.7934714303969193       5.7934714303969193       1880.0066409224767                                                 1379.6902366821853                                              10.501594411897312        23.563632325549008               390.33693146265102                          67.452714005640246                      8.4615320345539971
                       1       945.76031039564407     0.022179614984065038      0.11824684618832912       68.413697956059863       3.0467121564698005      0.96195102345150652     0.052263246201179746    0.0053921046340916698       1.0065123107848648       1.3400746608649532       2.2706030326496256   2.1046034476557977e-09    0.0053921046340916698        489.8654358049377       5.7934714303969193       5.7934714303969193       1879.9336779304942                                                 1379.0900217145397                                              10.978220411016823        23.968897219643395               390.31853369729828                          67.282052042060698                      8.2959528459353322
                       1        946.2151175381963     0.022188670133360417      0.11840841353369014       68.330978072433624       3.0476059752349633      0.96099236643444319     0.052044801468967804    0.0070100981819297883        1.006982715281183       1.3338913172880213       2.2439121184099533   2.1064854226575304e-09    0.0070100981819297883       490.11893085249443       5.7934714303969193       5.7934714303969193       1880.8432922155987                                                 1379.1887519202448                                              11.535609442859519        24.196115769331527               390.30423165533699                          67.346618248725989                      8.2719651790999293
                       5       946.51878503055195     0.022170463931245731       0.1183943134489375       68.316493577382602       3.0473612853288023      0.96006345074637311     0.051584045170333361    0.0075863854293474397       1.0074496895180212       1.3363487199412156       2.3045243711908494   2.1059700499929466e-09    0.0075863854293474397       490.55444118431876       5.7934714303969193       5.7934714303969193         1881.45062720031                                                 1379.3571522788784                                              11.539033737112671        24.380764635042169               390.43177754191174                          67.472045613082116                      8.2698533942827179
                       4       946.48362142790506     0.022223718940564005      0.11794364992650433       68.413686246774915       3.0510106015577581      0.95939911050391535     0.053535076241066522     0.019805947530458948       1.0079437248132663       1.3299263283654603       2.3132083210011527   2.1136694408854255e-09     0.019805947530458948       490.83331534544641       5.7934714303969193       5.7934714303969193       1881.3802999950162                                                 1379.6053092449727                                              10.941675404597394        24.601417909619443               390.03462250840226                          67.902905316036225                      8.2943696113884648
                       3       946.47896803389824     0.022234039161866639      0.11786842838211697       68.445677217697792       3.0515263067917089      0.95951178260791226     0.053894754817840083     0.021641901138681047       1.0079308770989079        1.330382170558269       2.3102588957878667   2.1147597523944436e-09     0.021641901138681047       490.81880163179414       5.7934714303969193       5.7934714303969193       1881.3709932070026                                                 1379.7559341913127                                              10.796257383895574        24.590837387148269               389.95938470400341                          67.952663950633919                      8.3159155900085864
                       1       946.58504146837026     0.022230194766029849      0.11790031714551452       68.438007475959466       3.0513531025023517       0.9591022235350205     0.053802292273947054      0.02107572962649705       1.0079302664979766        1.331428105479521       2.3437221360746077   2.1143934986536441e-09      0.02107572962649705       491.13633827966737       5.7934714303969193       5.7934714303969193       1881.5831400759466                                                 1379.6176247757837                                               10.82917702049553        24.686932414190039               389.99489499762041                          68.138168420520671                      8.3163424473362486
                       3       946.90655455819501     0.022236744912568218      0.11827738429268549        68.33807651022731       3.0560646101429563      0.95839405901606434     0.055697176943454441     0.017187213823656886       1.0079713722199004       1.3173855119376847       2.3068075747003793   2.1243789846528542e-09     0.017187213823656886       491.25791273745881       5.7934714303969193       5.7934714303969193       1882.2261662555961                                                 1379.4103610805284                                              11.557892437608869        24.972759519202668                389.8807130453734                          68.157955903433248                      8.2464842694495299
