#        weight    minuslogpost        omegabh2        omegach2              H0            logA              ns             tau             mnu              As   minuslogprior minuslogprior__0            chi2 chi2__sbt_spt_audit.likelihoods.candl_cobaya.CandlCobayaLikelihood chi2__sbt_spt_audit.likelihoods.desi_dr2_bao.DESIDR2BAOGaussian
              7       1335.7648          0.0224            0.12              67       3.0333878       0.9781912           0.055             0.1    2.076747e-09        2.104592         2.104592       2667.3203                                                          2627.5854                                                       39.734952
              8       1325.8795     0.022880739      0.12016148       66.865297       3.0333878       0.9781912      0.05036118     0.045428685    2.076747e-09        2.104592         2.104592       2647.5498                                                          2586.7544                                                       60.795377
              1       1325.2212     0.022880739      0.12016148       66.865297       3.0049244       1.0302211      0.05036118     0.045428685   2.0184689e-09        2.104592         2.104592       2646.2332                                                          2585.4378                                                       60.795377
              7       1313.6589     0.022748543      0.12046631       67.227004       3.0049244       1.0302211     0.046165562     0.065179185   2.0184689e-09        2.104592         2.104592       2623.1087                                                          2580.6336                                                       42.475144
              5       1310.7323     0.022748543      0.12046631       67.227004        2.987878        1.027791     0.046165562     0.065179185    1.984353e-09        2.104592         2.104592       2617.2555                                                          2574.7803                                                       42.475144
             13       1309.2885     0.022748543      0.12046631       67.227004       2.9959738       1.0318071     0.046165562     0.065179185   2.0004831e-09        2.104592         2.104592       2614.3678                                                          2571.8926                                                       42.475144
              1       1308.8236     0.022748543      0.12046631       67.227004       2.9914655       1.0310516     0.046165562     0.065179185   1.9914846e-09        2.104592         2.104592       2613.4379                                                          2570.9628                                                       42.475144
              7       1309.3712     0.022748543      0.12046631       67.227004       3.0061134       1.0091991     0.046165562     0.065179185   2.0208705e-09        2.104592         2.104592       2614.5332                                                          2572.0581                                                       42.475144
              1       1301.2195     0.023165344      0.11752674       68.133264       3.0061134       1.0091991     0.045121454      0.13665819   2.0208705e-09        2.104592         2.104592       2598.2297                                                          2578.8419                                                       19.387872
              5       1301.5018     0.023142834      0.11749155       68.148274       3.0061134       1.0091991     0.045180582      0.13970417   2.0208705e-09        2.104592         2.104592       2598.7943                                                          2580.0668                                                       18.727533
              3       1301.1886     0.023142834      0.11749155       68.148274       2.9995369        1.014744     0.045180582      0.13970417   2.0076237e-09        2.104592         2.104592        2598.168                                                          2579.4405                                                       18.727533
              8       1301.7007     0.023139101      0.11756215       68.149487       2.9995369        1.014744     0.045447244      0.14014178   2.0076237e-09        2.104592         2.104592       2599.1923                                                           2580.485                                                       18.707268
              3       1304.6657     0.023024275      0.11451238       68.275163       2.9995369        1.014744     0.043024839      0.24745571   2.0076237e-09        2.104592         2.104592       2605.1222                                                          2592.9833                                                       12.138839
              6       1304.6505     0.023023861      0.11453375       68.195309       2.9995369        1.014744     0.043489022      0.25510343   2.0076237e-09        2.104592         2.104592       2605.0917                                                          2592.3403                                                        12.75144
              6       1308.2181     0.023685898      0.11299571       68.226513       2.9995369        1.014744     0.053588071      0.30229339   2.0076237e-09        2.104592         2.104592        2612.227                                                          2595.8324                                                       16.394623
              1       1307.5995     0.023448543      0.11375734       68.143165       2.9995369        1.014744      0.04401729      0.32387739   2.0076237e-09        2.104592         2.104592       2610.9898                                                          2595.8274                                                       15.162427
              7       1306.7874     0.023448543      0.11375734       68.143165       2.9895626       1.0201757      0.04401729      0.32387739   1.9876986e-09        2.104592         2.104592       2609.3656                                                          2594.2032                                                       15.162427
             18       1303.1647     0.023642558      0.11420763       68.732219       2.9895626       1.0201757     0.041860916      0.22861958   1.9876986e-09        2.104592         2.104592       2602.1201                                                          2589.8768                                                       12.243353
              7       1303.1641     0.023635425      0.11421595       68.729115       2.9895626       1.0201757     0.041793648      0.22874408   1.9876986e-09        2.104592         2.104592        2602.119                                                          2589.8945                                                       12.224522
              4        1301.849     0.023304267      0.11287792       68.349839       2.9895626       1.0201757     0.044538862      0.30148843   1.9876986e-09        2.104592         2.104592       2599.4888                                                          2587.5536                                                       11.935205
              2       1301.1524     0.023395095      0.11281431       68.339377       2.9895626       1.0201757     0.045024924      0.28673761   1.9876986e-09        2.104592         2.104592       2598.0955                                                          2585.3078                                                       12.787706
              8       1301.9787     0.023420206      0.11294948       68.490904       2.9895626       1.0201757     0.045536127      0.29223311   1.9876986e-09        2.104592         2.104592       2599.7482                                                           2588.077                                                       11.671185
             12       1301.8366     0.023420206      0.11294948       68.490904       2.9910285       1.0196159     0.045536127      0.29223311   1.9906145e-09        2.104592         2.104592       2599.4641                                                          2587.7929                                                       11.671185
             10       1302.1112     0.023523317      0.11255926       68.452284       2.9910285       1.0196159      0.04763466      0.29196473   1.9906145e-09        2.104592         2.104592       2600.0132                                                          2587.5312                                                       12.482089
             12       1300.5583     0.023452398      0.11316667       68.550295       2.9910285       1.0196159      0.04481843      0.26081573   1.9906145e-09        2.104592         2.104592       2596.9074                                                          2585.0154                                                       11.891935
             10       1302.0415     0.023456907      0.11273035       68.569025       2.9910285       1.0196159     0.044270741      0.24788027   1.9906145e-09        2.104592         2.104592       2599.8739                                                          2587.9317                                                       11.942232
              7       1302.7979     0.023456907      0.11273035       68.569025       2.9795674       1.0228097     0.044270741      0.24788027   1.9679301e-09        2.104592         2.104592       2601.3866                                                          2589.4444                                                       11.942232
             18       1302.5861     0.023548961      0.11291935       68.730032       2.9795674       1.0228097     0.040914446      0.23711798   1.9679301e-09        2.104592         2.104592        2600.963                                                          2589.3968                                                        11.56615
             21       1302.7249     0.023548961      0.11291935       68.730032       2.9812691       1.0224575     0.040914446      0.23711798   1.9712819e-09        2.104592         2.104592       2601.2405                                                          2589.6744                                                        11.56615
              3       1301.9647     0.023476822      0.11325077       68.968881       2.9812691       1.0224575     0.043745681      0.23011079   1.9712819e-09        2.104592         2.104592       2599.7202                                                          2589.0495                                                       10.670661
              4       1303.9973     0.023550138      0.11355381       69.764936       2.9812691       1.0224575     0.040585689      0.08108627   1.9712819e-09        2.104592         2.104592       2603.7855                                                          2590.0415                                                       13.743946
              2       1307.1739     0.023550138      0.11355381       69.764936       2.9711449       1.0387354     0.040585689      0.08108627   1.9514248e-09        2.104592         2.104592       2610.1387                                                          2596.3947                                                       13.743946
              1        1303.925      0.02351603      0.11374696       69.791642       2.9711449       1.0387354     0.041671105     0.081075814   1.9514248e-09        2.104592         2.104592       2603.6409                                                          2589.6887                                                       13.952212
              7       1303.1834     0.023525693       0.1137952       69.851539       2.9711449       1.0387354     0.042960152     0.079174922   1.9514248e-09        2.104592         2.104592       2602.1577                                                          2587.7547                                                       14.402993
             18       1301.7679     0.023525693       0.1137952       69.851539       2.9802185       1.0296433     0.042960152     0.079174922   1.9692119e-09        2.104592         2.104592       2599.3266                                                          2584.9236                                                       14.402993
             16       1301.5251     0.023525693       0.1137952       69.851539       2.9884585       1.0108443     0.042960152     0.079174922   1.9855053e-09        2.104592         2.104592       2598.8409                                                          2584.4379                                                       14.402993
              8       1301.0944      0.02355364      0.11417606       69.803155       2.9884585       1.0108443     0.042892919     0.090339623   1.9855053e-09        2.104592         2.104592       2597.9796                                                          2584.4704                                                       13.509208
              9       1301.0002     0.023563118      0.11401258       69.790684       2.9884585       1.0108443     0.042613795     0.088002971   1.9855053e-09        2.104592         2.104592       2597.7912                                                          2584.2962                                                       13.494972
              1       1301.2666     0.023229827      0.11348483       69.705039       2.9884585       1.0108443       0.0402233     0.078789022   1.9855053e-09        2.104592         2.104592       2598.3241                                                          2583.3188                                                       15.005346
              1       1299.2168     0.023182907      0.11764811       69.000781       2.9884585       1.0108443     0.040916662     0.038602469   1.9855053e-09        2.104592         2.104592       2594.2244                                                          2582.9047                                                       11.319719
              6       1298.2255     0.023182907      0.11764811       69.000781       3.0033302       1.0028287     0.040916662     0.038602469   2.0152537e-09        2.104592         2.104592       2592.2418                                                          2580.9221                                                       11.319719
             41       1298.2048     0.023192289      0.11770821       69.010071       3.0033302       1.0028287     0.040910251     0.035880883   2.0152537e-09        2.104592         2.104592       2592.2004                                                          2580.8516                                                       11.348763
             44       1297.0774     0.023192289      0.11770821       69.010071       2.9899396       1.0168852     0.040910251     0.035880883   1.9884482e-09        2.104592         2.104592       2589.9455                                                          2578.5968                                                       11.348763
             11        1296.112     0.023265334      0.11721265        68.85371       2.9899396       1.0168852     0.043141813     0.048474473   1.9884482e-09        2.104592         2.104592       2588.0148                                                          2575.4245                                                        12.59029
             17       1296.1568     0.023264705      0.11730958       68.845512       2.9899396       1.0168852     0.042759174     0.047893038   1.9884482e-09        2.104592         2.104592       2588.1044                                                          2575.4159                                                       12.688495
              5       1297.1404     0.023264705      0.11730958       68.845512       2.9913647       1.0111354     0.042759174     0.047893038   1.9912839e-09        2.104592         2.104592       2590.0717                                                          2577.3832                                                       12.688495
             10       1296.8257     0.023280926      0.11781666       68.966016       2.9913647       1.0111354     0.039516912     0.022993047   1.9912839e-09        2.104592         2.104592       2589.4422                                                          2577.1166                                                       12.325593
             33       1296.9229     0.023280926      0.11781666       68.966016       2.9851228       1.0186836     0.039516912     0.022993047   1.9788931e-09        2.104592         2.104592       2589.6365                                                           2577.311                                                       12.325593
              3       1298.6333     0.023280926      0.11781666       68.966016       3.0059115      0.99687214     0.039516912     0.022993047   2.0204624e-09        2.104592         2.104592       2593.0574                                                          2580.7318                                                       12.325593
              4        1299.705     0.023280926      0.11781666       68.966016       3.0083211      0.99744629     0.039516912     0.022993047   2.0253368e-09        2.104592         2.104592       2595.2008                                                          2582.8752                                                       12.325593
              8       1297.6447     0.023280926      0.11781666       68.966016        2.997121       1.0012127     0.039516912     0.022993047   2.0027795e-09        2.104592         2.104592       2591.0802                                                          2578.7546                                                       12.325593
              8        1297.329     0.023280926      0.11781666       68.966016       2.9954986       1.0038494     0.039516912     0.022993047   1.9995327e-09        2.104592         2.104592       2590.4489                                                          2578.1233                                                       12.325593
             57       1296.6991     0.023266969      0.11734831        68.93856       2.9954986       1.0038494     0.040272837     0.017030548   1.9995327e-09        2.104592         2.104592       2589.1891                                                          2576.6833                                                       12.505746
             36       1296.8715     0.023312872      0.11713302       69.083673       2.9954986       1.0038494     0.039791234    0.0060631212   1.9995327e-09        2.104592         2.104592       2589.5338                                                          2577.6378                                                        11.89603
             25       1296.8703     0.023312872      0.11713302       69.083673       2.9954501       1.0038444     0.039791234    0.0060631212   1.9994357e-09        2.104592         2.104592       2589.5314                                                          2577.6354                                                        11.89603
             30       1296.9366     0.023386949      0.11721495       69.200915       2.9954501       1.0038444     0.039642327    0.0035567285   1.9994357e-09        2.104592         2.104592        2589.664                                                          2578.0647                                                       11.599281
              9       1296.9543     0.023386949      0.11721495       69.200915       2.9958369        1.004646     0.039642327    0.0035567285   2.0002092e-09        2.104592         2.104592       2589.6995                                                          2578.1002                                                       11.599281
             15       1296.3198     0.023323399      0.11715285       69.117999       2.9958369        1.004646     0.041238596    0.0089599615   2.0002092e-09        2.104592         2.104592       2588.4305                                                          2576.7352                                                       11.695302
             20       1296.2306     0.023323399      0.11715285       69.117999       2.9973674       1.0078298     0.041238596    0.0089599615   2.0032729e-09        2.104592         2.104592        2588.252                                                          2576.5567                                                       11.695302
              6       1297.0307     0.023323399      0.11715285       69.117999       3.0001733       1.0080722     0.041238596    0.0089599615   2.0089017e-09        2.104592         2.104592       2589.8523                                                           2578.157                                                       11.695302
             10       1295.8938     0.023287109      0.11708715       69.208567       3.0001733       1.0080722     0.041741959     0.011474642   2.0089017e-09        2.104592         2.104592       2587.5785                                                          2576.4701                                                       11.108382
              8       1295.3303     0.023297709      0.11704887       69.215759       3.0001733       1.0080722     0.042697896     0.013001521   2.0089017e-09        2.104592         2.104592       2586.4513                                                          2575.3484                                                       11.102896
             33       1295.7991     0.023297709      0.11704887       69.215759       2.9833165       1.0262643     0.042697896     0.013001521    1.975322e-09        2.104592         2.104592        2587.389                                                          2576.2861                                                       11.102896
             17       1295.8457     0.023303479      0.11704656       69.221966       2.9833165       1.0262643     0.042764174     0.012977882    1.975322e-09        2.104592         2.104592       2587.4823                                                          2576.3825                                                       11.099768
              6       1295.8616     0.023284412      0.11684643       69.225314       2.9833165       1.0262643     0.042083627    0.0088806038    1.975322e-09        2.104592         2.104592       2587.5141                                                          2576.4012                                                       11.112844
              3       1296.0004     0.023197453      0.11663974       69.075083       2.9833165       1.0262643     0.044701666    0.0099124519    1.975322e-09        2.104592         2.104592       2587.7916                                                          2576.3848                                                       11.406775
             16       1295.6546     0.023205383      0.11675315       69.114691       2.9833165       1.0262643     0.044505042    0.0075591968    1.975322e-09        2.104592         2.104592          2587.1                                                          2575.8152                                                        11.28476
             20       1294.8597     0.023205383      0.11675315       69.114691        3.000366       1.0077783     0.044505042    0.0075591968   2.0092889e-09        2.104592         2.104592       2585.5101                                                          2574.2254                                                        11.28476
              6       1296.7582     0.023282861      0.11676452       69.049933        3.000366       1.0077783     0.047079208   0.00051364433   2.0092889e-09        2.104592         2.104592       2589.3073                                                           2577.278                                                       12.029249
             19        1296.194     0.023290029      0.11700903       69.124811        3.000366       1.0077783     0.047336103    0.0013290236   2.0092889e-09        2.104592         2.104592       2588.1787                                                          2576.5641                                                       11.614627
             44       1294.9677     0.023290029      0.11700903       69.124811       2.9985469        1.013848     0.047336103    0.0013290236   2.0056371e-09        2.104592         2.104592       2585.7262                                                          2574.1116                                                       11.614627
              1         1296.78     0.023301485      0.11633761       69.227878       2.9985469        1.013848     0.049580905     0.010723961   2.0056371e-09        2.104592         2.104592       2589.3507                                                          2578.1129                                                       11.237808
              5        1296.156     0.023058582      0.11647146       68.990137       2.9985469        1.013848     0.044692656     0.075862188   2.0056371e-09        2.104592         2.104592       2588.1028                                                          2577.5124                                                       10.590365
              6       1296.8114     0.023058582      0.11647146       68.990137       3.0047601       1.0081492     0.044692656     0.075862188   2.0181373e-09        2.104592         2.104592       2589.4135                                                          2578.8232                                                       10.590365
              8       1295.0038      0.02309116       0.1165861       68.794674       3.0047601       1.0081492     0.046300787     0.070949431   2.0181373e-09        2.104592         2.104592       2585.7985                                                           2574.213                                                       11.585484
             16       1295.4954     0.023111118      0.11634804       68.828588       3.0047601       1.0081492     0.044644446     0.064211236   2.0181373e-09        2.104592         2.104592       2586.7817                                                           2575.232                                                       11.549682
              7       1295.5977     0.023100373      0.11653482       68.791379       3.0047601       1.0081492     0.044378739     0.059802947   2.0181373e-09        2.104592         2.104592       2586.9863                                                          2575.1699                                                       11.816417
              8       1295.4348     0.023121592      0.11733152       68.719148       3.0047601       1.0081492     0.045175601     0.056219573   2.0181373e-09        2.104592         2.104592       2586.6603                                                          2573.9323                                                       12.728009
             11       1295.3649     0.023121592      0.11733152       68.719148       3.0027999         1.00932     0.045175601     0.056219573   2.0141853e-09        2.104592         2.104592       2586.5206                                                          2573.7926                                                       12.728009
              1       1296.6325     0.023121592      0.11733152       68.719148       3.0091911       1.0099753     0.045175601     0.056219573   2.0270996e-09        2.104592         2.104592       2589.0559                                                          2576.3279                                                       12.728009
             18       1294.8333     0.023079628      0.11675047       68.606171       3.0091911       1.0099753     0.050576568     0.072625061   2.0270996e-09        2.104592         2.104592       2585.4575                                                          2572.4232                                                       13.034314
             19       1294.7649     0.023138186      0.11650196       68.710608       3.0091911       1.0099753     0.048186529     0.075175359   2.0270996e-09        2.104592         2.104592       2585.3207                                                          2572.9434                                                       12.377257
              2       1294.5432     0.023111209      0.11640058        68.69875       3.0091911       1.0099753     0.050190513     0.067843128   2.0270996e-09        2.104592         2.104592       2584.8772                                                          2572.4553                                                       12.421975
             20       1295.9196     0.023111209      0.11640058        68.69875       3.0162119       1.0113053     0.050190513     0.067843128   2.0413814e-09        2.104592         2.104592       2587.6301                                                          2575.2081                                                       12.421975
             15       1293.9707     0.023072342      0.11670052       68.819044       3.0162119       1.0113053     0.053468184      0.06996191   2.0413814e-09        2.104592         2.104592       2583.7323                                                          2572.3565                                                        11.37579
             16       1294.3384     0.023027917      0.11612066       68.927728       3.0162119       1.0113053     0.050845913     0.071601591   2.0413814e-09        2.104592         2.104592       2584.4677                                                          2573.7263                                                       10.741384
              7       1293.8734     0.022985214      0.11613275       68.709417       3.0162119       1.0113053      0.05461916      0.06325806   2.0413814e-09        2.104592         2.104592       2583.5377                                                          2571.8535                                                       11.684228
             24       1293.9534     0.023041714      0.11668954       68.649688       3.0162119       1.0113053     0.052091183     0.058608144   2.0413814e-09        2.104592         2.104592       2583.6977                                                          2571.0732                                                       12.624457
             14       1294.9196     0.022952423      0.11649939       68.628806       3.0162119       1.0113053     0.052627965      0.03764446   2.0413814e-09        2.104592         2.104592       2585.6301                                                          2573.0423                                                       12.587821
              6        1294.739     0.022952423      0.11649939       68.628806       3.0141552       1.0109374     0.052627965      0.03764446   2.0371874e-09        2.104592         2.104592       2585.2689                                                          2572.6811                                                       12.587821
             20        1294.012      0.02294498      0.11587993        68.82727       3.0141552       1.0109374     0.052331631     0.050746847   2.0371874e-09        2.104592         2.104592       2583.8149                                                          2572.7336                                                       11.081294
             16       1293.8239     0.022939604      0.11597144       68.829563       3.0141552       1.0109374     0.051743751     0.051454937   2.0371874e-09        2.104592         2.104592       2583.4387                                                          2572.3994                                                       11.039308
             10       1293.7245     0.022939604      0.11597144       68.829563       3.0059966       1.0260473     0.051743751     0.051454937   2.0206344e-09        2.104592         2.104592       2583.2398                                                          2572.2005                                                       11.039308
             52        1292.961     0.022939604      0.11597144       68.829563       3.0050122       1.0217946     0.051743751     0.051454937   2.0186462e-09        2.104592         2.104592       2581.7127                                                          2570.6734                                                       11.039308
             22       1292.9801     0.023018341      0.11597148       68.809192       3.0050122       1.0217946     0.051940114     0.072328252   2.0186462e-09        2.104592         2.104592        2581.751                                                          2570.6041                                                        11.14698
              3       1292.4192     0.022908462      0.11643138       68.835686       3.0050122       1.0217946     0.050878392     0.050422443   2.0186462e-09        2.104592         2.104592       2580.6292                                                          2569.7228                                                       10.906322
              5       1292.4572     0.022926451       0.1164456        68.79323       3.0050122       1.0217946     0.051430561     0.045973933   2.0186462e-09        2.104592         2.104592       2580.7051                                                          2569.4984                                                       11.206719
             13       1292.8742     0.023084224      0.11582189       69.251769       3.0050122       1.0217946     0.051530466     0.041253398   2.0186462e-09        2.104592         2.104592       2581.5392                                                          2570.6383                                                       10.900871
             32       1293.3359      0.02260091       0.1165611       68.866203       3.0050122       1.0217946      0.05083298     0.029371021   2.0186462e-09        2.104592         2.104592       2582.4627                                                          2572.0237                                                       10.439004
             60       1293.3546     0.022736903      0.11711558       68.381559       3.0050122       1.0217946     0.051751237     0.050906968   2.0186462e-09        2.104592         2.104592          2582.5                                                          2569.1574                                                       13.342595
             14       1293.4919     0.022692461      0.11709149       68.364734       3.0050122       1.0217946     0.051977505     0.052400166   2.0186462e-09        2.104592         2.104592       2582.7745                                                          2569.6246                                                        13.14997
              8       1293.4544     0.022692461      0.11709149       68.364734       3.0049777       1.0219962     0.051977505     0.052400166   2.0185767e-09        2.104592         2.104592       2582.6996                                                          2569.5496                                                        13.14997
             32       1292.6942      0.02260185      0.11623907       68.816334       3.0049777       1.0219962     0.051876264      0.02140223   2.0185767e-09        2.104592         2.104592       2581.1792                                                          2570.6171                                                       10.562119
              2       1292.9732     0.022609649      0.11631714       68.845193       3.0049777       1.0219962     0.050003496     0.012702665   2.0185767e-09        2.104592         2.104592       2581.7373                                                          2571.1531                                                       10.584221
             15       1292.4839     0.022683672      0.11641988       69.008737       3.0049777       1.0219962     0.050951181     0.014600566   2.0185767e-09        2.104592         2.104592       2580.7586                                                          2570.1593                                                        10.59935
              7       1292.6786     0.022681817       0.1161192       69.017686       3.0049777       1.0219962     0.052723167     0.014366142   2.0185767e-09        2.104592         2.104592       2581.1481                                                          2570.4446                                                       10.703517
             19       1292.3009     0.022664685      0.11638256       68.878306       3.0049777       1.0219962     0.051624041     0.012293616   2.0185767e-09        2.104592         2.104592       2580.3926                                                          2569.7838                                                       10.608837
             15       1292.1568     0.022685955      0.11652183       68.857294       3.0049777       1.0219962     0.051436231     0.013252881   2.0185767e-09        2.104592         2.104592       2580.1045                                                          2569.4626                                                       10.641853
             13        1292.585     0.022633476      0.11657619       68.733244       3.0049777       1.0219962     0.050676665     0.013567952   2.0185767e-09        2.104592         2.104592       2580.9608                                                          2570.1236                                                       10.837154
              1       1295.6472     0.022600968      0.11579185       68.705053       3.0049777       1.0219962     0.050082632     0.020965309   2.0185767e-09        2.104592         2.104592       2587.0852                                                          2576.2496                                                       10.835603
              3       1295.6271     0.022600968      0.11579185       68.705053       2.9968016       1.0344588     0.050082632     0.020965309   2.0021398e-09        2.104592         2.104592       2587.0451                                                          2576.2095                                                       10.835603
              4        1293.454     0.022555688      0.11600813       68.812071       2.9968016       1.0344588      0.04938337     0.028767159   2.0021398e-09        2.104592         2.104592       2582.6988                                                          2572.1709                                                       10.527888
              1       1293.2721     0.022555688      0.11600813       68.812071       2.9871983       1.0350279      0.04938337     0.028767159   1.9830047e-09        2.104592         2.104592       2582.3349                                                           2571.807                                                       10.527888
             11       1293.3398     0.022546106       0.1160652       68.887952       2.9871983       1.0350279     0.049013831     0.028239288   1.9830047e-09        2.104592         2.104592       2582.4703                                                          2571.9065                                                       10.563777
             21       1293.6666      0.02257113      0.11573741       68.833113       2.9871983       1.0350279      0.04967036      0.02499145   1.9830047e-09        2.104592         2.104592        2583.124                                                          2572.5054                                                       10.618577
              5       1293.9015     0.022454553      0.11552576       69.046101       2.9871983       1.0350279     0.048073163    0.0081401041   1.9830047e-09        2.104592         2.104592       2583.5938                                                          2572.1473                                                       11.446525
             16       1295.0936     0.022446526      0.11517529        69.00691       2.9871983       1.0350279      0.04945572    0.0063966216   1.9830047e-09        2.104592         2.104592       2585.9781                                                          2574.5225                                                       11.455581
             21       1295.1205     0.022435045      0.11511297       69.001784       2.9871983       1.0350279     0.048239969     0.010065268   1.9830047e-09        2.104592         2.104592       2586.0318                                                          2574.5291                                                       11.502766
             15       1295.7363     0.022435045      0.11511297       69.001784       2.9906779        1.036293     0.048239969     0.010065268   1.9899168e-09        2.104592         2.104592       2587.2634                                                          2575.7607                                                       11.502766
              1       1295.0571     0.022474102      0.11601183         68.6265       2.9906779        1.036293     0.053199729     0.051402342   1.9899168e-09        2.104592         2.104592       2585.9051                                                          2575.4185                                                       10.486538
             18       1293.6108     0.022474102      0.11601183         68.6265       2.9835654       1.0543962     0.053199729     0.051402342   1.9758137e-09        2.104592         2.104592       2583.0124                                                          2572.5259                                                       10.486538
              2        1293.644     0.022473619      0.11605637       68.643016       2.9835654       1.0543962     0.053203016     0.052246953   1.9758137e-09        2.104592         2.104592       2583.0787                                                          2572.6272                                                       10.451502
             10       1294.6909     0.022462413      0.11719241       68.422074       2.9835654       1.0543962     0.052590785       0.0446134   1.9758137e-09        2.104592         2.104592       2585.1725                                                          2573.7206                                                       11.451924
              3       1296.8707     0.022513148      0.11735579       68.640443       2.9835654       1.0543962     0.050865204     0.046923661   1.9758137e-09        2.104592         2.104592       2589.5321                                                          2578.9541                                                       10.578033
              3        1297.094     0.022503451      0.11738204       68.662757       2.9835654       1.0543962     0.051122483     0.044438324   1.9758137e-09        2.104592         2.104592       2589.9787                                                          2579.4719                                                       10.506862
              6       1296.9374     0.022496314      0.11751608       68.737758       2.9835654       1.0543962     0.052264035     0.026507404   1.9758137e-09        2.104592         2.104592       2589.6657                                                          2579.2502                                                       10.415422
             21       1295.8122     0.022510089      0.11758932       68.684487       2.9835654       1.0543962     0.050743428     0.022644387   1.9758137e-09        2.104592         2.104592       2587.4152                                                          2576.8038                                                       10.611484
              7       1296.0692     0.022510089      0.11758932       68.684487       2.9812734       1.0549503     0.050743428     0.022644387   1.9712903e-09        2.104592         2.104592       2587.9292                                                          2577.3177                                                       10.611484
              6       1297.2349     0.022354973       0.1163639       69.003863       2.9812734       1.0549503     0.051358547     0.030908709   1.9712903e-09        2.104592         2.104592       2590.2606                                                          2578.9896                                                       11.270992
             11       1297.5555     0.022362903      0.11645194       69.126091       2.9812734       1.0549503     0.051922308     0.011170012   1.9712903e-09        2.104592         2.104592       2590.9019                                                          2579.0731                                                       11.828772
             17       1298.8772     0.022285204      0.11376311        69.37656       2.9812734       1.0549503     0.053710874     0.023253096   1.9712903e-09        2.104592         2.104592       2593.5452                                                           2576.069                                                       17.476224
              5       1299.3668     0.022285204      0.11376311        69.37656        2.979265         1.05472     0.053710874     0.023253096   1.9673352e-09        2.104592         2.104592       2594.5245                                                          2577.0483                                                       17.476224
             14       1298.9809     0.022285204      0.11376311        69.37656       2.9952992       1.0421579     0.053710874     0.023253096    1.999134e-09        2.104592         2.104592       2593.7527                                                          2576.2764                                                       17.476224
             15       1298.1642     0.022333893      0.11427332       69.472809       2.9952992       1.0421579     0.053592026     0.032893531    1.999134e-09        2.104592         2.104592       2592.1192                                                          2574.0239                                                       18.095261
              3       1296.2541      0.02247526       0.1142671       69.007654       2.9952992       1.0421579     0.057898212     0.051524518    1.999134e-09        2.104592         2.104592        2588.299                                                          2576.2717                                                        12.02733
              8       1296.1631     0.022443847      0.11420829        69.05169       2.9952992       1.0421579     0.057543421     0.050480164    1.999134e-09        2.104592         2.104592       2588.1171                                                          2575.6023                                                       12.514781
             40       1296.5425     0.022650862      0.11612405       68.512599       2.9952992       1.0421579      0.05195998      0.12177726    1.999134e-09        2.104592         2.104592       2588.8758                                                          2578.1368                                                       10.738989
              2       1295.9945     0.022662329      0.11600689       68.531573       2.9952992       1.0421579     0.051853517      0.12081814    1.999134e-09        2.104592         2.104592       2587.7797                                                          2577.0912                                                       10.688527
              3       1295.7796     0.022659968       0.1159778       68.519127       2.9952992       1.0421579      0.05172254      0.12056389    1.999134e-09        2.104592         2.104592       2587.3501                                                          2576.6219                                                        10.72819
              6       1295.7782     0.022659902      0.11597602        68.51907       2.9952992       1.0421579     0.051729991      0.12063957    1.999134e-09        2.104592         2.104592       2587.3472                                                          2576.6198                                                       10.727432
             11       1295.1321      0.02268641      0.11647915       68.450233       2.9952992       1.0421579     0.051665301      0.10345534    1.999134e-09        2.104592         2.104592       2586.0551                                                          2574.6124                                                        11.44267
              2       1295.1496      0.02268641      0.11647915       68.450233       2.9911481       1.0445755     0.051665301      0.10345534   1.9908527e-09        2.104592         2.104592       2586.0901                                                          2574.6474                                                        11.44267
             25       1296.1874      0.02262029      0.11616801       68.665082       2.9911481       1.0445755     0.048497721     0.084156919   1.9908527e-09        2.104592         2.104592       2588.1656                                                          2577.7147                                                       10.450952
              7       1295.4667      0.02262029      0.11616801       68.665082       2.9775278       1.0510514     0.048497721     0.084156919   1.9639204e-09        2.104592         2.104592       2586.7241                                                          2576.2732                                                       10.450952
              4       1294.5806      0.02262029      0.11616801       68.665082       2.9886413       1.0416495     0.048497721     0.084156919   1.9858681e-09        2.104592         2.104592       2584.9519                                                           2574.501                                                       10.450952
              9       1294.6162      0.02244134       0.1155511        68.68407       2.9886413       1.0416495     0.053986347     0.050009229   1.9858681e-09        2.104592         2.104592       2585.0231                                                           2574.547                                                       10.476127
              3       1294.9666      0.02244134       0.1155511        68.68407       3.0141646       1.0226709     0.053986347     0.050009229   2.0372066e-09        2.104592         2.104592        2585.724                                                          2575.2479                                                       10.476127
             14       1297.1006      0.02244134       0.1155511        68.68407        3.008362       1.0383267     0.053986347     0.050009229   2.0254196e-09        2.104592         2.104592       2589.9921                                                           2579.516                                                       10.476127
             18       1296.1875     0.022309645      0.11589538       68.176185        3.008362       1.0383267     0.055787821     0.069238527   2.0254196e-09        2.104592         2.104592       2588.1659                                                          2576.4153                                                       11.750543
              8       1295.3098     0.022309645      0.11589538       68.176185       2.9941133       1.0416311     0.055787821     0.069238527   1.9967647e-09        2.104592         2.104592       2586.4104                                                          2574.6599                                                       11.750543
              4       1294.5519     0.022487989      0.11485872       68.445571       2.9941133       1.0416311     0.053668218     0.089935327   1.9967647e-09        2.104592         2.104592       2584.8947                                                          2574.1715                                                       10.723228
             13       1294.2175     0.022488303      0.11489673       68.461999       2.9941133       1.0416311      0.05381415     0.089905514   1.9967647e-09        2.104592         2.104592       2584.2258                                                          2573.5516                                                       10.674204
              8       1294.0022     0.022419366      0.11612911       68.372964       2.9941133       1.0416311     0.052461758      0.09103452   1.9967647e-09        2.104592         2.104592       2583.7953                                                          2572.9317                                                       10.863625
             27       1293.6751     0.022372678      0.11609166       68.305981       2.9941133       1.0416311     0.051914303     0.082964513   1.9967647e-09        2.104592         2.104592        2583.141                                                          2572.0437                                                       11.097258
              1       1293.8944     0.022365431      0.11559765       68.360904       2.9941133       1.0416311     0.052040896     0.075099131   1.9967647e-09        2.104592         2.104592       2583.5796                                                          2572.7562                                                       10.823348
              1       1295.2667     0.022433876      0.11566333       68.700222       2.9941133       1.0416311     0.050525163     0.085842877   1.9967647e-09        2.104592         2.104592       2586.3243                                                          2575.9247                                                       10.399574
              3       1293.9099     0.022537891      0.11445314       68.505553       2.9941133       1.0416311     0.054819802       0.1218034   1.9967647e-09        2.104592         2.104592       2583.6105                                                          2573.1258                                                       10.484711
             19       1293.7628     0.022582025      0.11436689        68.59396       2.9941133       1.0416311     0.054523768      0.12037089   1.9967647e-09        2.104592         2.104592       2583.3163                                                          2572.8395                                                       10.476842
             15       1297.1605     0.022898717       0.1132709       69.062639       2.9941133       1.0416311     0.058281194      0.13339996   1.9967647e-09        2.104592         2.104592       2590.1119                                                          2578.3876                                                       11.724301
             26       1297.1666     0.022995673      0.11314219         69.0089       2.9941133       1.0416311     0.056539111      0.13808917   1.9967647e-09        2.104592         2.104592        2590.124                                                          2578.8068                                                       11.317178
              4       1296.7255      0.02297914       0.1131323       69.036085       2.9941133       1.0416311     0.055984754      0.13788177   1.9967647e-09        2.104592         2.104592       2589.2419                                                          2577.7794                                                       11.462522
             22        1297.311     0.022787462      0.11294815       69.335269       2.9941133       1.0416311     0.054060346      0.14349735   1.9967647e-09        2.104592         2.104592       2590.4129                                                          2575.3238                                                       15.089075
             21       1296.3163     0.022826158      0.11275089       69.178852       2.9941133       1.0416311     0.054604044      0.14579976   1.9967647e-09        2.104592         2.104592       2588.4234                                                           2575.097                                                       13.326425
             12       1296.3005     0.022762178      0.11305627       69.125407       2.9941133       1.0416311     0.054256398      0.15699637   1.9967647e-09        2.104592         2.104592       2588.3917                                                          2575.3316                                                        13.06007
             14       1296.5438     0.022816917      0.11287907       69.060149       2.9941133       1.0416311     0.052965105      0.17238765   1.9967647e-09        2.104592         2.104592       2588.8784                                                          2576.4332                                                       12.445143
              8       1296.4629     0.022816917      0.11287907       69.060149       2.9885273       1.0437236     0.052965105      0.17238765   1.9856419e-09        2.104592         2.104592       2588.7166                                                          2576.2714                                                       12.445143
             48       1296.9322     0.022816917      0.11287907       69.060149        2.985442       1.0451321     0.052965105      0.17238765    1.979525e-09        2.104592         2.104592       2589.6553                                                          2577.2101                                                       12.445143
             14       1295.7122     0.022852871       0.1131636       68.956641        2.985442       1.0451321     0.051805846      0.16140367    1.979525e-09        2.104592         2.104592       2587.2151                                                          2575.8007                                                       11.414404
             20       1295.0972      0.02288873      0.11404776       68.757675        2.985442       1.0451321     0.050632939      0.15593795    1.979525e-09        2.104592         2.104592       2585.9852                                                          2575.4583                                                       10.526952
             47       1295.2256      0.02288873      0.11404776       68.757675       2.9834261       1.0430318     0.050632939      0.15593795   1.9755385e-09        2.104592         2.104592        2586.242                                                          2575.7151                                                       10.526952
              3       1296.5608      0.02288873      0.11404776       68.757675       2.9812021       1.0408801     0.050632939      0.15593795   1.9711497e-09        2.104592         2.104592       2588.9124                                                          2578.3854                                                       10.526952
             17       1295.9293     0.022801879      0.11442994       68.782905       2.9812021       1.0408801      0.04696401      0.15181639   1.9711497e-09        2.104592         2.104592       2587.6494                                                          2577.1735                                                       10.475888
              6       1295.7958     0.022857842      0.11477558       68.732608       2.9812021       1.0408801     0.046791533      0.14766233   1.9711497e-09        2.104592         2.104592       2587.3824                                                          2576.9536                                                       10.428786
              1       1295.5463     0.022867843      0.11468027       68.688198       2.9812021       1.0408801     0.046448683      0.15067804   1.9711497e-09        2.104592         2.104592       2586.8834                                                           2576.397                                                       10.486356
              3       1295.3526     0.022867843      0.11468027       68.688198       2.9877746       1.0311995     0.046448683      0.15067804   1.9841477e-09        2.104592         2.104592        2586.496                                                          2576.0096                                                       10.486356
             13       1296.4992     0.022853353      0.11389649       68.874227       2.9877746       1.0311995     0.044877016      0.15265264   1.9841477e-09        2.104592         2.104592       2588.7892                                                          2578.0262                                                       10.763007
              2        1297.014     0.022808828      0.11337137       68.945871       2.9877746       1.0311995     0.046024222      0.13080416   1.9841477e-09        2.104592         2.104592       2589.8188                                                          2578.4856                                                       11.333134
             23       1296.5964     0.023021467      0.11345112       68.528319       2.9877746       1.0311995     0.049458124      0.20449566   1.9841477e-09        2.104592         2.104592       2588.9836                                                          2578.0805                                                        10.90317
             16       1296.5867     0.022978974      0.11363753       68.418152       2.9877746       1.0311995      0.04821791      0.21734975   1.9841477e-09        2.104592         2.104592       2588.9642                                                           2577.844                                                       11.120219
             22       1298.0748      0.02304142      0.11377963       68.529174       2.9877746       1.0311995      0.04494867      0.21798099   1.9841477e-09        2.104592         2.104592       2591.9404                                                          2581.1042                                                       10.836167
             30       1297.4906     0.022999579      0.11353056       68.453801       2.9877746       1.0311995     0.045491651      0.21899656   1.9841477e-09        2.104592         2.104592       2590.7721                                                          2579.7734                                                       10.998641
              9       1297.0914     0.022999579      0.11353056       68.453801       2.9858791       1.0303796     0.045491651      0.21899656   1.9803905e-09        2.104592         2.104592       2589.9737                                                          2578.9751                                                       10.998641
              1       1298.0469     0.022999579      0.11353056       68.453801       2.9795864       1.0424922     0.045491651      0.21899656   1.9679676e-09        2.104592         2.104592       2591.8846                                                           2580.886                                                       10.998641
              8       1296.8727     0.022988621      0.11352214       68.610052       2.9795864       1.0424922      0.04655743      0.19454547   1.9679676e-09        2.104592         2.104592       2589.5363                                                          2578.8821                                                       10.654135
              6       1297.1847     0.022988621      0.11352214       68.610052       2.9791751       1.0441041      0.04655743      0.19454547   1.9671584e-09        2.104592         2.104592       2590.1601                                                           2579.506                                                       10.654135
              4       1297.5744     0.022988621      0.11352214       68.610052       2.9801276       1.0445731      0.04655743      0.19454547   1.9690328e-09        2.104592         2.104592       2590.9396                                                          2580.2854                                                       10.654135
              2       1296.4147     0.022988621      0.11352214       68.610052       2.9898074       1.0253221      0.04655743      0.19454547   1.9881853e-09        2.104592         2.104592       2588.6202                                                           2577.966                                                       10.654135
             44       1296.9845     0.022989503      0.11340565       68.664918       2.9898074       1.0253221     0.045125591      0.19452529   1.9881853e-09        2.104592         2.104592       2589.7598                                                          2579.1829                                                       10.576864
             17       1296.4874     0.022922614      0.11335155       68.597488       2.9898074       1.0253221     0.046707593      0.19155563   1.9881853e-09        2.104592         2.104592       2588.7657                                                          2578.1642                                                       10.601538
              5       1298.1085     0.022922614      0.11335155       68.597488       2.9954926       1.0276499     0.046707593      0.19155563   1.9995208e-09        2.104592         2.104592       2592.0079                                                          2581.4063                                                       10.601538
             10       1294.7696     0.022836628      0.11406909       69.003016       2.9954926       1.0276499     0.051492804      0.10778025   1.9995208e-09        2.104592         2.104592         2585.33                                                           2574.175                                                        11.15504
              3       1294.7681     0.022836628      0.11406909       69.003016       2.9988714       1.0246764     0.051492804      0.10778025   2.0062882e-09        2.104592         2.104592        2585.327                                                           2574.172                                                        11.15504
             25       1295.7367     0.022830101      0.11369446       69.096282       2.9988714       1.0246764     0.052462271      0.10773422   2.0062882e-09        2.104592         2.104592       2587.2642                                                          2575.4355                                                       11.828664
              7       1296.2612     0.022738096      0.11358748       69.117915       2.9988714       1.0246764      0.05172955      0.11856214   2.0062882e-09        2.104592         2.104592       2588.3133                                                          2575.8442                                                       12.469095
             46       1296.6026     0.022738096      0.11358748       69.117915       3.0068049       1.0216738      0.05172955      0.11856214   2.0222683e-09        2.104592         2.104592        2588.996                                                          2576.5269                                                       12.469095
              1         1296.42     0.022738096      0.11358748       69.117915       3.0050261       1.0210246      0.05172955      0.11856214   2.0186742e-09        2.104592         2.104592       2588.6308                                                          2576.1617                                                       12.469095
             20       1296.0406     0.022761302      0.11360611       69.030888       3.0050261       1.0210246     0.053560496      0.12048258   2.0186742e-09        2.104592         2.104592       2587.8721                                                          2576.1046                                                       11.767536
              5       1294.7322     0.022802558      0.11426221        68.78726       3.0050261       1.0210246     0.053398632      0.12401176   2.0186742e-09        2.104592         2.104592       2585.2552                                                          2574.6561                                                       10.599117
              1       1294.1137     0.022876007      0.11509757       68.532072       3.0050261       1.0210246     0.052374456      0.12908804   2.0186742e-09        2.104592         2.104592       2584.0182                                                          2572.7683                                                       11.249959
              4       1294.1153     0.022883426      0.11507341       68.531714       3.0050261       1.0210246      0.05242483      0.12740904   2.0186742e-09        2.104592         2.104592       2584.0215                                                          2572.7195                                                       11.301917
              7       1294.4989     0.022888761       0.1149717       68.472664       3.0050261       1.0210246     0.052875158       0.1381949   2.0186742e-09        2.104592         2.104592       2584.7886                                                          2573.2619                                                       11.526678
              5       1296.8424     0.022888761       0.1149717       68.472664       3.0198468       1.0132694     0.052875158       0.1381949   2.0488153e-09        2.104592         2.104592       2589.4756                                                          2577.9489                                                       11.526678
             11       1296.8595     0.022888761       0.1149717       68.472664       2.9814645        1.047158     0.052875158       0.1381949    1.971667e-09        2.104592         2.104592       2589.5098                                                          2577.9832                                                       11.526678
              6       1297.3531     0.023012311      0.11390352       68.857463       2.9814645        1.047158     0.049226013      0.13579787    1.971667e-09        2.104592         2.104592       2590.4971                                                          2579.7577                                                       10.739429
              2       1295.7806     0.022685426      0.11311111       68.761537       2.9814645        1.047158      0.05124337      0.16303919    1.971667e-09        2.104592         2.104592       2587.3521                                                          2576.3545                                                       10.997637
             13       1296.5784     0.022665275      0.11307855       68.764715       2.9814645        1.047158     0.048801628      0.15737328    1.971667e-09        2.104592         2.104592       2588.9476                                                          2577.8846                                                       11.062963
              1       1297.1821      0.02266527      0.11302831       68.734335       2.9814645        1.047158      0.04854863      0.15652961    1.971667e-09        2.104592         2.104592       2590.1551                                                          2579.1827                                                       10.972385
             18       1294.8776     0.022625181      0.11403267       68.567224       2.9814645        1.047158     0.051080537      0.14196456    1.971667e-09        2.104592         2.104592       2585.5461                                                           2575.072                                                       10.474104
             15       1296.3154     0.022625181      0.11403267       68.567224       2.9821305       1.0401868     0.051080537      0.14196456   1.9729807e-09        2.104592         2.104592       2588.4216                                                          2577.9474                                                       10.474104
              3       1298.1974     0.022630635      0.11418371       68.624631       2.9821305       1.0401868     0.052280522      0.14276446   1.9729807e-09        2.104592         2.104592       2592.1856                                                          2581.7367                                                       10.448965
             12       1298.2135     0.022881985      0.11287996       69.204062       2.9821305       1.0401868     0.047341329      0.12451791   1.9729807e-09        2.104592         2.104592       2592.2179                                                          2579.2054                                                       13.012483
             15       1297.8127     0.022881985      0.11287996       69.204062       2.9817811       1.0380055     0.047341329      0.12451791   1.9722914e-09        2.104592         2.104592       2591.4163                                                          2578.4038                                                       13.012483
              5       1297.1319     0.022797517       0.1132021       69.266592       2.9817811       1.0380055     0.049205129      0.11710786   1.9722914e-09        2.104592         2.104592       2590.0546                                                          2576.3077                                                       13.746927
             12       1297.4232     0.022797517       0.1132021       69.266592       2.9814033       1.0374357     0.049205129      0.11710786   1.9715463e-09        2.104592         2.104592       2590.6372                                                          2576.8903                                                       13.746927
             14       1297.4705     0.022802031      0.11322669       69.278134       2.9814033       1.0374357     0.049334699      0.11345732   1.9715463e-09        2.104592         2.104592       2590.7318                                                          2576.9494                                                       13.782401
             30       1297.4828     0.022802031      0.11322669       69.278134       2.9891519       1.0409552     0.049334699      0.11345732   1.9868825e-09        2.104592         2.104592       2590.7564                                                           2576.974                                                       13.782401
              5       1298.0018     0.022841034      0.11442953       69.500585       2.9891519       1.0409552     0.055458733     0.060658193   1.9868825e-09        2.104592         2.104592       2591.7945                                                          2577.4774                                                       14.317045
             19       1296.6412     0.022841034      0.11442953       69.500585       2.9933823       1.0518483     0.055458733     0.060658193   1.9953055e-09        2.104592         2.104592       2589.0732                                                          2574.7562                                                       14.317045
             47       1296.8425      0.02285416      0.11437179       69.503641       2.9933823       1.0518483     0.055508581      0.05403272   1.9953055e-09        2.104592         2.104592       2589.4759                                                          2575.2295                                                       14.246365
              2       1296.0409     0.022829786      0.11444256       69.501766       2.9933823       1.0518483     0.057422268     0.056717539   1.9953055e-09        2.104592         2.104592       2587.8726                                                          2573.5183                                                       14.354304
              1       1295.8645     0.022964038      0.11498995       69.023328       2.9933823       1.0518483     0.058328768     0.077977719   1.9953055e-09        2.104592         2.104592       2587.5198                                                           2576.746                                                       10.773798
             22       1296.8512     0.022964038      0.11498995       69.023328       3.0006209       1.0511401     0.058328768     0.077977719   2.0098011e-09        2.104592         2.104592       2589.4932                                                          2578.7194                                                       10.773798
              1       1295.3332     0.022964038      0.11498995       69.023328       2.9953913       1.0493608     0.058328768     0.077977719   1.9993182e-09        2.104592         2.104592       2586.4573                                                          2575.6835                                                       10.773798
              6       1294.6061     0.022964038      0.11498995       69.023328       3.0013508        1.044982     0.058328768     0.077977719   2.0112687e-09        2.104592         2.104592       2585.0029                                                          2574.2291                                                       10.773798
             15       1293.8776      0.02292815      0.11519241       69.002132       3.0013508        1.044982     0.059003835     0.084833163   2.0112687e-09        2.104592         2.104592        2583.546                                                          2572.8844                                                       10.661525
              6       1294.0701     0.022927971       0.1151374       69.040003       3.0013508        1.044982     0.057469979     0.089573916   2.0112687e-09        2.104592         2.104592        2583.931                                                          2573.2108                                                       10.720209
             10       1294.1497     0.022926484      0.11517319       69.061188       3.0013508        1.044982     0.057898619     0.092507063   2.0112687e-09        2.104592         2.104592       2584.0902                                                          2573.3414                                                       10.748826
              5       1295.0326     0.022926484      0.11517319       69.061188       3.0046505       1.0458017     0.057898619     0.092507063   2.0179161e-09        2.104592         2.104592       2585.8561                                                          2575.1072                                                       10.748826
             45       1294.0581     0.022905919      0.11496124       68.992847       3.0046505       1.0458017     0.060018704     0.095671337   2.0179161e-09        2.104592         2.104592       2583.9071                                                          2573.2117                                                       10.695394
             23       1294.0438     0.022905919      0.11496124       68.992847        3.004695       1.0457115     0.060018704     0.095671337   2.0180061e-09        2.104592         2.104592       2583.8784                                                           2573.183                                                       10.695394
             28       1296.2412     0.022905919      0.11496124       68.992847       2.9933236       1.0568783     0.060018704     0.095671337   1.9951885e-09        2.104592         2.104592       2588.2731                                                          2577.5777                                                       10.695394
              4       1296.3469     0.022905919      0.11496124       68.992847       2.9945847       1.0579085     0.060018704     0.095671337   1.9977061e-09        2.104592         2.104592       2588.4846                                                          2577.7892                                                       10.695394
              8       1296.3458     0.022905708      0.11495889       68.992259       2.9945847       1.0579085     0.060007378     0.095549116   1.9977061e-09        2.104592         2.104592       2588.4825                                                          2577.7868                                                       10.695649
             21       1296.5173     0.022905708      0.11495889       68.992259       3.0005918       1.0555191     0.060007378     0.095549116   2.0097427e-09        2.104592         2.104592       2588.8254                                                          2578.1297                                                       10.695649
              3       1296.2035     0.022924641      0.11489883         69.0689       3.0005918       1.0555191     0.061323212     0.098235728   2.0097427e-09        2.104592         2.104592       2588.1979                                                          2577.3303                                                       10.867578
             25       1296.5816       0.0229599      0.11525702       68.903779       3.0005918       1.0555191     0.060623058      0.10009048   2.0097427e-09        2.104592         2.104592       2588.9539                                                          2578.3825                                                       10.571487
              2       1297.5356     0.022739481      0.11645079        68.63549       3.0005918       1.0555191     0.060269085      0.10211094   2.0097427e-09        2.104592         2.104592       2590.8621                                                          2580.1637                                                       10.698357
             47        1296.604     0.022875276      0.11566043       68.656634       3.0005918       1.0555191     0.060331494     0.089657156   2.0097427e-09        2.104592         2.104592       2588.9988                                                          2577.8823                                                       11.116446
              6       1295.7238     0.022875276      0.11566043       68.656634       3.0096728       1.0466973     0.060331494     0.089657156   2.0280763e-09        2.104592         2.104592       2587.2384                                                          2576.1219                                                       11.116446
             11       1295.1838     0.022895316      0.11632618       68.761319       3.0096728       1.0466973     0.061166373     0.088818761   2.0280763e-09        2.104592         2.104592       2586.1584                                                          2575.3892                                                       10.769248
              7       1295.3129     0.022893486      0.11631896       68.798751       3.0096728       1.0466973     0.061093304     0.087779608   2.0280763e-09        2.104592         2.104592       2586.4166                                                          2575.7711                                                       10.645519
              2       1294.1535     0.022790878      0.11628057       68.547809       3.0096728       1.0466973     0.062213137     0.071162031   2.0280763e-09        2.104592         2.104592       2584.0978                                                          2572.4186                                                       11.679251
             17       1293.8507     0.022790878      0.11628057       68.547809       3.0084679       1.0452121     0.062213137     0.071162031   2.0256341e-09        2.104592         2.104592       2583.4922                                                          2571.8129                                                       11.679251
              7       1293.7489     0.022781472      0.11625877       68.567626       3.0084679       1.0452121     0.062186318     0.067377596   2.0256341e-09        2.104592         2.104592       2583.2887                                                          2571.7362                                                       11.552417
             38       1293.6485     0.022796594       0.1164514       68.619057       3.0084679       1.0452121     0.062257734     0.062558665   2.0256341e-09        2.104592         2.104592       2583.0877                                                           2571.693                                                       11.394728
             10       1296.3067     0.022552635      0.11459183       68.927542       3.0084679       1.0452121     0.057780365     0.093431449   2.0256341e-09        2.104592         2.104592       2588.4043                                                          2577.1308                                                       11.273512
              8       1295.8166     0.022552635      0.11459183       68.927542       3.0110998       1.0248298     0.057780365     0.093431449   2.0309725e-09        2.104592         2.104592        2587.424                                                          2576.1505                                                       11.273512
              8        1295.879     0.022370257      0.11487234        68.77371       3.0110998       1.0248298     0.056856806     0.043641496   2.0309725e-09        2.104592         2.104592       2587.5488                                                          2576.6813                                                       10.867539
              4       1295.9334     0.022356553       0.1149623       68.709187       3.0110998       1.0248298     0.056821929     0.043937915   2.0309725e-09        2.104592         2.104592       2587.6576                                                          2576.9651                                                       10.692526
             24       1296.0164     0.022417938      0.11577024       68.725173       3.0110998       1.0248298     0.059340265     0.035778546   2.0309725e-09        2.104592         2.104592       2587.8237                                                          2577.3341                                                       10.489545
