#                 weight             minuslogpost                 omegabh2                 omegach2                       H0                     logA                       ns                      tau               mnu_sample                 A_planck               TT_tSZ_Amp               TT_kSZ_Amp                       As                      mnu                chi2__CMB            minuslogprior         minuslogprior__0                     chi2 chi2__sbt_spt_audit.likelihoods.candl_cobaya.CandlCobayaLikelihood chi2__sbt_spt_audit.likelihoods.desi_dr2_bao.DESIDR2BAOGaussian chi2__planck_2018_lowl.TT chi2__planck_2018_lowl.EE_sroll2 chi2__planck_2018_highl_plik.TT_lite_native chi2__planckpr4lensing.PlanckPR4Lensing
                       1       1085.0294849299278     0.022640711924573457      0.11783163811831418       68.989524620625943        3.061774133868739      0.96063246979188455     0.065835412248090072     0.032584204556037819      0.98310279699228353       1.3625718546670125       1.5732264226754049   2.1365428688170572e-09     0.032584204556037819       728.77014346219028       5.7934714303969193       5.7934714303969193       2158.4720269990617                                                 1419.3908828776421                                              10.311000659229446        28.770035786350661               392.63202216738455                          287.89294410671886                      19.475141401736163
                       2       1085.8443948389724     0.022707245148401251      0.11757715296185511       68.999317425774976       3.0629387144014997      0.95976728288074031     0.066384274205868538     0.039834644955264904      0.98341739852211385       1.3630241006367587        1.496507812210512   2.1390324944528856e-09     0.039834644955264904       732.05116142436975       5.7934714303969193       5.7934714303969193        2160.101846817151                                                 1417.7315912750289                                               10.31909411775189        29.092415261585472               392.92678167714621                          291.21964564210936                      18.812318843528661
                       4       1081.3652534982798      0.02251617685320241       0.1183906321000729       68.683401387047795       3.0763940269928174      0.94875169957374816     0.065055117854760883     0.022745414357686143      0.99178105505826497       1.3679979526142136       1.5703863427578806   2.1680083477296057e-09     0.022745414357686143       740.17477850328373       5.7934714303969193       5.7934714303969193       2151.1435641357657                                                 1400.2548156110126                                              10.713970021469128        32.820332903041503               392.75414466639666                          289.95076769551594                      24.649533238329649
                       4        1058.545806965745      0.02251617685320241       0.1183906321000729       68.683401387047795       3.0763940269928174      0.94875169957374816     0.065055117854760883     0.022745414357686143      0.99359468701888909       1.3679979526142136       1.5703863427578806   2.1680083477296057e-09     0.022745414357686143       694.53588543821422       5.7934714303969193       5.7934714303969193       2105.5046710706961                                                 1400.2548156110126                                              10.713970021469128        32.317249658431081               392.76331764785454                          247.66129356696752                      21.794024564961074
                       2       1031.1136252203585      0.02251617685320241       0.1183906321000729       68.683401387047795       3.0763940269928174      0.94875169957374816     0.065055117854760883     0.022745414357686143      0.99611843400982758       1.3679979526142136       1.5703863427578806   2.1680083477296057e-09     0.022745414357686143       639.67152194744142       5.7934714303969193       5.7934714303969193        2050.640307579923                                                 1400.2548156110126                                              10.713970021469128        31.633608656349111               392.66872028131553                          197.07391645067256                       18.29527655910416
                       3       1031.1094719317871     0.022455969681071813       0.1183391924110911       68.779085470493811       3.0796783422762184      0.94780220463343312     0.065703847935658921    0.0059679876912372733      0.99748708580934575        1.369295017672381        1.570312242156777   2.1751404763490829e-09    0.0059679876912372733       639.69718814733267       5.7934714303969193       5.7934714303969193       2050.6320010027803                                                 1400.5483003001195                                              10.386512555328139        31.977530834661707               393.10017869922746                          195.33181170704174                      19.287666906401743
                       4       1028.8872140636249     0.022455969681071813       0.1183391924110911       68.779085470493811       3.0796783422762184      0.94780220463343312     0.065703847935658921    0.0059679876912372733      0.99748708580934575       1.3667776131492317       1.7743471020741102   2.1751404763490829e-09    0.0059679876912372733       639.69718814733267       5.7934714303969193       5.7934714303969193        2046.187485266456                                                 1396.1037845637952                                              10.386512555328139        31.977530834661707               393.10017869922746                          195.33181170704174                      19.287666906401743
                       1       1028.9836836284026     0.022455969681071813       0.1183391924110911       68.779085470493811       3.0796783422762184      0.94780220463343312     0.065703847935658921    0.0059679876912372733      0.99748708580934575       1.3579424882470983       1.7773134396796673   2.1751404763490829e-09    0.0059679876912372733       639.69718814733267       5.7934714303969193       5.7934714303969193       2046.3804243960112                                                 1396.2967236933507                                              10.386512555328139        31.977530834661707               393.10017869922746                          195.33181170704174                      19.287666906401743
                       1       1029.3185028625157     0.022203985228333077      0.11825883911732538       68.352520942431781        3.090202953688713      0.95090401794485557     0.071289572120972908      0.04472223431036941      0.99770026808601098       1.3582382994316031       2.0166942443005058   2.1981538757456474e-09      0.04472223431036941       633.80598688957514       5.7934714303969193       5.7934714303969193       2047.0500628642376                                                 1402.1548211220634                                              11.089254852598916        30.872295987427776               396.68250090699871                           186.2010332420495                      20.050156753099191
                       3       1028.2448314212959     0.022252652965063752      0.11629594883789665        68.46240260674719        3.089942498547873      0.95769763802960173     0.075423055792392502      0.10446933807719073       0.9955077011971265       1.3586406621177398       1.9967872798219592   2.1975814298198303e-09      0.10446933807719073       632.08705981761318       5.7934714303969193       5.7934714303969193       2044.9027199817979                                                 1402.5277955172198                                              10.287864646964522        28.498497284578548               399.11837467878121                          192.21633987935454                      12.253847974898907
                       1       1027.6499788926565     0.022252652965063752      0.11629594883789665        68.46240260674719        3.089942498547873      0.95769763802960173     0.075423055792392502      0.10446933807719073       0.9955682883816066       1.3586406621177398       1.9967872798219592   2.1975814298198303e-09      0.10446933807719073       630.89735476033491       5.7934714303969193       5.7934714303969193       2043.7130149245193                                                 1402.5277955172198                                              10.287864646964522        28.484487025152305               399.11837467878121                          191.08923673510714                      12.205256321294277
                       1       1027.0568787778607      0.02229460378111451       0.1162879501855794       68.195235654110178        3.085445526897491      0.96034074548383852      0.07385971619878394      0.14482103336441479      0.99443516036748114       1.3596090182675873       1.9189583656571576   2.1877211557338583e-09      0.14482103336441479       628.24044665704764       5.7934714303969193       5.7934714303969193       2042.5268146949277                                                 1403.3615326380257                                              10.924835399854368        27.470360103338635               397.77018206128167                          192.65650142144236                      10.343403070985028
                       1         1022.05443950955     0.022293832374075812      0.11695909904382353       68.413268149271474       3.0774311115622859       0.9661614534421723     0.073014352741502045      0.08777548602202348      0.98998432746135456       1.3593398290687093       1.7204111821258681   2.1702579220312865e-09      0.08777548602202348       622.45729745057656       5.7934714303969193       5.7934714303969193       2032.5219361583061                                                 1399.5421097013584                                              10.522529006371164        25.940067655524274               396.83838217309261                          186.31921038979399                      13.359637232165682
                       2       1021.4941905252857     0.022282379503556802      0.11679118407013779       68.579227660178702       3.0753917266246602      0.96675202708593322     0.072031379513601404     0.079870811669554412      0.99013939567795284       1.3594521201965779        1.746129321056769   2.1658364407978925e-09     0.079870811669554412       621.66729600431802       5.7934714303969193       5.7934714303969193       2031.4014381897775                                                  1399.453045298327                                              10.281096887132406        25.749054292651294               396.09497960326451                          186.99983835192876                      12.823423756473533
                       1       1021.1513981347775     0.022289965695394792      0.11685957044911578       68.650500851370651        3.074162982079073      0.96654374940935628     0.071400745014721781     0.070976968535638743      0.99005422872700088        1.359131686190173       1.7507835322822276   2.1631768154193454e-09     0.070976968535638743       621.16508633311128       5.7934714303969193       5.7934714303969193       2030.7158534087612                                                 1399.2427670765471                                               10.30799999910287        25.808982750430175               395.66478843316276                           186.5948595494493                       13.09645560006904
                       1       1015.5534842980987     0.022132830400643195      0.11745586020067691       68.608889044699225       3.0729373473293151      0.96203334674578733     0.064855710471064365     0.033697871781593579      0.99592106178362194       1.3672751257586353       1.5624958596996965    2.160527174821978e-09     0.033697871781593579        617.9730345771228       5.7934714303969193       5.7934714303969193       2019.5200257354036                                                 1391.2548330862621                                              10.292158072018841        26.669778316448685               392.30981059066681                          183.44497177146263                      15.548473898544628
                       1       1015.6155607855578     0.022134223176391552      0.11742936152897557       68.610101584371037        3.072983105098348      0.96194330104243508     0.064851120666559472     0.034871843480380658      0.99598580261382719       1.3672394116189199        1.567873972533449    2.160626037987295e-09     0.034871843480380658       618.05434570086072       5.7934714303969193       5.7934714303969193       2019.6441787103217                                                 1391.2955025306171                                              10.294330478843822        26.693910583677905                 392.310430811993                          183.63641971659885                      15.413584588591032
                       1       1011.0741666945885     0.022244187257389501      0.11783454058451445       68.254219781375681       3.0572908469243329      0.95952169416179633     0.058045075687801706     0.039600063739354319      0.99418183846231167        1.365148160476231       1.5370596985455447   2.1269855741227424e-09     0.039600063739354319       617.09907060255193       5.7934714303969193       5.7934714303969193       2010.5613905283831                                                 1381.6826874152512                                              11.779632510579987        27.081277688010516               390.07759782916867                          185.74289313713015                       14.19730194824262
                       2       1011.6297668460014     0.022313749458670058      0.11781871313175146       68.253749371822934       3.0566964974148743      0.96085247068727975     0.057895537305555071     0.049477163423198571      0.99374878194815708       1.3665228663403457       1.3867579294682817   2.1257217768959709e-09     0.049477163423198571       616.75807480099854       5.7934714303969193       5.7934714303969193       2011.6725908312089                                                 1382.8899551714437                                                12.0245608587667        26.738243878556261               389.97872682397804                          186.26919462255151                      13.771909475912697
                       2       1010.3724440530635     0.022313749458670058      0.11781871313175146       68.253749371822934       3.0566964974148743      0.96085247068727975     0.057895537305555071     0.049477163423198571      0.99374878194815708       1.2597470711606487       1.7544902412365087   2.1257217768959709e-09     0.049477163423198571       616.75807480099854       5.7934714303969193       5.7934714303969193       2009.1579452453332                                                 1380.3753095855679                                                12.0245608587667        26.738243878556261               389.97872682397804                          186.26919462255151                      13.771909475912697
                       1       1010.3415157432867     0.022318599623816882      0.11701581536641936       68.605696256661432         3.05370165231278      0.96458665827482359     0.058261237583732542      0.03455524367390423      0.99276615653424161       1.2611885694392426       1.6539832491630115    2.119365092837221e-09      0.03455524367390423       615.83400420848523       5.7934714303969193       5.7934714303969193       2009.0960886257794                                                 1382.9115461545578                                              10.350538262736537        25.684612097855734               390.06221619467328                            187.566952947522                      12.520222968434236
                       1        1010.946618465611     0.022249450354608506      0.11653313482846271       68.522651690532115       3.0558462587723816      0.96415337220251451     0.058671464888202775     0.062898868968413124      0.99424513506008372       1.2613943273710633       1.8074070763019792    2.123915174228599e-09     0.062898868968413124       616.83663717048205       5.7934714303969193       5.7934714303969193       2010.3062940704281                                                  1383.169341584218                                              10.300315315727886        25.702660897698479               390.15072416301058                          190.24343218193084                      10.739819927842206
                       5       1011.0067653884773     0.022216380295893821      0.11644239448162438       68.463185983707234       3.0554733912511693       0.9658148070663074     0.059395944128527209     0.067478986317319453         0.99342702650074       1.2613300042932634       1.8198573583895934    2.123123382868134e-09     0.067478986317319453       616.61454107854513       5.7934714303969193       5.7934714303969193       2010.4265879161608                                                 1383.4901510039563                                              10.321895833659333        25.253560940855209               390.27663494404021                          190.49336532522872                      10.590979868421014
                       1       1010.2447960767365     0.022202550460106427      0.11697126667948367       68.208928267249888       3.0520543242826523      0.96363243998703807     0.058494411646236984     0.080672415049557494      0.99196861715171814        1.255391018460311       2.1493257184321628   2.1158766773848665e-09     0.080672415049557494       616.93362325697819       5.7934714303969193       5.7934714303969193       2008.9026492926791                                                 1380.7806641146781                                              11.188361921023281        25.792350440555197                390.1249686871281                          190.63161589631483                      10.384688232979974
                       2       1010.0618854869865     0.022198775186061739      0.11693955325300831       68.264241880550415       3.0507062523169557      0.96375696661776644     0.057961893551266394     0.075311077838491627      0.99186698075173696       1.2552031203096186       2.1629867344509073   2.1130262450788272e-09     0.075311077838491627       616.85118229295574       5.7934714303969193       5.7934714303969193       2008.5368281131791                                                 1380.7693557207842                                              10.916290099439033        25.745357352654764               390.03292769724459                          190.72966738573041                      10.343229857326062
                       6        1007.937252579516     0.022198775186061739      0.11693955325300831       68.264241880550415       3.0507062523169557      0.96375696661776644     0.057961893551266394     0.075311077838491627      0.99208587707944973       1.2552031203096186       2.1629867344509073   2.1130262450788272e-09     0.075311077838491627       612.60191647801469       5.7934714303969193       5.7934714303969193       2004.2875622982381                                                 1380.7693557207842                                              10.916290099439033        25.703046023758532               390.04104611550468                          186.64141909549886                      10.216405243252584
                       2       1009.0136121561798     0.022198775186061739      0.11693955325300831       68.264241880550415       3.0507062523169557      0.96375696661776644     0.057961893551266394     0.075311077838491627      0.99208587707944973       1.4110734922556809       2.5258922022031136   2.1130262450788272e-09     0.075311077838491627       612.60191647801469       5.7934714303969193       5.7934714303969193       2006.4402814515656                                                 1382.9220748741118                                              10.916290099439033        25.703046023758532               390.04104611550468                          186.64141909549886                      10.216405243252584
                       2       1009.9494564073229     0.022111004933674211      0.11661326131571638        68.32959203291999       3.0401280157713129      0.96448292331687979     0.052835054477887132     0.075649539464683516      0.99239910215862348       1.4107863793782645       2.7020523740427067   2.0907919607235246e-09     0.075649539464683516       614.54118745248991       5.7934714303969193       5.7934714303969193        2008.311969953852                                                 1383.3544431597234                                              10.416339341638846        25.228132279387637               390.07572114802724                          190.30652126229913                      8.9308127627758331
                       1       1010.3597446653299     0.022166616579815307       0.1171330988284862       68.192514217818584       3.0379328266007062      0.96109351249101982     0.048996612214890892     0.066533079516861202      0.99452905653050738       1.4143366832020263       2.4769791187057848   2.0862073107813686e-09     0.066533079516861202       615.24667012399698       5.7934714303969193       5.7934714303969193       2009.1325464698659                                                 1382.5667730816406                                              11.319103264228252         26.02128782026989               391.18281249664938                          188.60392588122087                      9.4386439258568569
                       2       1009.4041350099615     0.021960030536808881      0.11790618037872956       68.340951120468873       3.0500532566932472      0.95680251332268174     0.051470925695120413    0.0017381164941372151      0.99813150814537344        1.416249380368847       2.5498388760909259   2.1116468985906332e-09    0.0017381164941372151       611.99115395692536       5.7934714303969193       5.7934714303969193        2007.221327159129                                                 1384.6303095839737                                              10.599863618229788        27.318269002997965               390.13424892100875                          181.45741175289319                      13.081224280025451
                      10       953.99069901930829     0.021960030536808881      0.11790618037872956       68.340951120468873       3.0500532566932472      0.95680251332268174     0.051470925695120413    0.0017381164941372151       1.0072955935831769        1.416249380368847       2.5498388760909259   2.1116468985906332e-09    0.0017381164941372151       501.16428197561902       5.7934714303969193       5.7934714303969193       1896.3944551778227                                                 1384.6303095839737                                              10.599863618229788        25.476081553717449               390.24703115254437                          77.060029594209723                      8.3811396751474927
                       6        950.9493768625905     0.021960030536808881      0.11790618037872956       68.340951120468873       3.0500532566932472      0.95680251332268174     0.051470925695120413    0.0017381164941372151       1.0134075998464953        1.416249380368847       2.5498388760909259   2.1116468985906332e-09    0.0017381164941372151       495.08163766218365       5.7934714303969193       5.7934714303969193       1890.3118108643871                                                 1384.6303095839737                                              10.599863618229788        24.389861311010634               390.39996571064199                          71.388348927289798                      8.9034617132411782
                       5       951.26972516596902     0.022116966245110888      0.11814393375164799       67.968726872928997       3.0471222451640765      0.96369225180275198     0.052124607926589288     0.051177199091761973       1.0099319715811765       1.4198746929756725        2.101656530068329   2.1054666987282701e-09     0.051177199091761973       493.61940975083542       5.7934714303969193       5.7934714303969193       1890.9525074711441                                                 1383.7289104679089                                               13.60418725239947        22.972762051523773               390.49882114452038                          71.021262976314262                      9.1265635784769952
                       1       950.04315313823179     0.022145322383209331       0.1183228233077871        67.96175688063353       3.0441990012286309      0.96540670931579264     0.052928867639449276     0.047661188938216824       1.0072019825030536       1.4164541751303792       2.1834196214642012   2.0993208931908196e-09     0.047661188938216824       493.64480887618225       5.7934714303969193       5.7934714303969193       1888.4993634156697                                                 1380.7875045377762                                              14.067050001711019        22.701230721185937               390.36373073980633                          71.522070361901044                      9.0577770532889286
                       9       948.50715891141635     0.022145322383209331       0.1183228233077871        67.96175688063353       3.0441990012286309      0.96540670931579264     0.052928867639449276     0.047661188938216824        1.005956518482271       1.4164541751303792       2.1834196214642012   2.0993208931908196e-09     0.047661188938216824       490.57282042255156       5.7934714303969193       5.7934714303969193       1885.4273749620388                                                 1380.7875045377762                                              14.067050001711019        22.873681900810311               390.32948663599387                          68.664954486020164                      8.7046973997272001
                       4       948.52326584736102     0.022145322383209331       0.1183228233077871        67.96175688063353       3.0441990012286309      0.96540670931579264     0.052928867639449276     0.047661188938216824        1.005956518482271       1.4295399634587658       2.1523154440655548   2.0993208931908196e-09     0.047661188938216824       490.57282042255156       5.7934714303969193       5.7934714303969193       1885.4595888339281                                                 1380.8197184096657                                              14.067050001711019        22.873681900810311               390.32948663599387                          68.664954486020164                      8.7046973997272001
                       5       949.22100615826048     0.022145322383209331       0.1183228233077871        67.96175688063353       3.0441990012286309      0.96540670931579264     0.052928867639449276     0.047661188938216824        1.005956518482271       1.4485416141753442       2.1900761766890717   2.0993208931908196e-09     0.047661188938216824       490.57282042255156       5.7934714303969193       5.7934714303969193       1886.8550694557271                                                 1382.2151990314646                                              14.067050001711019        22.873681900810311               390.32948663599387                          68.664954486020164                      8.7046973997272001
                       1       948.06882262241754      0.02216522684518718      0.11812827909050223       68.155830517679206        3.045021789524708      0.96607502355402963     0.054344600267998359     0.036106078021620705       1.0051641889395106       1.4471297581487934       2.2239394155357366   2.1010489006461169e-09     0.036106078021620705       490.26384637585204       5.7934714303969193       5.7934714303969193       1884.5507023840412                                                 1381.9838762275745                                              12.302979780614269        22.805560727193949               390.12775196388901                          68.678800335151337                      8.6517333496177802
                       5        948.8164757201406     0.022250003718159456      0.11726621510331352       68.376153932026597       3.0400797890306901      0.96579318762881317     0.051991005513150015     0.048810028265820059       1.0059862264158226       1.4479767141444739       2.1866376938925138    2.090691131073301e-09     0.048810028265820059       491.31936059628026       5.7934714303969193       5.7934714303969193       1886.0460085794873                                                 1383.8973175196898                                               10.82933046351731        22.781040192632247               390.62731098357017                          67.963856674040983                      9.9471527460368545
                       2       949.47408669210608     0.022208347724629124      0.11726602776520546       68.427723145087612       3.0329389038895518      0.96831299500383339     0.049670534137219467     0.038973330551299173       1.0045981087298383       1.4477255434125222       2.2126421362416826   2.0758149236990161e-09     0.038973330551299173       492.76396248404848       5.7934714303969193       5.7934714303969193       1887.3612305234183                                                 1384.0173076736139                                               10.57996036575582         22.25168042353755               391.62940136607983                          68.563405415585876                       10.31947527884523
                       1       951.22163235004518     0.022208347724629124      0.11726602776520546       68.427723145087612       3.0329389038895518      0.96831299500383339     0.049670534137219467     0.038973330551299173       1.0045981087298383      0.84795589166539798       3.1076365550058789   2.0758149236990161e-09     0.038973330551299173       492.76396248404848       5.7934714303969193       5.7934714303969193       1890.8563218392965                                                 1387.5123989894919                                               10.57996036575582         22.25168042353755               391.62940136607983                          68.563405415585876                       10.31947527884523
                       2       951.19529132610762     0.022258366669354844      0.11735356081632001       68.492925857853152       3.0331022034993853      0.96869433619975331     0.050026521265574379     0.031005268894897017       1.0040770855517915      0.84823682214643437       3.0098086617609332   2.0761539311452812e-09     0.031005268894897017       492.19061495126141       5.7934714303969193       5.7934714303969193       1890.8036397914213                                                 1388.0716619389716                                              10.541362901188135        22.228373424512711                391.4897908530819                          68.545350587767118                      9.9271000858996636
                       1       951.02589996222741     0.022247687551320925      0.11749606577437406       68.428953951047916       3.0343123156065976      0.96829044266285969     0.050278498603698263     0.030477584107566576       1.0043060218275959      0.84858075055427085        2.994136906746987   2.0786678308972865e-09     0.030477584107566576       491.90112425878402       5.7934714303969193       5.7934714303969193       1890.4648570636609                                                 1387.7913343775226                                              10.772398427354414        22.301266277650029               391.37679684049522                          68.591817795801234                       9.631243344837495
                       4       950.84516309596199     0.022250043685996323      0.11754373086401387       68.436551365565435       3.0346085342153395      0.96814391125997024      0.05031859425393248      0.02935263409121678       1.0043519286447795      0.84850260770392483       2.9956167481923286   2.0792836621960335e-09      0.02935263409121678       491.77473513939134       5.7934714303969193       5.7934714303969193       1890.1033833311301                                                 1387.5642756571474                                              10.764372534591192        22.334981084462243               391.34003096776837                          68.537896961897289                      9.5618261252634245
                       6       950.14956995264185     0.022250043685996323      0.11754373086401387       68.436551365565435       3.0346085342153395      0.96814391125997024      0.05031859425393248      0.02935263409121678       1.0043519286447795      0.96334700111658289       2.1624369782428596   2.0792836621960335e-09      0.02935263409121678       491.77473513939134       5.7934714303969193       5.7934714303969193       1888.7121970444898                                                 1386.1730893705071                                              10.764372534591192        22.334981084462243               391.34003096776837                          68.537896961897289                      9.5618261252634245
                       2       950.10707431944422     0.022246243565240235      0.11748782754576736       68.381989685955432       3.0356299196436187      0.96736560301767183     0.050780379365261467     0.034084875416049348       1.0045592331172459      0.96287536076111935       2.2003867565114432   2.0814084971828818e-09     0.034084875416049348        491.5995360675019       5.7934714303969193       5.7934714303969193       1888.6272057780945                                                   1386.07425570905                                              10.953414001542811        22.469964329064226               391.12813077926705                          68.399764006395387                      9.6016769527752146
                       2       949.84242843799211     0.022246243565240235      0.11748782754576736       68.381989685955432       3.0356299196436187      0.96736560301767183     0.050780379365261467     0.034084875416049348       1.0026168198740031      0.96287536076111935       2.2003867565114432   2.0814084971828818e-09     0.034084875416049348       491.07024430459734       5.7934714303969193       5.7934714303969193       1888.0979140151903                                                   1386.07425570905                                              10.953414001542811        22.730747403487385               391.08170412815701                          68.392508830412581                      8.8652839425403513
                       1       948.90386808770165     0.022253476736242405      0.11801885239113143       68.427269963043386       3.0390770264954532      0.96644217204257943     0.052199041266132548    0.0087364996060750912       1.0023242098022633      0.96230639351489478       2.1564812421885344   2.0885957151122038e-09    0.0087364996060750912       489.94313877962708       5.7934714303969193       5.7934714303969193       1886.2207933146094                                                 1385.1876563152057                                              11.089998219776502        23.001574432025564               390.53030733762984                          68.064714685214739                       8.346542324756987
                       3       949.10925518427621     0.022270474295043946      0.11715183333879113       68.769609693940041       3.0458433323327552      0.96834924704483571     0.056580580046324151    0.0081155639809943787       1.0024475265879829       0.9627544269965308        2.131080309183814   2.1027757114871882e-09    0.0081155639809943787       489.32545313139025       5.7934714303969193       5.7934714303969193       1886.6315675077585                                                 1386.9394997383667                                              10.366614638001364        22.739335576328813               390.02903270707702                          68.141349933033581                      8.4157349149508356
                       1       948.93033421475218     0.022270474295043946      0.11715183333879113       68.769609693940041       3.0458433323327552      0.96834924704483571     0.056580580046324151    0.0081155639809943787       1.0033630890559861       0.9627544269965308        2.131080309183814   2.1027757114871882e-09    0.0081155639809943787       488.96761119234236       5.7934714303969193       5.7934714303969193       1886.2737255687105                                                 1386.9394997383667                                              10.366614638001364        22.614344252985404               390.07073542352111                          67.683153448493385                      8.5993780673424371
                       1       949.17324885420453     0.022290406376391059      0.11709296643470836       68.829728873804683       3.0453929126768058      0.96862375691316016     0.056610961617927794      0.00644433195639596       1.0031155968409766      0.96252969995896265       2.1208296614782727   2.1018287932459847e-09      0.00644433195639596       488.96583825215509       5.7934714303969193       5.7934714303969193       1886.7595548476152                                                 1387.3359495510695                                              10.457767044390623        22.577218578044096               390.09366251633276                           67.64085619831053                      8.6541009594677138
                       2       949.45934279561845     0.022278295297513313      0.11735160821598177       68.667652292395488       3.0517322598140861      0.96362022484930587     0.056909613887690842     0.038386949613490019       1.0059057630424855      0.96036563100506722       2.3853758025174914   2.1151953384106397e-09     0.038386949613490019       489.54880044577197       5.7934714303969193       5.7934714303969193        1887.331742730443                                                 1387.5029349329602                                              10.280007351710834        23.621514747826041               390.03916899851009                          67.076484276079952                      8.8116324233558707
                       4       947.82351131754706     0.022278295297513313      0.11735160821598177       68.667652292395488       3.0517322598140861      0.96362022484930587     0.056909613887690842     0.038386949613490019       1.0059057630424855       1.4035561828862764       2.3513102073928844   2.1151953384106397e-09     0.038386949613490019       489.54880044577197       5.7934714303969193       5.7934714303969193       1884.0600797743002                                                 1384.2312719768174                                              10.280007351710834        23.621514747826041               390.03916899851009                          67.076484276079952                      8.8116324233558707
                       7       948.56991276452675     0.022278295297513313      0.11735160821598177       68.667652292395488       3.0517322598140861      0.96362022484930587     0.056909613887690842     0.038386949613490019       1.0059057630424855       1.3024015519415371       1.6215595341235369   2.1151953384106397e-09     0.038386949613490019       489.54880044577197       5.7934714303969193       5.7934714303969193       1885.5528826682596                                                 1385.7240748707768                                              10.280007351710834        23.621514747826041               390.03916899851009                          67.076484276079952                      8.8116324233558707
                      11       948.97576929492857     0.022329392295492183       0.1175094507059353       68.599170884597029       3.0533396182561976        0.965091441699932     0.057701390200049316     0.041418350008912988       1.0054930227090089       1.3048114110549118       1.3965881614102642   2.1185979493696915e-09     0.041418350008912988       489.10309827546911       5.7934714303969193       5.7934714303969193       1886.3645957290632                                                 1386.8882999582802                                              10.373197495314137        23.365245156844026               390.04878913973175                          67.120243202346586                      8.5688207765467101
                       2       949.95614540101769     0.022343450186363089      0.11724589495251336       68.762037249091165       3.0560774440006186      0.96624062506566133     0.059014624964837066      0.03370400950826534       1.0058585494653551       1.3068104018224289       1.2680397932004353    2.124406248805316e-09      0.03370400950826534       489.00784544817998       5.7934714303969193       5.7934714303969193       1888.3253479412415                                                 1389.0048517862015                                              10.312650706859827        23.172901777619188               390.22971512458724                          67.117029054486608                      8.4881994914869576
                      11       949.97043188941586     0.022344099635105939      0.11724416525305183       68.768467520261055       3.0561065961005029      0.96633923657867515     0.059075606218870189     0.032759677313846436       1.0058100670722312       1.3068655493324381       1.2610219036234263    2.124468180611193e-09     0.032759677313846436       488.99966032641032       5.7934714303969193       5.7934714303969193       1888.3539209180378                                                 1389.0362898498438                                               10.31797074178378        23.155549851840476               390.24719290497075                          67.121304022938759                      8.4756135466603215
                       1       950.02321655494961     0.022343727220304442      0.11726143363561828        68.81464876692948       3.0563261529412933      0.96639661843866342     0.059226640796894284     0.027146595952544032       1.0057555904677176        1.306812055956984       1.2564194520515346   2.1249346733422484e-09     0.027146595952544032       488.94378055096882       5.7934714303969193       5.7934714303969193       1888.4594902491053                                                 1389.1448290562839                                              10.370880641852565        23.157610453552593               390.24967465185608                          67.114480315095108                      8.4220151304649917
                       1       950.13329644460202     0.022343727220304442      0.11726143363561828        68.81464876692948       3.0563261529412933      0.96639661843866342     0.059226640796894284     0.027146595952544032       1.0050635196906101        1.306812055956984       1.2564194520515346   2.1249346733422484e-09     0.027146595952544032       489.16394033027331       5.7934714303969193       5.7934714303969193       1888.6796500284102                                                 1389.1448290562839                                              10.370880641852565        23.259954822746636               390.22893160694628                          67.349448267271953                      8.3256056333084594
                       4        950.2783961052121     0.022338084404433401      0.11733993305605266       68.800975778552171       3.0576959640784671      0.96561435530908779     0.059369463232208396     0.025489014858864217        1.005582446826593       1.3070652719008666       1.2551011305717963   2.1278474270293266e-09     0.025489014858864217       489.30615649679402       5.7934714303969193       5.7934714303969193       1888.9698493496303                                                 1389.3198386790334                                              10.343854173803058        23.430825902565914               390.26751607043599                          67.325261918829867                      8.2825526049622216
                       1       949.74072347196966     0.022329875706930367      0.11736855283223258        68.67857808805617        3.062100255376357      0.96286899935155279     0.062212614751424374     0.023005331305673803       1.0052381209969152       1.3036849268225947       1.4147685647145505   2.1372397550271404e-09     0.023005331305673803       491.23419519165816       5.7934714303969193       5.7934714303969193       1887.8945040831454                                                 1386.3468844277356                                              10.313424463751488        24.108208036663996               391.06623000204098                          67.844569480662557                      8.2151876722906376
                       1       948.06205013927502     0.022329875706930367      0.11736855283223258        68.67857808805617        3.062100255376357      0.96286899935155279     0.062212614751424374     0.023005331305673803       1.0052381209969152       1.4686139293624378       1.4333642356676655   2.1372397550271404e-09     0.023005331305673803       491.23419519165816       5.7934714303969193       5.7934714303969193       1884.5371574177561                                                 1382.9895377623466                                              10.313424463751488        24.108208036663996               391.06623000204098                          67.844569480662557                      8.2151876722906376
                       5       950.11096838426579      0.02233883641692733      0.11643332172582764       68.893779110974279        3.061987254036973      0.96029639952782675     0.061810674338154445     0.043672077254293763       1.0069727809514222       1.4661173472908278        1.708681360846189   2.1369982577172545e-09     0.043672077254293763       494.31624904133304       5.7934714303969193       5.7934714303969193       1888.6349939077377                                                 1383.4689120037617                                              10.849832862642707        24.667577647260202               390.91676800116255                          69.916306781070887                      8.8155966118394087
                       5       950.41047838467091      0.02233883641692733      0.11643332172582764       68.893779110974279        3.061987254036973      0.96029639952782675     0.061810674338154445     0.043672077254293763       1.0069727809514222       1.0490395344978614       2.8348312397928899   2.1369982577172545e-09     0.043672077254293763       494.31624904133304       5.7934714303969193       5.7934714303969193       1889.2340139085479                                                  1384.067932004572                                              10.849832862642707        24.667577647260202               390.91676800116255                          69.916306781070887                      8.8155966118394087
                       4       945.91726815561458       0.0221337910075898      0.11758939110811882       68.574588164360918       3.0450515124196955      0.96481425152675682     0.053937161144070996     0.016348962200307997       1.0047937209670657       1.0508273300229283       2.8407816182071288   2.1011113508300497e-09     0.016348962200307997       489.67254121906564       5.7934714303969193       5.7934714303969193       1880.2475934504353                                                 1380.2836182669332                                              10.291433964436461        23.287685219451816               390.15485084392037                          67.695997885492815                      8.5340072702006218
                       5       945.73663869958955     0.022157799526226974      0.11758192670326377        68.58605021582953       3.0474462146296553       0.9647180409618592     0.054814155584426115     0.016453581252476007       1.0051055051042548       1.0518009899459007       2.7591676699110432   2.1061489161522912e-09     0.016453581252476007       489.33654384510663       5.7934714303969193       5.7934714303969193       1879.8863345383852                                                 1380.2547461494473                                              10.295044543831246        23.348025817208622               390.01122830567556                          67.541457631314884                      8.4358320909075957
                       1       947.25517048918607     0.022221216567263499      0.11719277743210656       68.534892740409475       3.0406527339883196      0.96228582889267256     0.050550962009712534     0.035333981194202502       1.0064278064153178       1.0523213172556802       2.7669973582621026   2.0918893252316835e-09     0.035333981194202502       491.79947026469148       5.7934714303969193       5.7934714303969193       1882.9233981175782                                                 1380.7744483340402                                              10.349479518846481        23.716660246558661               390.94037112455175                          67.906148523376842                       9.236290370204248
                       2       947.15281545256221     0.022220740045570939      0.11722674739702192       68.532045175818553       3.0407610883165366      0.96208684958762514     0.050594970090334403     0.033404819642824476       1.0064146834823577       1.0521788132333438       2.7708098762733688    2.092116002774748e-09     0.033404819642824476       491.74747646629771       5.7934714303969193       5.7934714303969193       1882.7186880443305                                                 1380.6096155322232                                              10.361596045809543        23.763222803468125               390.90393248575748                          67.920497860961333                      9.1598233161107707
                       1       947.35046682660652     0.022245182220010221      0.11700031236802411       68.740707512386649       3.0367282001414404      0.96376382173712161     0.049934254558231327     0.022723085877442067       1.0051661789030781       1.0510425279135664       2.7907030421105969   2.0836957233213611e-09     0.022723085877442067       492.08948175104308       5.7934714303969193       5.7934714303969193       1883.1139907924191                                                  1380.646641771054                                              10.377867270322207        23.407928708139025               391.30324359552179                          67.860649827978634                      9.5176596194035969
                       1        947.5491573939446     0.022204945744866925      0.11663351805867324       68.738101324848472       3.0396386172075793      0.96376645936001371     0.051715475617505433     0.032603242961526072       1.0054764772475617       1.0503701559192418       2.8930124362488643    2.089768980483829e-09     0.032603242961526072       492.08119253597272       5.7934714303969193       5.7934714303969193       1883.5113719270953                                                 1380.9199617397151                                              10.510217651407467        23.413906784636424               390.60890863086775                          68.179557707363955                      9.8788194131045941
                       4       947.65783925300002     0.022204945744866925      0.11663351805867324       68.738101324848472       3.0396386172075793      0.96376645936001371     0.051715475617505433     0.032603242961526072       1.0052798039632296       1.0503701559192418       2.8930124362488643    2.089768980483829e-09     0.032603242961526072       492.29855625408373       5.7934714303969193       5.7934714303969193       1883.7287356452061                                                 1380.9199617397151                                              10.510217651407467        23.443730306196812               390.63202436248571                          68.441177755284684                      9.7816238301165122
                       2        948.7053719584776     0.022230807120217921      0.11639400237953941       68.665837798397945       3.0385073490772498       0.9636704248986816     0.051328251910654502     0.052318873985911368       1.0053224073807114       1.0500789499850351       2.9198271966173279   2.0874062281416501e-09     0.052318873985911368       493.69334601692447       5.7934714303969193       5.7934714303969193       1885.8238010561613                                                 1381.7343902316518                                              10.396064807585136        23.431185773211382               390.66721035985915                          68.861730560173996                      10.733219323679911
                       4       949.38437906679474     0.022230807120217921      0.11639400237953941       68.665837798397945       3.0385073490772498       0.9636704248986816     0.051328251910654502     0.052318873985911368       1.0053224073807114      0.96988020790543761       3.0061675308093938   2.0874062281416501e-09     0.052318873985911368       493.69334601692447       5.7934714303969193       5.7934714303969193       1887.1818152727956                                                 1383.0924044482861                                              10.396064807585136        23.431185773211382               390.66721035985915                          68.861730560173996                      10.733219323679911
                       2       951.17664939785459     0.022317537184840659      0.11745640938394654       68.409809205059886       3.0359934520074039      0.96093909216092366     0.047121397508881543     0.056709570634451159       1.0066676702431741      0.97248077533508337        2.792026169094787   2.0821652940856146e-09     0.056709570634451159        495.1744347589925       5.7934714303969193       5.7934714303969193       1890.7663559349153                                                 1384.7165167979558                                              10.875404377967087        24.005101846724699               392.54091279768977                          68.771333250628516                      9.8570868639495277
                       8       951.99504720971242     0.022317537184840659      0.11745640938394654       68.409809205059886       3.0359934520074039      0.96093909216092366     0.047121397508881543     0.056709570634451159       1.0057482500793287      0.97248077533508337        2.792026169094787   2.0821652940856146e-09     0.056709570634451159       496.81123038270806       5.7934714303969193       5.7934714303969193        1892.403151558631                                                 1384.7165167979558                                              10.875404377967087         24.15535375920507               392.51853851044831                          70.699948746827275                      9.4373893662274337
                       3       951.27641780960357     0.022271386590638008      0.11776176588118462       68.221314720601924       3.0435841085290933      0.95981039302277027     0.050973777407094752     0.072932119941680904       1.0054763574482763       0.9692478731109071       3.0047015758747868   2.0980304328875793e-09     0.072932119941680904       494.52679515604211       5.7934714303969193       5.7934714303969193       1890.9658927584132                                                 1384.6648554803085                                              11.774242122062535        24.539234747283672               390.59356942085986                          70.301019439232448                      9.0929715486661049
                       9       952.09912772114774     0.022271386590638008      0.11776176588118462       68.221314720601924       3.0435841085290933      0.95981039302277027     0.050973777407094752     0.072932119941680904       1.0054763574482763       1.2194740099018302       2.9688891489463711   2.0980304328875793e-09     0.072932119941680904       494.52679515604211       5.7934714303969193       5.7934714303969193       1892.6113125815016                                                 1386.3102753033968                                              11.774242122062535        24.539234747283672               390.59356942085986                          70.301019439232448                      9.0929715486661049
                       1       951.57259769004997     0.022271386590638008      0.11776176588118462       68.221314720601924       3.0435841085290933      0.95981039302277027     0.050973777407094752     0.072932119941680904       1.0059747921291791       1.2194740099018302       2.9688891489463711   2.0980304328875793e-09     0.072932119941680904       493.47373509384681       5.7934714303969193       5.7934714303969193       1891.5582525193061                                                 1386.3102753033968                                              11.774242122062535        24.454005241373466               390.58838474692004                          69.154322118604739                      9.2770229869485448
                       2       951.04643085997054     0.022157765422428387      0.11884692610769705       68.075393816393756       3.0411735597012166      0.95515080123014517     0.048573267377598248     0.017075312826809644       1.0064259281900432       1.2174795356978112       3.1027439181014427   2.0929791187524079e-09     0.017075312826809644       494.16192955981933       5.7934714303969193       5.7934714303969193       1890.5059188591472                                                 1382.6373155207928                                              13.706673778535125        25.561061420440524                391.2950230844238                            69.0284750436374                      8.2773700113176112
                       6        948.4917493374021     0.022157765422428387      0.11884692610769705       68.075393816393756       3.0411735597012166      0.95515080123014517     0.048573267377598248     0.017075312826809644       1.0064259281900432       1.2613896208772573       2.5566365981774739   2.0929791187524079e-09     0.017075312826809644       494.16192955981933       5.7934714303969193       5.7934714303969193       1885.3965558140103                                                 1377.5279524756561                                              13.706673778535125        25.561061420440524                391.2950230844238                            69.0284750436374                      8.2773700113176112
                       1       948.71698547094093      0.02217264370190768      0.11843878807712385       67.841356757047791       3.0388492761168129       0.9601837935410803     0.050553121117816735     0.042908151000154271       1.0034637260000132         1.26210526941095        2.420072882568884   2.0881200908111232e-09     0.042908151000154271       491.87493122035369       5.7934714303969193       5.7934714303969193        1885.847028081088                                                  1377.913438369163                                              16.058658491571425        24.269680459519066               390.70313926454816                          68.554739184731559                      8.3473723115549152
                       6       948.20395815729671      0.02217264370190768      0.11843878807712385       67.841356757047791       3.0388492761168129       0.9601837935410803     0.050553121117816735     0.042908151000154271       1.0044964331734643         1.26210526941095        2.420072882568884   2.0881200908111232e-09     0.042908151000154271       490.84887659306509       5.7934714303969193       5.7934714303969193       1884.8209734537995                                                  1377.913438369163                                              16.058658491571425        24.098302174299931               390.70631294441597                          67.552893866934966                      8.4913676074142312
                       5       948.28787658693818      0.02217264370190768      0.11843878807712385       67.841356757047791       3.0388492761168129       0.9601837935410803     0.050553121117816735     0.042908151000154271       1.0044964331734643       1.2540423392545923       2.4798546932870225   2.0881200908111232e-09     0.042908151000154271       490.84887659306509       5.7934714303969193       5.7934714303969193       1884.9888103130825                                                  1378.081275228446                                              16.058658491571425        24.098302174299931               390.70631294441597                          67.552893866934966                      8.4913676074142312
                       5       947.86512974187781     0.022236360398302315      0.11903232164901377       67.962224942174259       3.0367588600689559      0.96396072475870798     0.050862079024730035     0.012559172153510545       1.0019283138326533       1.2553752756003438       2.2012304025363805   2.0837596102605821e-09     0.012559172153510545       490.42759721997197       5.7934714303969193       5.7934714303969193       1884.1433166229617                                                  1377.671095425558                                              16.044623977431975        23.407867914366761               390.77458735648753                          67.886333642260794                      8.3588083068568473
                       1       947.85154255890882     0.022236360398302315      0.11903232164901377       67.962224942174259       3.0367588600689559      0.96396072475870798     0.050862079024730035     0.012559172153510545       1.0019283138326533       1.2577988609323341       2.1890754864043918   2.0837596102605821e-09     0.012559172153510545       490.42759721997197       5.7934714303969193       5.7934714303969193       1884.1161422570237                                                   1377.64392105962                                              16.044623977431975        23.407867914366761               390.77458735648753                          67.886333642260794                      8.3588083068568473
                       2        948.1979108925027     0.022146899273484351      0.11820969384651839       68.073010754713678       3.0326486313967225        0.964767436569965     0.049834180707963312     0.014758900309665906       1.0022040745011469       1.2572565314736996        2.362513298447896    2.075212459170132e-09     0.014758900309665906       490.94415468330374       5.7934714303969193       5.7934714303969193       1884.8088789242115                                                 1380.5361151890465                                              13.328609051861237        23.073174360999644               391.30898224759204                           68.05985504780854                      8.5021430269035161
                       1       946.08211763953693     0.022156913271730777       0.1176965585357598       68.361350583010974        3.033346350548372      0.96574876292318579     0.049084526432861438     0.014898547456349547       1.0038849008294877       1.2603205897648941       2.2636680031128038   2.0766608798833137e-09     0.014898547456349547       491.37856662900344       5.7934714303969193       5.7934714303969193         1880.57729241828                                                 1378.2445943552684                                              10.954131434008186        22.865546515388985               391.74789907775295                          67.897950754908621                      8.8671702809529283
                       5       946.35171240854504     0.022032650136374836      0.11756820698590585       68.240209462905881       3.0379790975034222      0.96736245409599508     0.052137293441736336     0.034407064838265514       1.0034970490774706       1.2584478439719886       2.5013474254476096   2.0863038437102072e-09     0.034407064838265514       491.57149421004596       5.7934714303969193       5.7934714303969193       1881.1164819562962                                                 1378.5981420704672                                               10.94684567578301        22.577421952987606               390.60700169895455                          69.351404651181994                      9.0356659069217784
                       5       947.22100949143589     0.022075198429734162      0.11777288988027507       68.208913158022767       3.0364121371152821      0.97109705188352524     0.052836734385915116     0.040056696111596346       1.0013067296669886        1.258813011672048        2.369145843811109   2.0830372482107548e-09     0.040056696111596346       492.76158546310086       5.7934714303969193       5.7934714303969193       1882.8550761220779                                                 1378.8015506872205                                              11.291939971756619         21.98339116863599                390.5324183989635                          71.241775879528888                      9.0040000159725189
                       3       947.35279497563363     0.022248547564514658      0.11733915173684265       68.193625582907686       3.0515715502711616      0.97003401475863871     0.060084152824765119     0.067774902367334466       1.0020512709978182       1.2605640366069435       2.0953049583552072   2.1148554336483086e-09     0.067774902367334466       489.94511607480405       5.7934714303969193       5.7934714303969193       1883.1186470904734                                                 1381.4320344824687                                              11.741496533200939        22.380488074561811               390.54178866689733                          68.325246463578637                      8.6975928697662361
                       2       947.55978569882961     0.022248547564514658      0.11733915173684265       68.193625582907686       3.0515715502711616      0.97003401475863871     0.060084152824765119     0.067774902367334466       1.0020512709978182        1.260330789880556        1.815686520725891   2.1148554336483086e-09     0.067774902367334466       489.94511607480405       5.7934714303969193       5.7934714303969193       1883.5326285368653                                                 1381.8460159288604                                              11.741496533200939        22.380488074561811               390.54178866689733                          68.325246463578637                      8.6975928697662361
                       4         950.060175752801     0.022229671191138334      0.11904979045381117       67.864806132787749       3.0557875725922643      0.96136880531899316     0.059412462228515005      0.01682798270850943       1.0033236262732261       1.2574933449356105       1.8874163643595732   2.1237905334175131e-09      0.01682798270850943       491.43935811026614       5.7934714303969193       5.7934714303969193       1888.5334086448081                                                 1379.7225402824192                                               17.37151025212286        24.252771938996545               390.44430409297587                          67.801850518633117                      8.9404315596606114
                       2       950.15364108952758     0.022229671191138334      0.11904979045381117       67.864806132787749       3.0557875725922643      0.96136880531899316     0.059412462228515005      0.01682798270850943       1.0040722487920835       1.2574933449356105       1.8874163643595732   2.1237905334175131e-09      0.01682798270850943       491.62628878371936       5.7934714303969193       5.7934714303969193       1888.7203393182613                                                 1379.7225402824192                                               17.37151025212286        24.128231731767471               390.43031287224773                          68.339816061642324                      8.7279281180618593
                       4       952.57217690585082     0.022281001614290225      0.11911698760744131       67.850436668015277       3.0511326145574795      0.96492634158164059     0.059601950825711722     0.015775204517190781       1.0010537937293758       1.2564526677531616       1.8011466764900497   2.1139273517682478e-09     0.015775204517190781       491.57411492069195       5.7934714303969193       5.7934714303969193       1893.5574109509078                                                 1383.7119659088739                                              18.271330121341833        23.385485169194851               390.45084225355487                          68.981628606434271                      8.7561588915079653
                       1       952.84871684091991     0.022271090141413295      0.11913503073195682       67.916771429616588       3.0539120135850482       0.9638834186715316     0.061068255162679372    0.0078137355141885238       1.0010990950752745       1.2548472273166533       1.8913824685160807    2.119810972070768e-09    0.0078137355141885238       492.17636068737465       5.7934714303969193       5.7934714303969193       1894.1104908210459                                                 1384.6601091172383                                               17.27402101643267         23.66566369710489               390.84844284027389                           68.76906566512001                      8.8931884848758678
                       2       954.95923218076723     0.022317495533678695      0.11921640217258037       67.791306073832772       3.0540125733458461      0.96372670279922446     0.061398963478165383     0.024488529346475947       1.0005594569678282       1.2539798479676403       1.8919104974671519   2.1200241504734612e-09     0.024488529346475947       492.50307049585655       5.7934714303969193       5.7934714303969193       1898.3315215007406                                                 1386.2132884856567                                              19.615162519227461        23.739823371952525               390.91539610650904                          68.999137944491309                      8.8487130729036227
                       1        951.7596544106143     0.022293180743560723      0.11866952812801079        67.80857210691353       3.0657078585720012       0.9611410325925569     0.063287782201739848     0.076036345347871223       1.0054117078711575       1.2569156585192356       1.9777684490242897   2.1449639926118825e-09     0.076036345347871223       492.22903247974904       5.7934714303969193       5.7934714303969193       1891.9323659604347                                                  1382.463483205403                                              17.239850275282507        24.351479511494517               391.61741176092102                          67.939706633837361                      8.3204345734961258
                       1       951.62181388573561     0.022293180743560723      0.11866952812801079        67.80857210691353       3.0657078585720012       0.9611410325925569     0.063287782201739848     0.076036345347871223       1.0054117078711575       1.2789146545746088         1.97894701413792   2.1449639926118825e-09     0.076036345347871223       492.22903247974904       5.7934714303969193       5.7934714303969193       1891.6566849106773                                                 1382.1878021556456                                              17.239850275282507        24.351479511494517               391.61741176092102                          67.939706633837361                      8.3204345734961258
                       9        951.5455008227724     0.022293180743560723      0.11866952812801079        67.80857210691353       3.0657078585720012       0.9611410325925569     0.063287782201739848     0.076036345347871223       1.0051675546205721       1.2789146545746088         1.97894701413792   2.1449639926118825e-09     0.076036345347871223       492.07640635382245       5.7934714303969193       5.7934714303969193       1891.5040587847509                                                 1382.1878021556456                                              17.239850275282507        24.392941154929417               391.61025750912273                           67.74067339120792                      8.3325342985623951
                       5       951.56840198838711     0.022293180743560723      0.11866952812801079        67.80857210691353       3.0657078585720012       0.9611410325925569     0.063287782201739848     0.076036345347871223       1.0051675546205721       1.2700259461444514       1.9878206875097866   2.1449639926118825e-09     0.076036345347871223       492.07640635382245       5.7934714303969193       5.7934714303969193       1891.5498611159803                                                 1382.2336044868753                                              17.239850275282507        24.392941154929417               391.61025750912273                           67.74067339120792                      8.3325342985623951
                       1       951.75097439509022      0.02229453470359254      0.11860138237382392       67.807766185454952       3.0660208324567475      0.96138533236341872     0.063571666213160807     0.080075705965876501       1.0051061301489952       1.2699334725939542       1.9966499043292598   2.1456354153887079e-09     0.080075705965876501       492.04878463983499       5.7934714303969193       5.7934714303969193       1891.9150059293866                                                 1382.7482045318309                                              17.118016757720902          24.3378569314998               391.71118116187154                          67.684787777711421                      8.3149587687522235
                       8       951.79519701553113      0.02229453470359254      0.11860138237382392       67.807766185454952       3.0660208324567475      0.96138533236341872     0.063571666213160807     0.080075705965876501       1.0043396772502469       1.2699334725939542       1.9966499043292598   2.1456354153887079e-09     0.080075705965876501       492.13722988071663       5.7934714303969193       5.7934714303969193       1892.0034511702684                                                 1382.7482045318309                                              17.118016757720902        24.468484925892369               391.71464474562958                          67.591848095889816                      8.3622521133048551
                       6       951.45086698337502     0.022279365919292977      0.11878801687910846       67.631081556794157       3.0622910270849708      0.96098953807614274     0.061428636211076137     0.080023333441043926       1.0044183998494733       1.2710851691324103       1.9373678077985836   2.1376475188005836e-09     0.080023333441043926       491.48456751490579       5.7934714303969193       5.7934714303969193       1891.3147911059561                                                 1379.6460984941812                                              20.184125096869145        24.442084170835642               390.97016416911197                          67.688934103670292                      8.3833850712878544
                       2       952.49407913716857     0.022279365919292977      0.11878801687910846       67.631081556794157       3.0622910270849708      0.96098953807614274     0.061428636211076137     0.080023333441043926       1.0044183998494733       1.1871427290669163       1.9025140873561566   2.1376475188005836e-09     0.080023333441043926       491.48456751490579       5.7934714303969193       5.7934714303969193       1893.4012154135432                                                 1381.7325228017683                                              20.184125096869145        24.442084170835642               390.97016416911197                          67.688934103670292                      8.3833850712878544
                       9       951.99197725149941     0.022245363435569161       0.1186284422506861       67.592531444433604       3.0621825684149959      0.96068611879593135     0.060500990701338089      0.09013494392862563        1.005584190713195       1.1884766680301186       1.9166673681371968   2.1374156849662415e-09      0.09013494392862563       490.91058462387042       5.7934714303969193       5.7934714303969193       1892.3970116422049                                                 1381.4339285632964                                              20.052498455038222        24.421583591557521                390.6753608116839                          67.505525617414378                      8.3081146032146247
                       3       952.39154408838192     0.021986890609217456      0.11922733240811358       67.538758074264081       3.0495864963071462      0.96729284156121476     0.055640663009082963     0.042616131468240594       1.0034629204288352       1.1917504267426551       1.8667346318179987   2.1106614954604008e-09     0.042616131468240594       493.09363079752904       5.7934714303969193       5.7934714303969193       1893.1961453159699                                                 1380.3979586755904                                              19.704555842850375        22.757859018510089               390.09516317539914                          71.430900051082205                      8.8097085525376091
                      10        952.5832407892957     0.021970727489150806      0.11941496462306768       67.533377977063907        3.050571004936323      0.96623130128275003     0.055558343559093178     0.035434978730208254       1.0039116372973556       1.1915402909606827       1.8936589868962679   2.1127404831386847e-09     0.035434978730208254       493.19477296629145       5.7934714303969193       5.7934714303969193       1893.5795387177975                                                 1380.3968942474255                                              19.987871504080395         22.97273684975687               390.06710843713967                          71.134338834085995                       9.020588845308918
                       5       951.02439847766482     0.022065853207874211      0.11894908512381881       67.701119189774616       3.0513830604913958      0.96539718124654439     0.054532716589175849     0.053895708737117465       1.0057387202914698       1.1937565872827842       1.7812485615172786   2.1144568425797354e-09     0.053895708737117465       490.71325681108254       5.7934714303969193       5.7934714303969193       1890.4618540945357                                                 1382.4616670391367                                              17.286930244316451        23.142439942303042               390.05913553909005                          69.015047698098215                      8.4966336315912638
                       4       951.12681630091754     0.022065853207874211      0.11894908512381881       67.701119189774616       3.0513830604913958      0.96539718124654439     0.054532716589175849     0.053895708737117465       1.0069144167562865       1.1937565872827842       1.7812485615172786   2.1144568425797354e-09     0.053895708737117465       490.91809245758787       5.7934714303969193       5.7934714303969193       1890.6666897410412                                                 1382.4616670391367                                              17.286930244316451        22.973085478167775               390.06492635910166                          69.421944435492975                       8.458136184825511
                       3       951.48752896497092     0.022065853207874211      0.11894908512381881       67.701119189774616       3.0513830604913958      0.96539718124654439     0.054532716589175849     0.053895708737117465       1.0069144167562865        1.202821806562514        1.707789589622206   2.1144568425797354e-09     0.053895708737117465       490.91809245758787       5.7934714303969193       5.7934714303969193       1891.3881150691479                                                 1383.1830923672435                                              17.286930244316451        22.973085478167775               390.06492635910166                          69.421944435492975                       8.458136184825511
                       3       950.21940183920344     0.022014325425318431      0.11841806894881472       67.869873869207566       3.0538121815138672      0.96644523750091227     0.056650548044567289     0.048609511735864905       1.0068666189242639       1.2022582349791426       1.7960562544518901   2.1195993575140497e-09     0.048609511735864905       491.28899912986469       5.7934714303969193       5.7934714303969193        1888.851860817613                                                 1383.4002748476921                                              14.162586840056147        22.766537602297547               390.11250467074819                          69.977479842715184                      8.4324770141037657
                       1       950.46631772685816     0.022014325425318431      0.11841806894881472       67.869873869207566       3.0538121815138672      0.96644523750091227     0.056650548044567289     0.048609511735864905       1.0068666189242639       1.0229150926837156       2.2904825447662529   2.1195993575140497e-09     0.048609511735864905       491.28899912986469       5.7934714303969193       5.7934714303969193       1889.3456925929224                                                 1383.8941066230016                                              14.162586840056147        22.766537602297547               390.11250467074819                          69.977479842715184                      8.4324770141037657
                       3       952.81784679643124     0.022050912454384494      0.11866265993899219        67.63486353852764       3.0476697080903477      0.96869796663025842     0.057930653001580748     0.068191971795769774       1.0018192513492841       1.0150103455100508        2.581081293587002   2.1066196792665747e-09     0.068191971795769774       492.38159645359178       5.7934714303969193       5.7934714303969193       1894.0487507320686                                                 1384.0592417093003                                              17.607912569176602        22.402545500347514               390.23219584381394                          71.139500062045798                      8.6073550473845604
                       3       953.10178263500552     0.022055097055353877      0.11850447117198591        67.62025964518827       3.0462676990818571      0.96986943958867555     0.057699993917880922     0.077060394678424668       1.0014394100939357       1.0153174382657622       2.5663325302885225   2.1036682489481785e-09     0.077060394678424668       492.83878208388057       5.7934714303969193       5.7934714303969193       1894.6166224092171                                                 1384.2304622239003                                              17.547378101436166        22.174012259866288               390.19749024457923                          71.680939132873988                      8.7863404465610859
                       3       953.04858781720054     0.022055097055353877      0.11850447117198591        67.62025964518827       3.0462676990818571      0.96986943958867555     0.057699993917880922     0.077060394678424668       1.0000534494673059       1.0153174382657622       2.5663325302885225   2.1036682489481785e-09     0.077060394678424668       492.73239244827067       5.7934714303969193       5.7934714303969193       1894.5102327736072                                                 1384.2304622239003                                              17.547378101436166         22.35042089647294               390.18781992988562                          71.643923922136651                      8.5502276997754674
                       1       951.36126179199505     0.022055097055353877      0.11850447117198591        67.62025964518827       3.0462676990818571      0.96986943958867555     0.057699993917880922     0.077060394678424668       1.0000534494673059       1.2966935619058377       2.1376538728093761   2.1036682489481785e-09     0.077060394678424668       492.73239244827067       5.7934714303969193       5.7934714303969193       1891.1355807231962                                                 1380.8558101734893                                              17.547378101436166         22.35042089647294               390.18781992988562                          71.643923922136651                      8.5502276997754674
                       4       950.10883847450191     0.021974874748458814       0.1185164607241021       67.665012635396351       3.0375794379671492      0.96594058430972607     0.051714263809126949     0.052483519912703835        1.002136057534432       1.2966293594773264       2.2935977409119923   2.0854701990816143e-09     0.052483519912703835       492.18898979878372       5.7934714303969193       5.7934714303969193       1888.6307340882099                                                 1379.8826804040925                                              16.559063885333764        22.871020289036494               390.58383912815981                          70.157349786972446                      8.5767805946150215
                       1       945.98664378975423     0.022199029273741015      0.11785375001731231       68.282449647844359       3.0343144604496106      0.96614165543361175     0.050090811417073618     0.032689473789999063       1.0024673971500999       1.2984302425360452       2.0115018945429495   2.0786722893182409e-09     0.032689473789999063       491.06391559962321       5.7934714303969193       5.7934714303969193       1880.3863447187146                                                 1377.8687390426044                                              11.453690076486938        22.927187567706483               391.28042774825309                           68.02677528122463                      8.8295250024390377
                      18       945.77474405214946     0.022187297270492241      0.11779005618473014       68.341354701574943       3.0346907751060601      0.96615149711347958     0.050319865123941723     0.028521203488250137       1.0025542692849332       1.2982188998166635        2.037707874482416   2.0794546713683501e-09     0.028521203488250137         490.942804507625       5.7934714303969193       5.7934714303969193        1879.962545243505                                                 1377.9448617760384                                              11.074878959841705        22.927663277354952               391.15744388020107                          68.030310023096135                      8.8273873269728416
                       1       947.11120710664022     0.022177276595078149      0.11780403075205423       68.163030844414408       3.0340144387063659      0.96816835008408531     0.050832959632770562     0.035519610887832113        1.001593759272126       1.2997811645356432       1.9118267514092606   2.0780487359788224e-09     0.035519610887832113       491.30652819757012       5.7934714303969193       5.7934714303969193       1882.6354713524865                                                 1379.1523296184989                                              12.176613536417463        22.524506473965687                391.0927341552005                          68.949865355715247                      8.7394222126887033
                       6       946.98431666934619     0.022179487314511873        0.117695420422573       68.182239927863449       3.0351767584489706      0.96824214757779825     0.051384218256690845     0.037930971856585512       1.0017743885836365       1.3000287173170479       1.9036020584059952   2.0804654973033616e-09     0.037930971856585512       491.04590531361987       5.7934714303969193       5.7934714303969193       1882.3816904778985                                                 1379.3768546595718                                              11.958930504706698        22.519864945787958               390.83762945228221                           68.91417643179706                      8.7742344837526502
                       2       948.01730625172377     0.022179487314511873        0.117695420422573       68.182239927863449       3.0351767584489706      0.96824214757779825     0.051384218256690845     0.037930971856585512       1.0017743885836365       1.3274774590815852       2.3410179392222754   2.0804654973033616e-09     0.037930971856585512       491.04590531361987       5.7934714303969193       5.7934714303969193       1884.4476696426536                                                  1381.442833824327                                              11.958930504706698        22.519864945787958               390.83762945228221                           68.91417643179706                      8.7742344837526502
                       3        948.2280747646405     0.022241742675591595      0.11787201318446462       68.311009269208014       3.0313107873207792      0.96912912655690209      0.04968955854432057     0.025234001388827147       1.0010366361624758       1.3279259424227816       2.2281586701264273   2.0724380047828068e-09     0.025234001388827147       491.64354382462778       5.7934714303969193       5.7934714303969193       1884.8692066684871                                                  1381.681896976972                                              11.543765866887195        22.380347105557462               391.61201326950663                           68.92512841102068                      8.7260550385430093
                       4       948.71206182186097     0.022252034315244223       0.1176922397304456       68.349177532213147       3.0294173791744354      0.96968635614951704     0.049497989485657028     0.027195680382009715       1.0004493225429993       1.3271134669126186       2.2616842246450894   2.0685177462776288e-09     0.027195680382009715       491.97477444032916       5.7934714303969193       5.7934714303969193        1885.837180782928                                                 1382.5920556923347                                              11.270350650264165        22.272037880769517                391.7069188014508                          69.060949719304688                      8.9348680388041402
                       6       948.39278719058802     0.022246057506563711      0.11773402563186748       68.373196009159628       3.0297319319010696      0.96954560203892393     0.049638980057602859     0.022665974386183466       1.0004443641165865          1.3268942665437       2.2737956766260985   2.0691685065186499e-09     0.022665974386183466       491.84827342133849       5.7934714303969193       5.7934714303969193       1885.1986315203822                                                 1382.1890487560368                                              11.161309343006828        22.302637474088613               391.66810240136715                          69.025131641356182                      8.8524019045265536
                       3       947.52162119250056     0.022246057506563711      0.11773402563186748       68.373196009159628       3.0297319319010696      0.96954560203892393     0.049638980057602859     0.022665974386183466       1.0004443641165865       1.4022542523940058       1.7652536101540222   2.0691685065186499e-09     0.022665974386183466       491.84827342133849       5.7934714303969193       5.7934714303969193       1883.4562995242072                                                 1380.4467167598618                                              11.161309343006828        22.302637474088613               391.66810240136715                          69.025131641356182                      8.8524019045265536
                       2       947.63883568861411     0.022212207542970611      0.11750408556838607       68.218353729662553       3.0339289674812755       0.9686799844712678     0.050003482380581311     0.049321894588128398       1.0026224481757031       1.4049706994205027       1.7328632364917547   2.0778711301977609e-09     0.049321894588128398       491.81830922399365       5.7934714303969193       5.7934714303969193       1883.6907285164343                                                 1380.2188042690036                                              11.653615023437167        22.412120077574457               391.42141960190838                          68.779049545938051                      9.2057199985727447
                       3       947.90424743071128     0.022230488055636006      0.11722043602347369       68.443946927904221       3.0388795384252534      0.97061984275155511     0.053044569287296284     0.030640030072385124       1.0024045374710646       1.4070879286912505       1.5476837880584933     2.08818328310154e-09     0.030640030072385124       490.70923323165027       5.7934714303969193       5.7934714303969193       1884.2215520006287                                                 1382.8908810830394                                              10.621437685939227        22.160138810671071               390.48239104365905                          69.339734330551465                      8.7269690467686356
                       6       947.84202086248956     0.022230488055636006      0.11722043602347369       68.443946927904221       3.0388795384252534      0.97061984275155511     0.053044569287296284     0.030640030072385124       1.0034294922265963       1.4070879286912505       1.5476837880584933     2.08818328310154e-09     0.030640030072385124       490.58478009520633       5.7934714303969193       5.7934714303969193       1884.0970988641852                                                 1382.8908810830394                                              10.621437685939227        22.034957715266273               390.51547603121838                          68.992549122585757                      9.0417972261358877
                       5        947.1734925518565     0.022237823507509739      0.11730819561002072       68.617707217782922       3.0384867579422163      0.97060314910343348      0.05264981625867516     0.010828240820871478       1.0035148371466118       1.4073321475912746       1.5125081324620975   2.0873632465206582e-09     0.010828240820871478       490.44351485398334       5.7934714303969193       5.7934714303969193       1882.7600422429191                                                  1381.981943138763                                              10.334584250172748        22.051168100034602               390.66182807867335                            68.8805777745266                      8.8499409007487824
