#                 weight             minuslogpost                 omegabh2                 omegach2                       H0                     logA                       ns                      tau               mnu_sample                 A_planck               TT_tSZ_Amp               TT_kSZ_Amp                       As                      mnu                chi2__CMB            minuslogprior         minuslogprior__0                     chi2 chi2__sbt_spt_audit.likelihoods.candl_cobaya.CandlCobayaLikelihood chi2__sbt_spt_audit.likelihoods.desi_dr2_bao.DESIDR2BAOGaussian chi2__planck_2018_lowl.TT chi2__planck_2018_lowl.EE_sroll2 chi2__planck_2018_highl_plik.TT_lite_native chi2__planckpr4lensing.PlanckPR4Lensing
                       5       946.44170581500373     0.022123142725905629      0.11766374630884859       68.566316330490025        3.041913649594572      0.96511461233055607      0.05388853291258152    0.0041897882716129924       1.0055522656483673       1.2908178401500563       2.6009476905294564   2.0945286847835509e-09    0.0041897882716129924       491.85042797541689       5.7934714303969193       5.7934714303969193       1881.2964687692136                                                 1379.1310101467536                                               10.31503064704288        22.872741702452117               390.22128988276683                          69.574872714864242                       9.181523675333743
                       4       946.30617767839976     0.022118871623930652      0.11771316068203326       68.473222743756637       3.0469391551723262       0.9650906968836912     0.055858807240806344     0.014243835313966578       1.0060718338809214       1.2918708383549193       2.5481813132706024   2.1050812441352852e-09     0.014243835313966578       491.52279606808361       5.7934714303969193       5.7934714303969193       1881.0254124960056                                                 1379.0556568185727                                              10.446959609349127        22.932385283982285               390.05414947819366                          69.678589618776584                      8.8576716871310843
                       4       946.08711632868244     0.022118871623930652      0.11771316068203326       68.473222743756637       3.0469391551723262       0.9650906968836912     0.055858807240806344     0.014243835313966578       1.0060718338809214       1.1341860861187358       2.6029887292368188   2.1050812441352852e-09     0.014243835313966578       491.52279606808361       5.7934714303969193       5.7934714303969193        1880.587289796571                                                 1378.6175341191381                                              10.446959609349127        22.932385283982285               390.05414947819366                          69.678589618776584                      8.8576716871310843
                       1       945.94637943426801     0.022097984283928649      0.11764626847260568       68.481763471666312       3.0477387076335245      0.96465519133139954     0.055765052273073983     0.011868665991625744       1.0067642628763496       1.1350247591544596       2.5924194699305247   2.1067650400769489e-09     0.011868665991625744       491.56620065646604       5.7934714303969193       5.7934714303969193       1880.3058160077421                                                 1378.3430264914987                                              10.396588859777211        22.996891084270715               390.03000941572083                          69.701062640826635                      8.8382375156478705
                       4       946.45510397279259     0.022076664363291865       0.1175932793682422       68.524594229466089       3.0479472430667602      0.96263745015027158     0.055272546761974704     0.010106629480589571       1.0076222432430677        1.133591810316533       2.7342780750236746   2.1072044210489657e-09     0.010106629480589571       491.72811844032793       5.7934714303969193       5.7934714303969193       1881.3232650847913                                                  1379.286153093637                                              10.308993550826388        23.389080726919133               390.00696882700078                          69.365039687397868                      8.9670291990101685
                       7       946.36501796561288     0.022076664363291865       0.1175932793682422       68.524594229466089       3.0479472430667602      0.96263745015027158     0.055272546761974704     0.010106629480589571       1.0076222432430677       1.1508752035690852       2.7089312992578898   2.1072044210489657e-09     0.010106629480589571       491.72811844032793       5.7934714303969193       5.7934714303969193       1881.1430930704319                                                 1379.1059810792776                                              10.308993550826388        23.389080726919133               390.00696882700078                          69.365039687397868                      8.9670291990101685
                       4        946.1399092068325     0.022101939886289449      0.11756007351531632       68.566228474763037       3.0477127383162284      0.96237279510909823     0.055065273967723476    0.0091552455415887003       1.0077122253345077        1.150941650777946       2.6856492047263067   2.1067103295375552e-09    0.0091552455415887003       491.70343847198751       5.7934714303969193       5.7934714303969193       1880.6928755528711                                                 1378.6985837261313                                               10.29085335475229        23.454248220253589               390.00809673693533                          69.229102597163106                      9.0119909176354991
                       6       946.11636127709619     0.022092794033003765      0.11757826834634187       68.545996495669087       3.0488734459056208      0.96199715281595388     0.055162449282557313    0.0082209476559557699       1.0082413030402035       1.1517917091290875       2.6536483580612185    2.109157023879356e-09    0.0082209476559557699       491.75253517656341       5.7934714303969193       5.7934714303969193       1880.6457796933985                                                 1378.5907097715435                                              10.302534745291496        23.527890787343438               390.02219808917641                            69.2937062881565                      8.9087400118870672
                       1       946.33817704887565     0.022086303557281611      0.11743970298940115       68.524595646926343       3.0502066797700658      0.96178152386295057     0.055728143748376646     0.016425492259673109       1.0085628321386464       1.1517103424102075        2.685538667636814   2.1119708988088888e-09     0.016425492259673109       491.88018202790715       5.7934714303969193       5.7934714303969193       1881.0894112369574                                                 1378.9105684850995                                              10.298660723950986        23.582040774198276               390.01925237589688                          69.272572862176389                      9.0063160156356332
                       1        946.8901480051486     0.022062251546931918      0.11722185304200841       68.507019651114518       3.0497759417758168      0.96404262471709223     0.057234752809691571     0.020053280774057901       1.0070597556747509       1.1507718342899695       2.7199428421535106   2.1110613885943887e-09     0.020053280774057901       492.07467855850183       5.7934714303969193       5.7934714303969193       1882.1933531495033                                                 1379.8298500212843                                              10.288824569717288        23.123504232888308               390.08625714764747                          69.730385761620781                       9.134531416345256
                       1       946.73835221671607     0.022062251546931918      0.11722185304200841       68.507019651114518       3.0497759417758168      0.96404262471709223     0.057234752809691571     0.020053280774057901       1.0069344164196881       1.1507718342899695       2.7199428421535106   2.1110613885943887e-09     0.020053280774057901        491.7710869816367       5.7934714303969193       5.7934714303969193       1881.8897615726382                                                 1379.8298500212843                                              10.288824569717288        23.141774601489999               390.08045948810366                          69.460050837186742                      9.0888020548562896
