#        weight    minuslogpost        omegabh2        omegach2              H0            logA              ns             tau             mnu              As   minuslogprior minuslogprior__0            chi2 chi2__sbt_spt_audit.likelihoods.candl_cobaya.CandlCobayaLikelihood chi2__sbt_spt_audit.likelihoods.desi_dr2_bao.DESIDR2BAOGaussian
              2       829.45693     0.022718045      0.11635827       69.492698        3.083344      0.95708297     0.058576677      0.17967567   2.1831284e-09        2.104592         2.104592       1654.7047                                                          1638.8667                                                       15.837994
              3       816.40011     0.022718045      0.11635827       69.492698       3.0793584      0.95541214     0.058576677      0.17967567   2.1744447e-09        2.104592         2.104592        1628.591                                                           1612.753                                                       15.837994
              1       798.30426     0.022670443      0.11558154       69.591265       3.0793584      0.95541214     0.058884198      0.17751588   2.1744447e-09        2.104592         2.104592       1592.3993                                                          1574.0253                                                       18.374028
              2       795.07989     0.022070463      0.11566808       68.234898       3.0793584      0.95541214     0.052458742      0.23427506   2.1744447e-09        2.104592         2.104592       1585.9506                                                          1575.2287                                                       10.721924
              4       734.85022     0.021930931      0.11291774        68.55926       3.0793584      0.95541214     0.059965958      0.19402363   2.1744447e-09        2.104592         2.104592       1465.4912                                                          1452.0017                                                       13.489594
              7       723.72468     0.021859034      0.11393747       67.963554       3.0793584      0.95541214     0.068040373      0.16475681   2.1744447e-09        2.104592         2.104592       1443.2402                                                          1432.9419                                                        10.29823
              1       721.06015     0.021840479      0.11416034        67.99402       3.0793584      0.95541214     0.066607178      0.16716751   2.1744447e-09        2.104592         2.104592       1437.9111                                                          1427.6241                                                       10.287052
              2       710.54236     0.022205742      0.11568543       68.662786       3.0793584      0.95541214     0.065879708      0.12200012   2.1744447e-09        2.104592         2.104592       1416.8755                                                          1405.9827                                                       10.892807
             65        706.1713     0.022516251      0.11644633       69.565971       3.0793584      0.95541214     0.066799794      0.00121195   2.1744447e-09        2.104592         2.104592       1408.1334                                                          1393.0543                                                       15.079082
             10       707.83497      0.02249673       0.1164428       69.611862       3.0793584      0.95541214     0.066610988    0.0033836944   2.1744447e-09        2.104592         2.104592       1411.4608                                                          1395.5765                                                       15.884294
             15       707.69522     0.022496263      0.11644247        69.60914       3.0793584      0.95541214     0.066696356    0.0030018995   2.1744447e-09        2.104592         2.104592       1411.1812                                                           1395.335                                                       15.846236
             10       704.78838     0.022479647      0.11661444       69.351961       3.0793584      0.95541214     0.069747771    0.0046668034   2.1744447e-09        2.104592         2.104592       1405.3676                                                          1392.4583                                                       12.909317
             17       703.93049     0.022479647      0.11661444       69.351961       3.0759759      0.96127629     0.069747771    0.0046668034    2.167102e-09        2.104592         2.104592       1403.6518                                                          1390.7425                                                       12.909317
             16        704.3803     0.022479647      0.11661444       69.351961       3.0879038      0.95065703     0.069747771    0.0046668034   2.1931057e-09        2.104592         2.104592       1404.5514                                                          1391.6421                                                       12.909317
             28       703.22293     0.022448212      0.11670469       69.234073       3.0879038      0.95065703     0.069499357    0.0067592406   2.1931057e-09        2.104592         2.104592       1402.2367                                                           1390.181                                                       12.055676
             81       702.44785     0.022448212      0.11670469       69.234073       3.0820822       0.9561621     0.069499357    0.0067592406   2.1803756e-09        2.104592         2.104592       1400.6865                                                          1388.6308                                                       12.055676
             58       702.47698     0.022447959      0.11670666       69.235729       3.0820822       0.9561621     0.069447701    0.0070095945   2.1803756e-09        2.104592         2.104592       1400.7448                                                          1388.6743                                                       12.070508
              6       702.40747     0.022447959      0.11670666       69.235729       3.0808044        0.956238     0.069447701    0.0070095945   2.1775911e-09        2.104592         2.104592       1400.6058                                                          1388.5353                                                       12.070508
             30       702.70582     0.022447959      0.11670666       69.235729       3.0805701      0.95525199     0.069447701    0.0070095945   2.1770811e-09        2.104592         2.104592       1401.2025                                                          1389.1319                                                       12.070508
             19        703.0587     0.022480852      0.11608105       69.307984       3.0805701      0.95525199     0.069547629     0.021856163   2.1770811e-09        2.104592         2.104592       1401.9082                                                           1388.886                                                       13.022218
             15       702.84717     0.022471393      0.11610378       69.289589       3.0805701      0.95525199     0.069491338     0.020515288   2.1770811e-09        2.104592         2.104592       1401.4851                                                          1388.6054                                                       12.879773
             64       703.01196     0.022457871       0.1160492        69.26826       3.0805701      0.95525199     0.069904602     0.018578143   2.1770811e-09        2.104592         2.104592       1401.8147                                                          1389.0353                                                       12.779433
             10       702.06776     0.022421321      0.11614357       69.190648       3.0805701      0.95525199     0.068511198     0.027264983   2.1770811e-09        2.104592         2.104592       1399.9263                                                          1387.5759                                                       12.350474
             25       700.90217     0.022303341       0.1168828       68.836824       3.0805701      0.95525199     0.067165225    0.0082514135   2.1770811e-09        2.104592         2.104592       1397.5952                                                          1387.0988                                                       10.496328
              4       700.28428     0.022309943      0.11692531       68.875904       3.0805701      0.95525199     0.067469623    0.0089763101   2.1770811e-09        2.104592         2.104592       1396.3594                                                          1385.7831                                                       10.576312
             12       702.49145     0.022429283      0.11804971       68.519426       3.0805701      0.95525199       0.0698012      0.03327701   2.1770811e-09        2.104592         2.104592       1400.7737                                                          1389.7121                                                       11.061652
              9        702.0072     0.022429283      0.11804971       68.519426       3.0792881      0.95985317       0.0698012      0.03327701   2.1742918e-09        2.104592         2.104592       1399.8052                                                          1388.7436                                                       11.061652
             56       701.12083     0.022363063      0.11753773       68.570373       3.0792881      0.95985317     0.068458875      0.03040194   2.1742918e-09        2.104592         2.104592       1398.0325                                                          1387.4623                                                       10.570174
             77       700.29307     0.022278657      0.11739311       68.571985       3.0792881      0.95985317     0.068048742     0.033988736   2.1742918e-09        2.104592         2.104592       1396.3769                                                          1385.9969                                                       10.380002
             30       700.67073     0.022241188      0.11757005        68.47629       3.0792881      0.95985317     0.067449448     0.028604108   2.1742918e-09        2.104592         2.104592       1397.1323                                                          1386.5222                                                       10.610038
              2       699.67265     0.022241188      0.11757005        68.47629       3.0767417      0.96085674     0.067449448     0.028604108   2.1687623e-09        2.104592         2.104592       1395.1361                                                          1384.5261                                                       10.610038
            123       699.51368     0.022241188      0.11757005        68.47629       3.0764983      0.96070235     0.067449448     0.028604108   2.1682345e-09        2.104592         2.104592       1394.8182                                                          1384.2081                                                       10.610038
             39       700.36502     0.022253552      0.11757813       68.511693       3.0764983      0.96070235     0.068893307     0.033746918   2.1682345e-09        2.104592         2.104592       1396.5209                                                          1386.0209                                                       10.499921
             25       700.43304     0.022254477      0.11757836       68.510781       3.0764983      0.96070235      0.06899899     0.033288356   2.1682345e-09        2.104592         2.104592       1396.6569                                                          1386.1503                                                       10.506563
            108       701.07243     0.022350268      0.11810372       68.299734       3.0764983      0.96070235     0.068806462     0.044017418   2.1682345e-09        2.104592         2.104592       1397.9357                                                          1385.8653                                                       12.070374
             13        702.4622     0.022350268      0.11810372       68.299734       3.0823421      0.95895847     0.068806462     0.044017418   2.1809423e-09        2.104592         2.104592       1400.7152                                                          1388.6448                                                       12.070374
              9       702.32094     0.022350268      0.11810372       68.299734       3.0827255      0.95842491     0.068806462     0.044017418   2.1817786e-09        2.104592         2.104592       1400.4327                                                          1388.3623                                                       12.070374
              4       701.95197     0.022356909      0.11806566       68.314309       3.0827255      0.95842491     0.069351254     0.042091448   2.1817786e-09        2.104592         2.104592       1399.6947                                                          1387.6957                                                       11.999086
             21       702.37229     0.022402789      0.11816071       68.299431       3.0827255      0.95842491     0.070522265     0.044647524   2.1817786e-09        2.104592         2.104592       1400.5354                                                          1388.1438                                                       12.391566
             46       702.77448       0.0223741       0.1182024       68.271886       3.0827255      0.95842491     0.071731059     0.036375849   2.1817786e-09        2.104592         2.104592       1401.3398                                                          1388.7443                                                       12.595467
             14         702.883       0.0223741       0.1182024       68.271886       3.0822947      0.95843425     0.071731059     0.036375849    2.180839e-09        2.104592         2.104592       1401.5568                                                          1388.9613                                                       12.595467
             12       703.68463       0.0223741       0.1182024       68.271886       3.0783866      0.96163593     0.071731059     0.036375849   2.1723325e-09        2.104592         2.104592       1403.1601                                                          1390.5646                                                       12.595467
             16       704.46996     0.022447473      0.11817579       68.338162       3.0783866      0.96163593     0.070228318     0.026732409   2.1723325e-09        2.104592         2.104592       1404.7307                                                          1392.1439                                                       12.586803
             33       704.63999     0.022477714      0.11826564       68.406193       3.0783866      0.96163593      0.07145653     0.022603572   2.1723325e-09        2.104592         2.104592       1405.0708                                                           1392.803                                                       12.267761
             47       704.71683     0.022492601      0.11817885       68.467074       3.0783866      0.96163593     0.071788375     0.024670108   2.1723325e-09        2.104592         2.104592       1405.2245                                                          1393.4165                                                       11.807984
              2       705.12353     0.022492601      0.11817885       68.467074       3.0799461      0.95666793     0.071788375     0.024670108   2.1757229e-09        2.104592         2.104592       1406.0379                                                          1394.2299                                                       11.807984
              9       701.85233     0.022462098      0.11774618       68.501572       3.0799461      0.95666793     0.069275492     0.026904036   2.1757229e-09        2.104592         2.104592       1399.4955                                                           1388.214                                                        11.28153
             30       701.37343     0.022452702      0.11820927       68.515234       3.0799461      0.95666793     0.068708557     0.010513516   2.1757229e-09        2.104592         2.104592       1398.5377                                                          1387.0843                                                       11.453424
              3       701.55561     0.022435972      0.11795176       68.553347       3.0799461      0.95666793     0.069943464     0.025696532   2.1757229e-09        2.104592         2.104592        1398.902                                                          1387.9478                                                       10.954203
             11       701.60442     0.022435972      0.11795176       68.553347        3.079835      0.95663255     0.069943464     0.025696532   2.1754813e-09        2.104592         2.104592       1398.9997                                                          1388.0455                                                       10.954203
              1       702.10951      0.02244633      0.11778425       68.566271        3.079835      0.95663255     0.070560605     0.018887171   2.1754813e-09        2.104592         2.104592       1400.0098                                                          1389.0541                                                       10.955758
             11       702.83101      0.02244633      0.11778425       68.566271       3.0890007      0.94624542     0.070560605     0.018887171   2.1955128e-09        2.104592         2.104592       1401.4528                                                          1390.4971                                                       10.955758
            121       701.84279     0.022411233      0.11753016         68.5371       3.0890007      0.94624542     0.069323081      0.02484804   2.1955128e-09        2.104592         2.104592       1399.4764                                                          1388.5995                                                       10.876917
             42       701.00845     0.022376377      0.11791849       68.526443       3.0890007      0.94624542     0.067743856     0.021038514   2.1955128e-09        2.104592         2.104592       1397.8077                                                          1386.8943                                                       10.913359
             33       701.41796     0.022402194       0.1181377       68.498611       3.0890007      0.94624542     0.066970765     0.024613502   2.1955128e-09        2.104592         2.104592       1398.6267                                                           1387.454                                                       11.172749
             34       702.97252       0.0223823      0.11856524       68.485481       3.0890007      0.94624542     0.067690328     0.020683853   2.1955128e-09        2.104592         2.104592       1401.7359                                                          1390.4035                                                       11.332358
              5       702.82491     0.022410486      0.11868169       68.415764       3.0890007      0.94624542     0.067425973     0.026089372   2.1955128e-09        2.104592         2.104592       1401.4406                                                           1389.507                                                       11.933656
             50       702.91011     0.022501239      0.11883124       68.313819       3.0890007      0.94624542     0.067074823     0.020447268   2.1955128e-09        2.104592         2.104592        1401.611                                                          1387.9855                                                       13.625497
             23       702.45993     0.022444653      0.11840036       68.259948       3.0890007      0.94624542     0.068928891      0.02091725   2.1955128e-09        2.104592         2.104592       1400.7107                                                          1387.1569                                                       13.553804
             41       702.52577     0.022444653      0.11840036       68.259948       3.0888059      0.94511009     0.068928891      0.02091725   2.1950851e-09        2.104592         2.104592       1400.8424                                                          1387.2886                                                       13.553804
             82       702.89981     0.022450362      0.11854324       68.231616       3.0888059      0.94511009     0.069326711     0.023096464   2.1950851e-09        2.104592         2.104592       1401.5904                                                          1387.6377                                                       13.952743
              5       702.47214     0.022465211      0.11841401       68.266362       3.0888059      0.94511009     0.069051043     0.027304259   2.1950851e-09        2.104592         2.104592       1400.7351                                                          1387.2027                                                       13.532358
             13       701.78947      0.02234145       0.1184693       68.450909       3.0888059      0.94511009     0.065897612     0.014798755   2.1950851e-09        2.104592         2.104592       1399.3698                                                          1387.9703                                                       11.399429
             12         701.658     0.022341478      0.11843242       68.450739       3.0888059      0.94511009     0.066047162     0.015230092   2.1950851e-09        2.104592         2.104592       1399.1068                                                          1387.7224                                                       11.384445
             25       701.89611     0.022381651      0.11838107       68.462636       3.0888059      0.94511009     0.065513931     0.015502192   2.1950851e-09        2.104592         2.104592        1399.583                                                          1388.1155                                                       11.467564
              8       701.95875     0.022378841      0.11818329       68.404418       3.0888059      0.94511009     0.065851504     0.018753629   2.1950851e-09        2.104592         2.104592       1399.7083                                                          1387.9505                                                       11.757853
              9       702.04618     0.022475613      0.11861066       68.356607       3.0888059      0.94511009     0.068902114     0.014767671   2.1950851e-09        2.104592         2.104592       1399.8832                                                          1386.9057                                                       12.977514
              9       701.68412     0.022479195      0.11866532       68.352521       3.0888059      0.94511009     0.068203195     0.015976842   2.1950851e-09        2.104592         2.104592       1399.1591                                                            1386.11                                                       13.049052
              1       702.08005     0.022515752      0.11875037       68.391414       3.0888059      0.94511009     0.068216418     0.018257567   2.1950851e-09        2.104592         2.104592       1399.9509                                                          1387.0329                                                       12.918018
              9       702.63739     0.022422202       0.1180123       68.269455       3.0888059      0.94511009     0.068973197     0.033243265   2.1950851e-09        2.104592         2.104592       1401.0656                                                          1388.1683                                                       12.897333
             27       702.21552     0.022440851      0.11893862       68.246296       3.0888059      0.94511009     0.068600916    0.0057305054   2.1950851e-09        2.104592         2.104592       1400.2219                                                          1385.9733                                                       14.248581
              8       702.85615     0.022383519      0.11873376       68.374951       3.0888059      0.94511009     0.065616486     0.025025653   2.1950851e-09        2.104592         2.104592       1401.5031                                                          1389.3561                                                          12.147
              5       701.77066     0.022383519      0.11873376       68.374951       3.0767886      0.95794922     0.065616486     0.025025653    2.168864e-09        2.104592         2.104592       1399.3321                                                          1387.1851                                                          12.147
             19       702.29791     0.022457688      0.11832673        68.34372       3.0767886      0.95794922     0.069117469     0.028034834    2.168864e-09        2.104592         2.104592       1400.3866                                                          1387.7405                                                       12.646086
              9       701.65573     0.022457688      0.11832673        68.34372       3.0857596      0.94894071     0.069117469     0.028034834   2.1884083e-09        2.104592         2.104592       1399.1023                                                          1386.4562                                                       12.646086
             16       701.57479     0.022438193      0.11828193       68.326462       3.0857596      0.94894071     0.069081644     0.026947393   2.1884083e-09        2.104592         2.104592       1398.9404                                                          1386.2626                                                        12.67777
             16       701.65402     0.022445549      0.11828345       68.324939       3.0857596      0.94894071     0.069121018     0.027080666   2.1884083e-09        2.104592         2.104592       1399.0989                                                          1386.3601                                                       12.738731
             16       704.86757     0.022616837      0.11871998        68.72903       3.0857596      0.94894071     0.067480838     0.012679797   2.1884083e-09        2.104592         2.104592        1405.526                                                          1394.5338                                                       10.992203
             65       704.21681     0.022619362      0.11862182       68.721758       3.0857596      0.94894071     0.067391267     0.012640985   2.1884083e-09        2.104592         2.104592       1404.2244                                                          1393.2072                                                       11.017178
             17       705.57363     0.022617952      0.11873987       68.712588       3.0857596      0.94894071     0.068352842     0.017088264   2.1884083e-09        2.104592         2.104592       1406.9381                                                          1395.8907                                                       11.047419
             44        705.4771     0.022603831      0.11868462       68.723112       3.0857596      0.94894071      0.06901026     0.014211976   2.1884083e-09        2.104592         2.104592        1406.745                                                          1395.7896                                                       10.955391
              1       704.62571     0.022607526      0.11855314       68.707661       3.0857596      0.94894071      0.06944351     0.014854593   2.1884083e-09        2.104592         2.104592       1405.0422                                                          1394.0303                                                        11.01195
             14       704.44496     0.022607526      0.11855314       68.707661       3.0868874      0.94831385      0.06944351     0.014854593   2.1908778e-09        2.104592         2.104592       1404.6807                                                          1393.6688                                                        11.01195
             12       704.76311     0.022607526      0.11855314       68.707661       3.0843021      0.95023033      0.06944351     0.014854593    2.185221e-09        2.104592         2.104592        1405.317                                                          1394.3051                                                        11.01195
              4       705.95764     0.022607526      0.11855314       68.707661       3.0904051      0.95000425      0.06944351     0.014854593   2.1985983e-09        2.104592         2.104592       1407.7061                                                          1396.6941                                                        11.01195
             10       705.17212     0.022564051      0.11876059        68.54893       3.0904051      0.95000425     0.069421681     0.018037388   2.1985983e-09        2.104592         2.104592       1406.1351                                                          1394.2847                                                       11.850358
              5       705.91613     0.022599505      0.11889711       68.494356       3.0904051      0.95000425     0.069675942     0.014080021   2.1985983e-09        2.104592         2.104592       1407.6231                                                          1395.0015                                                       12.621549
              1        706.0842      0.02260357       0.1189141       68.499895       3.0904051      0.95000425     0.069634463     0.014100763   2.1985983e-09        2.104592         2.104592       1407.9592                                                          1395.3557                                                       12.603569
             29       705.51465     0.022613712       0.1188916        68.50941       3.0904051      0.95000425     0.071380341     0.015755773   2.1985983e-09        2.104592         2.104592       1406.8201                                                          1394.2733                                                       12.546814
             21       707.10095     0.022551659      0.11787618       68.661229       3.0904051      0.95000425     0.069236345    0.0038734504   2.1985983e-09        2.104592         2.104592       1409.9927                                                           1398.972                                                       11.020727
             28       706.15456     0.022576668      0.11654957       69.178948       3.0904051      0.95000425     0.073649955     0.028441167   2.1985983e-09        2.104592         2.104592       1408.0999                                                          1396.7299                                                       11.370027
             34       706.09645     0.022576668      0.11654957       69.178948       3.0972425      0.94507795     0.073649955     0.028441167   2.2136825e-09        2.104592         2.104592       1407.9837                                                          1396.6137                                                       11.370027
             18       705.20901      0.02257231      0.11680135       69.036313       3.0972425      0.94507795     0.073659299     0.028882131   2.2136825e-09        2.104592         2.104592       1406.2088                                                          1395.5498                                                       10.659049
              1       705.59857     0.022572137      0.11687897       69.015309       3.0972425      0.94507795     0.073993252     0.030312168   2.2136825e-09        2.104592         2.104592       1406.9879                                                           1396.408                                                       10.579969
             13       705.82543     0.022545071      0.11601759       68.966859       3.0972425      0.94507795     0.072985514     0.060344693   2.2136825e-09        2.104592         2.104592       1407.4417                                                          1396.6425                                                       10.799189
              7       705.83348     0.022544861      0.11601485       68.966733       3.0972425      0.94507795     0.072992799     0.060292794   2.2136825e-09        2.104592         2.104592       1407.4578                                                          1396.6578                                                       10.799949
             63       705.74887     0.022544637      0.11604026       68.950147       3.0972425      0.94507795     0.072864001     0.061476358   2.2136825e-09        2.104592         2.104592       1407.2886                                                          1396.5533                                                       10.735209
             17        706.6133     0.022545777      0.11641311       68.930664       3.0972425      0.94507795     0.074758627     0.046447494   2.2136825e-09        2.104592         2.104592       1409.0174                                                          1398.4739                                                       10.543554
             14       706.48198     0.022545777      0.11641311       68.930664       3.0992107      0.94405233     0.074758627     0.046447494   2.2180438e-09        2.104592         2.104592       1408.7548                                                          1398.2112                                                       10.543554
              6       707.45165     0.022545777      0.11641311       68.930664       3.0808345      0.96533602     0.074758627     0.046447494   2.1776567e-09        2.104592         2.104592       1410.6941                                                          1400.1506                                                       10.543554
              1       707.36742     0.022545777      0.11641311       68.930664       3.0801743      0.96538408     0.074758627     0.046447494   2.1762196e-09        2.104592         2.104592       1410.5256                                                          1399.9821                                                       10.543554
              2       707.79171     0.022554469      0.11632329        68.93531       3.0801743      0.96538408     0.074518529      0.04743936   2.1762196e-09        2.104592         2.104592       1411.3742                                                          1400.8074                                                       10.566838
              5       708.11532     0.022420607      0.11594326       69.260774       3.0801743      0.96538408     0.073411475     0.055563881   2.1762196e-09        2.104592         2.104592       1412.0215                                                          1398.5445                                                       13.476915
              6       707.16251      0.02232368      0.11548846       69.103931       3.0801743      0.96538408     0.070959802     0.041938702   2.1762196e-09        2.104592         2.104592       1410.1158                                                          1397.4211                                                       12.694722
             20       703.71967      0.02232368      0.11548846       69.103931       3.0766592      0.96270576     0.070959802     0.041938702   2.1685833e-09        2.104592         2.104592       1403.2302                                                          1390.5354                                                       12.694722
             14       700.45542     0.022274149      0.11676084       68.819417       3.0766592      0.96270576      0.06926353     0.027961692   2.1685833e-09        2.104592         2.104592       1396.7016                                                          1386.1355                                                       10.566133
              4       700.29299     0.022280695      0.11690947       68.735933       3.0766592      0.96270576     0.069099765     0.033533593   2.1685833e-09        2.104592         2.104592       1396.3768                                                          1386.0184                                                       10.358372
             26       700.25893     0.022280695      0.11690947       68.735933       3.0769435      0.96058345     0.069099765     0.033533593   2.1691998e-09        2.104592         2.104592       1396.3087                                                          1385.9503                                                       10.358372
             32       700.50641     0.022272825      0.11749838       68.541252       3.0769435      0.96058345     0.069614774      0.01595808   2.1691998e-09        2.104592         2.104592       1396.8036                                                          1386.2641                                                       10.539535
             43       700.19854     0.022300334       0.1175564       68.542367       3.0769435      0.96058345     0.068744684     0.016482089   2.1691998e-09        2.104592         2.104592       1396.1879                                                          1385.5852                                                       10.602719
              7        700.3481     0.022300334       0.1175564       68.542367       3.0729266      0.96287041     0.068744684     0.016482089    2.160504e-09        2.104592         2.104592        1396.487                                                          1385.8843                                                       10.602719
             21       699.96684     0.022140358      0.11796304        68.26199       3.0729266      0.96287041     0.067651098      0.02504505    2.160504e-09        2.104592         2.104592       1395.7245                                                          1384.2678                                                       11.456671
             19       699.99563       0.0221425      0.11803214       68.260607       3.0729266      0.96287041     0.067649896     0.023968829    2.160504e-09        2.104592         2.104592       1395.7821                                                          1384.2719                                                       11.510199
              1       700.71186       0.0221425      0.11803214       68.260607        3.075974      0.96431183     0.067649896     0.023968829    2.167098e-09        2.104592         2.104592       1397.2145                                                          1385.7043                                                       11.510199
              2       700.82519     0.022133021      0.11858556       68.167696        3.075974      0.96431183     0.067956705     0.010897742    2.167098e-09        2.104592         2.104592       1397.4412                                                          1384.8637                                                       12.577504
             10        701.5486     0.022011706      0.11833727       68.228755        3.075974      0.96431183     0.066071189    0.0037265532    2.167098e-09        2.104592         2.104592        1398.888                                                          1387.4516                                                       11.436451
             17       700.40686     0.022011706      0.11833727       68.228755        3.075099      0.96292878     0.066071189    0.0037265532   2.1652025e-09        2.104592         2.104592       1396.6045                                                          1385.1681                                                       11.436451
             24       700.45786     0.022029172      0.11822145       68.189037        3.075099      0.96292878     0.066854262    0.0038182504   2.1652025e-09        2.104592         2.104592       1396.7065                                                          1384.9608                                                       11.745774
             57       700.26661     0.022029172      0.11822145       68.189037       3.0736731      0.96373746     0.066854262    0.0038182504   2.1621175e-09        2.104592         2.104592        1396.324                                                          1384.5783                                                       11.745774
             10       700.18202     0.022027906      0.11785375        68.24862       3.0736731      0.96373746      0.06658426     0.027059071   2.1621175e-09        2.104592         2.104592       1396.1548                                                          1385.1199                                                       11.034931
              9       700.13698     0.022030613      0.11784407       68.254508       3.0736731      0.96373746     0.066511196     0.027231634   2.1621175e-09        2.104592         2.104592       1396.0648                                                          1385.0548                                                       11.009976
             36       699.82212     0.022030613      0.11784407       68.254508       3.0674864      0.96955435     0.066511196     0.027231634   2.1487823e-09        2.104592         2.104592       1395.4351                                                          1384.4251                                                       11.009976
             35        699.5971     0.022077696       0.1174886       68.426037       3.0674864      0.96955435     0.066859709     0.029334071   2.1487823e-09        2.104592         2.104592        1394.985                                                          1384.5691                                                       10.415942
             13        699.6077     0.022077696       0.1174886       68.426037       3.0688625      0.96767763     0.066859709     0.029334071   2.1517413e-09        2.104592         2.104592       1395.0062                                                          1384.5903                                                       10.415942
             67       699.57163     0.022077696       0.1174886       68.426037       3.0684012      0.96888361     0.066859709     0.029334071   2.1507488e-09        2.104592         2.104592       1394.9341                                                          1384.5181                                                       10.415942
             32       699.46725     0.022078935      0.11752598       68.426963       3.0684012      0.96888361     0.066379232     0.027561166   2.1507488e-09        2.104592         2.104592       1394.7253                                                           1384.299                                                       10.426299
             74       699.85046     0.022068593      0.11728343       68.455017       3.0684012      0.96888361     0.067437226     0.029156021   2.1507488e-09        2.104592         2.104592       1395.4917                                                          1385.1587                                                       10.333047
              4       700.32961     0.022058476      0.11721926       68.467776       3.0684012      0.96888361     0.067871108      0.02845655   2.1507488e-09        2.104592         2.104592         1396.45                                                           1386.143                                                       10.307009
              7       700.98696     0.022058476      0.11721926       68.467776       3.0640417      0.97625711     0.067871108      0.02845655    2.141393e-09        2.104592         2.104592       1397.7647                                                          1387.4577                                                       10.307009
             29       701.28143     0.022060953      0.11719595       68.457597       3.0640417      0.97625711     0.068048782       0.0255823    2.141393e-09        2.104592         2.104592       1398.3537                                                          1388.0284                                                       10.325292
             14       701.32514     0.022034357      0.11734686       68.433901       3.0640417      0.97625711     0.068219034     0.017013345    2.141393e-09        2.104592         2.104592       1398.4411                                                          1388.0756                                                       10.365529
             14       701.19436     0.022034415      0.11747232       68.438471       3.0640417      0.97625711     0.067978374     0.012278427    2.141393e-09        2.104592         2.104592       1398.1795                                                           1387.797                                                       10.382543
             21       701.51793     0.022069445      0.11761961       68.417699       3.0640417      0.97625711     0.068740423     0.013439127    2.141393e-09        2.104592         2.104592       1398.8267                                                          1388.3243                                                       10.502342
              2       701.66156     0.022022647      0.11730052       68.500694       3.0640417      0.97625711     0.068770715     0.026583475    2.141393e-09        2.104592         2.104592       1399.1139                                                          1388.8336                                                       10.280295
              6       701.81022     0.022099389      0.11758059       68.252995       3.0640417      0.97625711     0.066907149     0.052730397    2.141393e-09        2.104592         2.104592       1399.4113                                                           1388.417                                                       10.994209
              6       702.00817     0.022044234      0.11690237       68.386418       3.0640417      0.97625711     0.068008325     0.068937773    2.141393e-09        2.104592         2.104592       1399.8072                                                          1389.4941                                                       10.313017
             21       701.80118     0.022015901      0.11672914       68.350407       3.0640417      0.97625711     0.066578388     0.056540826    2.141393e-09        2.104592         2.104592       1399.3932                                                          1389.0633                                                       10.329825
              4       701.09732     0.022015901      0.11672914       68.350407       3.0609174      0.97331022     0.066578388     0.056540826   2.1347133e-09        2.104592         2.104592       1397.9855                                                          1387.6556                                                       10.329825
             10       700.44424     0.022038159       0.1171176       68.238516       3.0609174      0.97331022     0.066094721     0.047476865   2.1347133e-09        2.104592         2.104592       1396.6793                                                          1385.8976                                                       10.781684
             21       700.53572     0.022015939      0.11701174        68.25267       3.0609174      0.97331022     0.065143002     0.044388878   2.1347133e-09        2.104592         2.104592       1396.8623                                                          1386.2014                                                       10.660839
             16       699.91555      0.02200901      0.11768854       68.257631       3.0609174      0.97331022      0.06355883     0.042693344   2.1347133e-09        2.104592         2.104592       1395.6219                                                          1384.8329                                                       10.789047
            185       700.25938     0.022000473      0.11757649       68.272221       3.0609174      0.97331022     0.064287885     0.048400087   2.1347133e-09        2.104592         2.104592       1396.3096                                                          1385.6528                                                       10.656767
             13       700.19769     0.021994804       0.1174594       68.309214       3.0609174      0.97331022     0.064312751     0.047835124   2.1347133e-09        2.104592         2.104592       1396.1862                                                          1385.6792                                                       10.506974
             51       700.15645     0.022014146      0.11766454       68.173024       3.0609174      0.97331022     0.065670698     0.036648792   2.1347133e-09        2.104592         2.104592       1396.1037                                                          1384.8367                                                       11.267004
              9       699.95029     0.022014146      0.11766454       68.173024       3.0625998      0.97218281     0.065670698     0.036648792   2.1383076e-09        2.104592         2.104592       1395.6914                                                          1384.4244                                                       11.267004
             27          700.36     0.022014146      0.11766454       68.173024       3.0690659      0.96833801     0.065670698     0.036648792    2.152179e-09        2.104592         2.104592       1396.5108                                                          1385.2438                                                       11.267004
             10        700.2273     0.022010433      0.11745633       68.258606       3.0690659      0.96833801      0.06695671     0.038166164    2.152179e-09        2.104592         2.104592       1396.2454                                                          1385.4908                                                       10.754628
             14       700.51167     0.022010433      0.11745633       68.258606       3.0687955      0.96747833      0.06695671     0.038166164    2.151597e-09        2.104592         2.104592       1396.8142                                                          1386.0595                                                       10.754628
              3       701.09248     0.022011149      0.11744125       68.212426       3.0687955      0.96747833     0.067483711     0.039357715    2.151597e-09        2.104592         2.104592       1397.9758                                                          1387.0227                                                         10.9531
              1       701.68668     0.022043742      0.11737165       68.160021       3.0687955      0.96747833     0.066592818      0.03376982    2.151597e-09        2.104592         2.104592       1399.1642                                                          1387.7615                                                       11.402669
             52       700.92604     0.022023662      0.11740412       68.200403       3.0687955      0.96747833     0.065225716     0.036246439    2.151597e-09        2.104592         2.104592       1397.6429                                                          1386.5713                                                       11.071593
             32       700.63091     0.022023662      0.11740412       68.200403       3.0660887      0.96972224     0.065225716     0.036246439   2.1457811e-09        2.104592         2.104592       1397.0526                                                          1385.9811                                                       11.071593
             32       700.12065     0.022023662      0.11740412       68.200403       3.0644422      0.96755254     0.065225716     0.036246439   2.1422509e-09        2.104592         2.104592       1396.0321                                                          1384.9605                                                       11.071593
             12       701.44591     0.022082787      0.11823272         67.8018       3.0644422      0.96755254     0.064054925     0.050822909   2.1422509e-09        2.104592         2.104592       1398.6826                                                          1383.2096                                                       15.472994
             11       700.45625     0.022054676      0.11744303       67.956336       3.0644422      0.96755254     0.063278051     0.068624982   2.1422509e-09        2.104592         2.104592       1396.7033                                                          1384.0203                                                       12.683065
             13       699.89005       0.0221222      0.11783398       67.942114       3.0644422      0.96755254     0.063853631     0.070110666   2.1422509e-09        2.104592         2.104592       1395.5709                                                          1382.0908                                                       13.480141
              8       699.88387       0.0221222      0.11783398       67.942114       3.0675937      0.96215956     0.063853631     0.070110666    2.149013e-09        2.104592         2.104592       1395.5586                                                          1382.0784                                                       13.480141
              6       700.33427     0.022347051      0.11746203       68.099286       3.0675937      0.96215956     0.063866961      0.08324122    2.149013e-09        2.104592         2.104592       1396.4594                                                          1383.4345                                                       13.024846
             20       701.85034     0.022342869      0.11729414       68.215567       3.0675937      0.96215956     0.062827781     0.070551987    2.149013e-09        2.104592         2.104592       1399.4915                                                          1387.4448                                                       12.046679
              4       701.51201     0.022342869      0.11729414       68.215567       3.0678916      0.96158898     0.062827781     0.070551987   2.1496531e-09        2.104592         2.104592       1398.8148                                                          1386.7682                                                       12.046679
              1       701.68642     0.022342869      0.11729414       68.215567       3.0672546      0.96233291     0.062827781     0.070551987   2.1482843e-09        2.104592         2.104592       1399.1636                                                           1387.117                                                       12.046679
            128       699.56487     0.022247304      0.11744103       68.117584       3.0672546      0.96233291     0.064085162      0.08601817   2.1482843e-09        2.104592         2.104592       1394.9206                                                          1382.7265                                                         12.1941
             15       699.36734     0.022186746      0.11706718       68.075272       3.0672546      0.96233291      0.06345989     0.087534526   2.1482843e-09        2.104592         2.104592       1394.5255                                                          1382.5069                                                       12.018622
              6       699.38364     0.022186746      0.11706718       68.075272       3.0673173       0.9623375      0.06345989     0.087534526   2.1484191e-09        2.104592         2.104592       1394.5581                                                          1382.5395                                                       12.018622
             17       699.28699     0.022186746      0.11706718       68.075272       3.0657926      0.96386321      0.06345989     0.087534526   2.1451458e-09        2.104592         2.104592       1394.3648                                                          1382.3462                                                       12.018622
             41       699.62845     0.022148666      0.11690965       68.067137       3.0657926      0.96386321     0.063320442     0.087035124   2.1451458e-09        2.104592         2.104592       1395.0477                                                          1383.2263                                                       11.821454
              3        702.4856     0.022088366      0.11851115       67.735349       3.0657926      0.96386321      0.06050315     0.067125058   2.1451458e-09        2.104592         2.104592        1400.762                                                          1384.3953                                                       16.366758
            122       701.35841     0.022088366      0.11851115       67.735349        3.053357      0.96882431      0.06050315     0.067125058   2.1186349e-09        2.104592         2.104592       1398.5076                                                          1382.1409                                                       16.366758
              2       699.55187     0.022137435      0.11802922       67.911246        3.053357      0.96882431     0.057980151     0.070459368   2.1186349e-09        2.104592         2.104592       1394.8946                                                          1380.8369                                                        14.05769
             45       699.82946     0.022137435      0.11802922       67.911246       3.0495007      0.96650073     0.057980151     0.070459368   2.1104805e-09        2.104592         2.104592       1395.4497                                                           1381.392                                                        14.05769
              5       698.73615     0.022137435      0.11802922       67.911246        3.051193      0.96722714     0.057980151     0.070459368   2.1140549e-09        2.104592         2.104592       1393.2631                                                          1379.2054                                                        14.05769
              8       699.66651     0.022137435      0.11802922       67.911246       3.0478815      0.96860894     0.057980151     0.070459368   2.1070659e-09        2.104592         2.104592       1395.1238                                                          1381.0662                                                        14.05769
              8       698.67431     0.022152321      0.11810737       67.894223       3.0478815      0.96860894     0.056774634     0.067789864   2.1070659e-09        2.104592         2.104592       1393.1394                                                           1378.662                                                       14.477456
             83       699.04322      0.02216123       0.1181592       67.853471       3.0478815      0.96860894     0.056740109     0.064576996   2.1070659e-09        2.104592         2.104592       1393.8773                                                          1378.7073                                                        15.16998
             32       699.79894     0.022218777      0.11806591       67.887032       3.0478815      0.96860894     0.056860557     0.064105918   2.1070659e-09        2.104592         2.104592       1395.3887                                                          1380.2056                                                       15.183108
              4       700.26607       0.0221818      0.11800244        67.95677       3.0478815      0.96860894     0.054602932     0.081392994   2.1070659e-09        2.104592         2.104592        1396.323                                                          1382.6296                                                       13.693401
             11       699.13252       0.0221818      0.11800244        67.95677       3.0448289      0.96779236     0.054602932     0.081392994   2.1006437e-09        2.104592         2.104592       1394.0559                                                          1380.3625                                                       13.693401
             48       699.32372     0.022235923      0.11745908       68.165142       3.0448289      0.96779236     0.057067021     0.048014368   2.1006437e-09        2.104592         2.104592       1394.4383                                                          1382.2249                                                       12.213372
              7       699.78319     0.022239523       0.1173139       68.168487       3.0448289      0.96779236     0.056596273     0.049701736   2.1006437e-09        2.104592         2.104592       1395.3572                                                          1383.2311                                                       12.126119
              1       699.82132     0.022172137      0.11661321       68.030568       3.0448289      0.96779236     0.056844442     0.093584065   2.1006437e-09        2.104592         2.104592       1395.4335                                                          1383.4019                                                       12.031583
              7       699.99811       0.0222762      0.11704594       67.804256       3.0448289      0.96779236     0.055147443      0.13319543   2.1006437e-09        2.104592         2.104592        1395.787                                                          1381.0129                                                       14.774175
             14       700.34244     0.022281509      0.11722508       67.842592       3.0448289      0.96779236     0.055767155      0.12912656   2.1006437e-09        2.104592         2.104592       1396.4757                                                          1381.9412                                                       14.534538
              6       699.29901     0.022260407      0.11683405       67.955934       3.0448289      0.96779236     0.054522193      0.12361957   2.1006437e-09        2.104592         2.104592       1394.3888                                                          1381.4315                                                       12.957334
              2       699.43703     0.022260407      0.11683405       67.955934       3.0448689      0.96806331     0.054522193      0.12361957   2.1007277e-09        2.104592         2.104592       1394.6649                                                          1381.7075                                                       12.957334
              9       699.61543     0.022260407      0.11683405       67.955934       3.0530693      0.95915912     0.054522193      0.12361957   2.1180253e-09        2.104592         2.104592       1395.0217                                                          1382.0643                                                       12.957334
             69       700.88146     0.022247171      0.11668488        67.92139       3.0530693      0.95915912     0.053722366      0.12372297   2.1180253e-09        2.104592         2.104592       1397.5537                                                          1384.4259                                                       13.127854
             22       699.92809     0.022234943      0.11672652        67.98679       3.0530693      0.95915912     0.054000092       0.1173094   2.1180253e-09        2.104592         2.104592        1395.647                                                           1383.117                                                       12.530032
              7       699.50722     0.022234943      0.11672652        67.98679       3.0507627      0.96136144     0.054000092       0.1173094   2.1131455e-09        2.104592         2.104592       1394.8053                                                          1382.2752                                                       12.530032
             46        700.0248     0.022257631      0.11671126       68.010402       3.0507627      0.96136144     0.053656507      0.11664041   2.1131455e-09        2.104592         2.104592       1395.8404                                                          1383.3835                                                       12.456892
              2       701.36208       0.0223779      0.11724771       68.157911       3.0507627      0.96136144     0.053349856     0.090490801   2.1131455e-09        2.104592         2.104592        1398.515                                                          1386.0517                                                       12.463228
             21       701.15364     0.022588144      0.11597823       68.526044       3.0507627      0.96136144     0.058215743       0.1258871   2.1131455e-09        2.104592         2.104592       1398.0981                                                          1387.6057                                                       10.492359
             33       701.26133     0.022581082      0.11621292       68.487765       3.0507627      0.96136144     0.056349037      0.10918285   2.1131455e-09        2.104592         2.104592       1398.3135                                                          1387.5776                                                       10.735877
             21        700.2932      0.02257298      0.11637592       68.478875       3.0507627      0.96136144     0.056908666       0.1117908   2.1131455e-09        2.104592         2.104592       1396.3772                                                          1385.6214                                                       10.755795
             17       700.50542     0.022567303      0.11646993       68.449031       3.0507627      0.96136144     0.057819387      0.11311561   2.1131455e-09        2.104592         2.104592       1396.8017                                                          1385.9236                                                         10.8781
             19       701.19289     0.022574183      0.11632301       68.365232       3.0507627      0.96136144     0.058375195      0.11080614   2.1131455e-09        2.104592         2.104592       1398.1766                                                           1386.829                                                       11.347585
              5        701.8267      0.02257867      0.11628468       68.345174       3.0507627      0.96136144     0.058583229      0.11037197   2.1131455e-09        2.104592         2.104592       1399.4442                                                          1387.9528                                                       11.491412
              2       702.69965     0.022341561      0.11747679       67.641317       3.0507627      0.96136144     0.056520976       0.1476733   2.1131455e-09        2.104592         2.104592       1401.1901                                                          1383.3152                                                       17.874943
             11       703.26039     0.022354129      0.11757307        67.64073       3.0507627      0.96136144     0.056343119      0.14923537   2.1131455e-09        2.104592         2.104592       1402.3116                                                          1384.2301                                                       18.081519
             19       703.07057     0.022351177      0.11755802       67.638261       3.0507627      0.96136144       0.0562183      0.14942835   2.1131455e-09        2.104592         2.104592        1401.932                                                          1383.8602                                                       18.071791
             30       702.93513     0.022329301      0.11756009       67.660043       3.0507627      0.96136144     0.056546004      0.14356019   2.1131455e-09        2.104592         2.104592       1401.6611                                                          1384.0607                                                       17.600408
             10        702.4116     0.022384128      0.11686751       67.924147       3.0507627      0.96136144     0.053525696      0.14781014   2.1131455e-09        2.104592         2.104592        1400.614                                                          1386.7651                                                       13.848952
             50       701.08365     0.022384128        0.116829       67.933221       3.0507627      0.96136144       0.0544418      0.14607565   2.1131455e-09        2.104592         2.104592       1397.9581                                                          1384.2108                                                       13.747345
              4       701.54302     0.022479757      0.11708742        67.86964       3.0507627      0.96136144     0.055948814      0.13472292   2.1131455e-09        2.104592         2.104592       1398.8769                                                          1383.1343                                                       15.742599
              3       700.96088     0.022479757      0.11708742        67.86964       3.0566534      0.95269646     0.055948814      0.13472292   2.1256301e-09        2.104592         2.104592       1397.7126                                                            1381.97                                                       15.742599
             22       702.27098     0.022448207      0.11740445       67.705349       3.0566534      0.95269646     0.054463215      0.14706051   2.1256301e-09        2.104592         2.104592       1400.3328                                                          1382.3876                                                       17.945213
              3       702.62668     0.022489229      0.11713921       67.696939       3.0566534      0.95269646     0.055356433      0.14224842   2.1256301e-09        2.104592         2.104592       1401.0442                                                          1382.6147                                                       18.429462
              2       702.41484     0.022465871       0.1179754       67.778761       3.0566534      0.95269646     0.056956104      0.11190819   2.1256301e-09        2.104592         2.104592       1400.6205                                                          1382.3719                                                       18.248617
             16       702.03806     0.022474813       0.1180057       67.760673       3.0566534      0.95269646      0.05670366      0.11069845   2.1256301e-09        2.104592         2.104592       1399.8669                                                          1381.1422                                                       18.724697
             10       704.47923     0.022474813       0.1180057       67.760673        3.053653      0.95280524      0.05670366      0.11069845   2.1192621e-09        2.104592         2.104592       1404.7493                                                          1386.0246                                                       18.724697
             17       703.43336     0.022474813       0.1180057       67.760673       3.0653016      0.95086322      0.05670366      0.11069845   2.1440929e-09        2.104592         2.104592       1402.6575                                                          1383.9328                                                       18.724697
              7       703.85137     0.022462747      0.11808219       67.723806       3.0653016      0.95086322     0.056345015      0.11532645   2.1440929e-09        2.104592         2.104592       1403.4936                                                          1384.3038                                                       19.189755
             21       701.81854     0.022462747      0.11808219       67.723806       3.0604881      0.95254699     0.056345015      0.11532645   2.1337969e-09        2.104592         2.104592       1399.4279                                                          1380.2382                                                       19.189755
              1       702.33581     0.022473262       0.1182592       67.731781       3.0604881      0.95254699      0.05588341      0.11296347   2.1337969e-09        2.104592         2.104592       1400.4624                                                          1381.0541                                                       19.408332
             80        701.9786     0.022473262       0.1182592       67.731781       3.0569449      0.95380433      0.05588341      0.11296347     2.12625e-09        2.104592         2.104592        1399.748                                                          1380.3397                                                       19.408332
             11       702.30494      0.02245836      0.11813004       67.731361       3.0569449      0.95380433     0.055926083       0.1210536     2.12625e-09        2.104592         2.104592       1400.4007                                                          1381.4939                                                        18.90675
              1       703.51777     0.022516997      0.11763672       67.869337       3.0569449      0.95380433     0.058794423       0.1159495     2.12625e-09        2.104592         2.104592       1402.8264                                                          1385.8773                                                       16.949043
              8       701.33861     0.022502586      0.11755433       67.995632       3.0569449      0.95380433     0.057214914      0.11582255     2.12625e-09        2.104592         2.104592        1398.468                                                          1383.5229                                                       14.945113
             42       700.69238       0.0225123      0.11741981        68.03254       3.0569449      0.95380433     0.057227139      0.11362071     2.12625e-09        2.104592         2.104592       1397.1756                                                          1382.6666                                                       14.509003
             38       700.20663     0.022492612      0.11727933       68.021039       3.0569449      0.95380433     0.057350533      0.10884139     2.12625e-09        2.104592         2.104592       1396.2041                                                          1381.7228                                                        14.48127
             15        700.5768     0.022124352      0.11669037       68.626982       3.0569449      0.95380433     0.053739502     0.023857181     2.12625e-09        2.104592         2.104592       1396.9444                                                          1386.5882                                                       10.356218
              6       700.91746     0.022188744      0.11719137       68.667178       3.0569449      0.95380433     0.057654341   0.00067576804     2.12625e-09        2.104592         2.104592       1397.6257                                                          1387.3089                                                        10.31685
             19       699.69497     0.022209602      0.11721797       68.659365       3.0569449      0.95380433     0.057358393   0.00067722139     2.12625e-09        2.104592         2.104592       1395.1808                                                          1384.8617                                                       10.319018
             21       702.37599     0.022209602      0.11721797       68.659365       3.0664882      0.95512412     0.057358393   0.00067722139   2.1466385e-09        2.104592         2.104592       1400.5428                                                          1390.2238                                                       10.319018
             33       701.44814     0.022182069      0.11737205       68.720988       3.0664882      0.95512412     0.056877666    0.0021957631   2.1466385e-09        2.104592         2.104592       1398.6871                                                          1388.3513                                                       10.335839
             27       702.04094      0.02239151      0.11905331       68.253811       3.0664882      0.95512412     0.061380174     0.033621208   2.1466385e-09        2.104592         2.104592       1399.8727                                                          1386.5006                                                       13.372061
             19       701.76948      0.02239151      0.11905331       68.253811       3.0755019      0.94953018     0.061380174     0.033621208   2.1660751e-09        2.104592         2.104592       1399.3298                                                          1385.9577                                                       13.372061
             22       701.43854      0.02239151      0.11905331       68.253811       3.0699606      0.95321319     0.061380174     0.033621208   2.1541055e-09        2.104592         2.104592       1398.6679                                                          1385.2958                                                       13.372061
             12       701.57389      0.02239151      0.11905331       68.253811       3.0719768      0.95126378     0.061380174     0.033621208   2.1584529e-09        2.104592         2.104592       1398.9386                                                          1385.5665                                                       13.372061
             38       701.68398     0.022392375      0.11906543       68.254535       3.0719768      0.95126378     0.061396307      0.03356675   2.1584529e-09        2.104592         2.104592       1399.1588                                                           1385.779                                                       13.379783
             11       701.93054     0.022392375      0.11906543       68.254535       3.0715526       0.9509772     0.061396307      0.03356675   2.1575375e-09        2.104592         2.104592       1399.6519                                                          1386.2721                                                       13.379783
              3       701.17862     0.022412044      0.11842534       68.146247       3.0715526       0.9509772      0.06184618     0.020214443   2.1575375e-09        2.104592         2.104592       1398.1481                                                          1383.4928                                                       14.655249
              1       698.41982     0.022469605      0.11759183       68.784179       3.0715526       0.9509772      0.06113405     0.012051425   2.1575375e-09        2.104592         2.104592       1392.6305                                                          1382.2664                                                       10.364026
             23       698.22375     0.022469605      0.11759183       68.784179       3.0713818      0.95068101      0.06113405     0.012051425   2.1571689e-09        2.104592         2.104592       1392.2383                                                          1381.8743                                                       10.364026
             14       698.26937     0.022475817      0.11768946       68.850635       3.0713818      0.95068101     0.061581814    0.0073241762   2.1571689e-09        2.104592         2.104592       1392.3296                                                          1382.0065                                                       10.323093
             66       699.93446     0.022475817      0.11768946       68.850635       3.0752877      0.95011107     0.061581814    0.0073241762   2.1656111e-09        2.104592         2.104592       1395.6597                                                          1385.3366                                                       10.323093
              1       700.24642     0.022473087      0.11760959       68.834935       3.0752877      0.95011107     0.061520447    0.0025814588   2.1656111e-09        2.104592         2.104592       1396.2837                                                          1385.9365                                                       10.347145
             47        701.0831     0.022475552      0.11762037       68.851037       3.0752877      0.95011107     0.061032455    0.0021989004   2.1656111e-09        2.104592         2.104592        1397.957                                                          1387.6176                                                       10.339471
             24       699.77555     0.022485038      0.11758372       68.921747       3.0752877      0.95011107     0.062010841    0.0091555104   2.1656111e-09        2.104592         2.104592       1395.3419                                                           1384.993                                                       10.348966
              8       699.60893     0.022481863      0.11749722       68.912274       3.0752877      0.95011107     0.062079439    0.0099199866   2.1656111e-09        2.104592         2.104592       1395.0087                                                          1384.6556                                                       10.353097
              5       701.52336     0.022538545      0.11727454       68.854057       3.0752877      0.95011107     0.062905805    0.0026654975   2.1656111e-09        2.104592         2.104592       1398.8375                                                          1388.4248                                                       10.412705
              5       700.73087     0.022476039      0.11710596       68.760375       3.0752877      0.95011107     0.064628074    0.0093048009   2.1656111e-09        2.104592         2.104592       1397.2526                                                          1386.8149                                                        10.43769
              2       700.29854     0.022463863      0.11727807       68.842215       3.0752877      0.95011107     0.065260805     0.021985137   2.1656111e-09        2.104592         2.104592       1396.3879                                                          1386.0594                                                       10.328501
             26       699.69041     0.022465982      0.11767008       68.745318       3.0752877      0.95011107     0.064365913     0.024200476   2.1656111e-09        2.104592         2.104592       1395.1716                                                          1384.8017                                                       10.369935
              6       699.69427     0.022465982      0.11767008       68.745318       3.0777269      0.94842292     0.064365913     0.024200476      2.1709e-09        2.104592         2.104592       1395.1794                                                          1384.8094                                                       10.369935
             34         702.026     0.022465982      0.11767008       68.745318       3.0868543      0.93999981     0.064365913     0.024200476   2.1908054e-09        2.104592         2.104592       1399.8428                                                          1389.4729                                                       10.369935
             22       701.99275     0.022497642      0.11783076        68.75369       3.0868543      0.93999981       0.0645395     0.021387677   2.1908054e-09        2.104592         2.104592       1399.7763                                                          1389.3587                                                        10.41758
             17       704.20049     0.022497642      0.11783076        68.75369       3.0834065      0.93940179       0.0645395     0.021387677   2.1832648e-09        2.104592         2.104592       1404.1918                                                          1393.7742                                                        10.41758
             16       701.21179     0.022497642      0.11783076        68.75369       3.0854288       0.9439057       0.0645395     0.021387677   2.1876846e-09        2.104592         2.104592       1398.2144                                                          1387.7968                                                        10.41758
             54        701.1723     0.022497642      0.11783076        68.75369        3.081831      0.94360873       0.0645395     0.021387677   2.1798279e-09        2.104592         2.104592       1398.1354                                                          1387.7178                                                        10.41758
            108        702.3227     0.022473925      0.11790917       68.775405        3.081831      0.94360873     0.063893568     0.023515645   2.1798279e-09        2.104592         2.104592       1400.4362                                                          1390.0939                                                       10.342346
              2       700.77561     0.022454275      0.11788086       68.715847        3.081831      0.94360873     0.064265088     0.016677229   2.1798279e-09        2.104592         2.104592        1397.342                                                          1386.8864                                                       10.455683
             46       699.73397     0.022435694      0.11789264       68.640406        3.081831      0.94360873     0.063857348     0.012258914   2.1798279e-09        2.104592         2.104592       1395.2588                                                           1384.585                                                       10.673775
            108        698.4431     0.022435694      0.11789264       68.640406        3.074879      0.95207779     0.063857348     0.012258914   2.1647263e-09        2.104592         2.104592        1392.677                                                          1382.0032                                                       10.673775
             63       699.02084     0.022439317       0.1176903       68.629388        3.074879      0.95207779     0.064443868    0.0085509115   2.1647263e-09        2.104592         2.104592       1393.8325                                                          1383.1028                                                        10.72966
             10       699.69585     0.022453872      0.11807341       68.593965        3.074879      0.95207779     0.062437505     0.013616356   2.1647263e-09        2.104592         2.104592       1395.1825                                                          1384.2352                                                       10.947329
              7       698.10997     0.022453872      0.11807341       68.593965       3.0714908      0.95127663     0.062437505     0.013616356    2.157404e-09        2.104592         2.104592       1392.0108                                                          1381.0634                                                       10.947329
             14       698.20269     0.022453872      0.11807341       68.593965       3.0708566      0.95123168     0.062437505     0.013616356   2.1560364e-09        2.104592         2.104592       1392.1962                                                          1381.2489                                                       10.947329
             92       697.90593     0.022434737      0.11834329       68.509974       3.0708566      0.95123168     0.061467927    0.0087533168   2.1560364e-09        2.104592         2.104592       1391.6027                                                            1380.14                                                       11.462656
             18       699.19417     0.022434737      0.11834329       68.509974       3.0692422      0.95571351     0.061467927    0.0087533168   2.1525585e-09        2.104592         2.104592       1394.1792                                                          1382.7165                                                       11.462656
             12       700.33877     0.022455725      0.11854671        68.50686       3.0692422      0.95571351     0.060803598     0.012750604   2.1525585e-09        2.104592         2.104592       1396.4683                                                          1384.8683                                                       11.599999
             37       699.26224     0.022488784      0.11830107       68.544993       3.0692422      0.95571351     0.063326043     0.019256372   2.1525585e-09        2.104592         2.104592       1394.3153                                                          1382.9589                                                       11.356449
             22       699.79187     0.022457808      0.11797181       68.558816       3.0692422      0.95571351      0.06112619     0.027875446   2.1525585e-09        2.104592         2.104592       1395.3746                                                          1384.3846                                                       10.989953
             14       699.79413     0.022457358        0.118001       68.562127       3.0692422      0.95571351     0.061082098     0.027899632   2.1525585e-09        2.104592         2.104592       1395.3791                                                          1384.4013                                                       10.977806
             16       703.49768     0.022501768      0.11746819       68.629408       3.0692422      0.95571351     0.061459437     0.019497306   2.1525585e-09        2.104592         2.104592       1402.7862                                                          1391.9833                                                       10.802884
             20       703.18003     0.022447511      0.11695524       68.603904       3.0692422      0.95571351     0.062500493     0.028201252   2.1525585e-09        2.104592         2.104592       1402.1509                                                          1391.5176                                                       10.633288
             17       702.66527     0.022495264      0.11621352       68.650672       3.0692422      0.95571351     0.064747636     0.058878813   2.1525585e-09        2.104592         2.104592       1401.1214                                                          1390.7005                                                       10.420847
             39       702.75314     0.022284919      0.11524951       68.863768       3.0692422      0.95571351     0.063654631     0.066425466   2.1525585e-09        2.104592         2.104592       1401.2971                                                          1389.8708                                                        11.42629
             10       701.66938     0.022284919      0.11524951       68.863768       3.0590783       0.9670226     0.063654631     0.066425466   2.1307909e-09        2.104592         2.104592       1399.1296                                                          1387.7033                                                        11.42629
              3       701.57101      0.02228022       0.1152452       68.865864       3.0590783       0.9670226     0.063761414     0.066806901   2.1307909e-09        2.104592         2.104592       1398.9328                                                          1387.4705                                                       11.462316
