#                 weight             minuslogpost                 omegabh2                 omegach2                       H0                     logA                       ns                      tau               mnu_sample                 A_planck               TT_tSZ_Amp               TT_kSZ_Amp                       As                      mnu                chi2__CMB            minuslogprior         minuslogprior__0                     chi2 chi2__sbt_spt_audit.likelihoods.candl_cobaya.CandlCobayaLikelihood chi2__sbt_spt_audit.likelihoods.desi_dr2_bao.DESIDR2BAOGaussian chi2__planck_2018_lowl.TT chi2__planck_2018_lowl.EE_sroll2 chi2__planck_2018_highl_plik.TT_lite_native chi2__planckpr4lensing.PlanckPR4Lensing
                       2       945.74648746464538     0.022123142725905629      0.11766374630884859       68.566316330490025        3.041913649594572      0.96511461233055607      0.05388853291258152    0.0041897882716129924       1.0050002310525077       1.3104792273119774       2.5385463220045903   2.0945286847835509e-09    0.0041897882716129924       490.64666821391523       5.7934714303969193       5.7934714303969193       1879.9060320684969                                                 1378.9443332075386                                               10.31503064704288        22.950830564861462               390.19822661867079                          68.510344537524247                      8.9872664928587582
                       1       945.57243354710363     0.022102853601658222      0.11746097204949893       68.469364834300663        3.048127469632643      0.96355010043403644     0.055630118247586159     0.022970960140287846       1.0068324717997166       1.3061695627588341       2.5344849967242316   2.1075842294901415e-09     0.022970960140287846       490.48022676831386       5.7934714303969193       5.7934714303969193       1879.5579242334134                                                 1378.7035580163122                                              10.374139448787442        23.291237698030216               389.97580510146543                          68.278907727854119                      8.9342762409640848
                       1       946.24793711841619     0.022186754031043397      0.11765943180229181        68.38584152267515       3.0523829044639452      0.96641396824664061     0.058203126636823282     0.027215937199326468       1.0061576155799798       1.3091232444931447       2.1363254526037809   2.1165720267598707e-09     0.027215937199326468       490.96786755561442       5.7934714303969193       5.7934714303969193       1880.9089313760385                                                  1379.111294947794                                              10.829768872630039         22.78393353110846               390.21256431514365                          69.415537930331411                      8.5558317790308891
                       3       946.37288077702726     0.022186754031043397      0.11765943180229181        68.38584152267515       3.0523829044639452      0.96641396824664061     0.058203126636823282     0.027215937199326468       1.0062654860127551       1.3091232444931447       2.1363254526037809   2.1165720267598707e-09     0.027215937199326468       491.21775487283657       5.7934714303969193       5.7934714303969193       1881.1588186932606                                                  1379.111294947794                                              10.829768872630039        22.768951741253716               390.21305866361695                          69.656940590559699                      8.5788038774061928
                       4       947.67414265934838      0.02208231864831843      0.11777586415257356       68.413268785731162       3.0459993365031615       0.9663901441594287     0.053172856772539759    0.0013649331714103326       1.0084458050739367       1.3327499197046433       2.0016940568889017   2.1031037788568829e-09    0.0013649331714103326       492.69018128498618       5.7934714303969193       5.7934714303969193       1883.7613424579029                                                 1380.4535348638074                                              10.617626309109582        22.535525624862032               390.36435634722244                          71.072519062354587                      8.7177802505471433
                       2       947.69360813799938     0.022089880961646643      0.11777652217340213       68.411907371239806       3.0455456954704254      0.96640687102796297     0.052983500550067036    0.0022424243964444751        1.008375788503387       1.3333868145642351       1.9934974508065888   2.1021499410530319e-09    0.0022424243964444751       492.67573664599195       5.7934714303969193       5.7934714303969193       1883.8002734152049                                                 1380.4865178888906                                              10.638018880322138        22.531446368417107               390.41711823305911                          70.995553067251848                      8.7316189772638904
                       3       947.90992867702221     0.022089880961646643      0.11777652217340213       68.411907371239806       3.0455456954704254      0.96640687102796297     0.052983500550067036    0.0022424243964444751       1.0085614571992285       1.3847705120670379       1.7121192024616141   2.1021499410530319e-09    0.0022424243964444751       493.20902983494716       5.7934714303969193       5.7934714303969193       1884.2329144932505                                                 1380.3858657779813                                              10.638018880322138        22.506917422334993               390.41711823305911                          71.503738946991561                      8.7812552325614917
                       2       947.78186859666812     0.022186692535068765      0.11768220311979093       68.548313799104363       3.0517643710550937      0.96137164027274513     0.053160671611033675      0.01963612039782987       1.0110224875676028       1.3533392817152405       1.7857567798639418   2.1152632610484639e-09      0.01963612039782987       491.06202976396378       5.7934714303969193       5.7934714303969193       1883.9767943325423                                                 1382.5485166623982                                              10.366247906180345        23.713545144170155               390.20354368504269                          68.441537058836616                      8.7034038759143453
                       7        947.9306555611679     0.022186692535068765      0.11768220311979093       68.548313799104363       3.0517643710550937      0.96137164027274513     0.053160671611033675      0.01963612039782987       1.0109255112562245       1.4240335660066876        1.694741930387166   2.1152632610484639e-09      0.01963612039782987       490.87678454327005       5.7934714303969193       5.7934714303969193       1884.2743682615419                                                 1383.0313358120914                                              10.366247906180345        23.728751329427212               390.20194159111719                          68.267847925703165                      8.6782436970224826
                       3        947.8061637579325     0.022186692535068765      0.11768220311979093       68.548313799104363       3.0517643710550937      0.96137164027274513     0.053160671611033675      0.01963612039782987       1.0107837230078001       1.4240335660066876        1.694741930387166   2.1152632610484639e-09      0.01963612039782987       490.62780093679925       5.7934714303969193       5.7934714303969193       1884.0253846550711                                                 1383.0313358120914                                              10.366247906180345        23.751041140499353               390.19811005179514                          68.035924325774104                      8.6427254187306577
                       3        947.8505534817233     0.022202033770009053      0.11771868175142573        68.54478195212306       3.0514816693588074      0.96182240368581806     0.053249811186634327     0.024221374921213176       1.0103887405468683       1.4128802356270382       1.7166857109006877   2.1146653570546916e-09     0.024221374921213176       490.49570756344951       5.7934714303969193       5.7934714303969193       1884.1141641026527                                                 1383.2366117909064                                              10.381844748296997        23.676569030433029               390.18336110693286                            67.9387677665041                      8.6970096595795141
                       2       948.51817767262605     0.022202033770009053      0.11771868175142573        68.54478195212306       3.0514816693588074      0.96182240368581806     0.053249811186634327     0.024221374921213176       1.0101493037484148       1.5154878036251618       1.6674987646202479   2.1146653570546916e-09     0.024221374921213176       490.13656834348268       5.7934714303969193       5.7934714303969193       1885.4494124844582                                                 1384.9309993926786                                              10.381844748296997        23.714000551497577                390.1714852437666                          67.613933405488183                       8.637149142730296
                       2       947.70955708841666     0.022202033770009053      0.11771868175142573        68.54478195212306       3.0514816693588074      0.96182240368581806     0.053249811186634327     0.024221374921213176       1.0102631249605061       1.3217457670746602       2.0445993183941336   2.1146653570546916e-09     0.024221374921213176       490.29175538530353       5.7934714303969193       5.7934714303969193       1883.8321713160394                                                 1383.1585711824389                                              10.381844748296997        23.696183988548853                390.1714852437666                          67.759018351387596                      8.6650678016004345
                       3       947.91885626894612     0.022193740644324892      0.11763439697188291       68.656824353043817       3.0618957762569563      0.96064376792578043     0.058161219725956684     0.014017950306664501       1.0107468814839553        1.312654210296202       2.0796029908644655   2.1368027788018639e-09     0.014017950306664501        490.3621829278984       5.7934714303969193       5.7934714303969193       1884.2507696770983                                                 1383.6071999755993                                               10.28138677360063        24.169948225303585               390.09403352223217                          67.823803934915333                      8.2743972454472647
                      10       947.83626246808376     0.022193740644324892      0.11763439697188291       68.656824353043817       3.0618957762569563      0.96064376792578043     0.058161219725956684     0.014017950306664501       1.0109092979068433       1.2736384033689465       2.0383381778231731   2.1368027788018639e-09     0.014017950306664501       490.57637856306337       5.7934714303969193       5.7934714303969193       1884.0855820753736                                                 1383.2278167387096                                               10.28138677360063        24.143179002921784               390.09979653669467                          68.044261797494798                      8.2891412259521147
                       3       948.32006682938766     0.022197923879552654      0.11738777359698292       68.648207973930042       3.0631815889354126      0.96102692986068183     0.058916718932578625      0.02431066961126549       1.0111027876150218       1.2675493684156409       2.0227947800499622   2.1395520740667748e-09      0.02431066961126549       490.68517913456378       5.7934714303969193       5.7934714303969193       1885.0531907979814                                                 1384.0842633365412                                              10.283748326876218        24.061643401247409               390.21314547118891                            68.0512881397228                      8.3591021224046713
                       1       948.39892323707215     0.022197923879552654      0.11738777359698292       68.648207973930042       3.0631815889354126      0.96102692986068183     0.058916718932578625      0.02431066961126549       1.0109539667102538       1.2850700137217776       2.1050851066862983   2.1395520740667748e-09      0.02431066961126549       490.49586057943043       5.7934714303969193       5.7934714303969193       1885.2109036133504                                                 1384.4312947070437                                              10.283748326876218        24.085939506682394               390.21348690055686                           67.85798639834367                      8.3384477738475145
                       5        948.1686719231102     0.022197923879552654      0.11738777359698292       68.648207973930042       3.0631815889354126      0.96102692986068183     0.058916718932578625      0.02431066961126549       1.0103420859738561       1.2850700137217776       2.1050851066862983   2.1395520740667748e-09      0.02431066961126549        490.0353579515068       5.7934714303969193       5.7934714303969193       1884.7504009854265                                                 1384.4312947070437                                              10.283748326876218        24.186560553940922               390.21047888051794                          67.367264052295567                      8.2710544647523783
                       4        947.7916911181544     0.022270469673958897      0.11836134364936846       68.433206653154002       3.0640815579151655      0.95715331002629245     0.059411804327424697     0.014169920982778486       1.0090748544749999       1.3434782127153124       2.1300734733992122   2.1414784712828466e-09     0.014169920982778486       492.67314616938273       5.7934714303969193       5.7934714303969193       1883.9964393755149                                                  1380.159390947701                                              11.163902258431156        25.291514131435349               390.37832354143723                          68.657065440172019                      8.3462430563381691
                       1       949.60585184326055     0.022270469673958897      0.11836134364936846       68.433206653154002       3.0640815579151655      0.95715331002629245     0.059411804327424697     0.014169920982778486        1.009142170061343       1.6184850301542839       1.4024919808366021   2.1414784712828466e-09     0.014169920982778486       492.67541285709081       5.7934714303969193       5.7934714303969193       1887.6247608257272                                                 1383.7854457102053                                              11.163902258431156        25.279130220748812                390.3551972134419                          68.703511206539687                      8.3375742163604158
                       3       949.67640722545593     0.022270469673958897      0.11836134364936846       68.433206653154002       3.0640815579151655      0.95715331002629245     0.059411804327424697     0.014169920982778486       1.0093892391086554       1.6184850301542839       1.4024919808366021   2.1414784712828466e-09     0.014169920982778486       492.81652362148151       5.7934714303969193       5.7934714303969193        1887.765871590118                                                 1383.7854457102053                                              11.163902258431156        25.233781246024648               390.34910044347203                          68.924930821864265                      8.3087111101205533
                       4       948.92011503514107     0.022151874491600308      0.11795271426608991       68.477443561225215       3.0629322072580423      0.95774020503177459     0.059349706499689785     0.022012443560281494       1.0095060210433604       1.5821766336150729       1.7778323755375591   2.1390185755068705e-09     0.022012443560281494       491.38843197478695       5.7934714303969193       5.7934714303969193       1886.2532872094882                                                 1384.3674662708381                                               10.49738896386315        24.989664447759651               390.33692905352183                          67.820132401767836                      8.2417060717376955
                       1        949.0773103835063     0.022151158208230992      0.11793279711139906       68.489403517311345       3.0640010595221314      0.95774680126174649     0.059808137931425094     0.021353377743934428       1.0096199824534189       1.5802855225135082       1.7672889308209851   2.1413060926453861e-09     0.021353377743934428       491.53216112934012       5.7934714303969193       5.7934714303969193       1886.5676779062187                                                 1384.5718427388238                                              10.463674038054723        25.007785141517843               390.45921744970929                          67.830256000004027                      8.2349025381089636
                       2       949.88366057272901     0.022267761382254683      0.11733672326078308       68.611647741456252       3.0637524092342305      0.95927279678426292     0.060984228583735776     0.048288154960687418       1.0083938116481097       1.5452597284274989       1.7446273064465436    2.140773722458709e-09     0.048288154960687418       492.18425120920176       5.7934714303969193       5.7934714303969193       1888.1803782846641                                                 1385.7102660647206                                              10.285861010741876        24.759882222464284               390.75531137643179                          68.152381572144876                      8.5166760381607993
                       2       950.51766192981586     0.022312650752594664      0.11618723486110578       68.741639701984298       3.0563062830867613      0.96990454666834169     0.061462096356950949     0.081438892202338339       1.0051869429554527       1.4722763575243087       1.5287637903431723   2.1248924516188707e-09     0.081438892202338339       491.15268916041452       5.7934714303969193       5.7934714303969193       1889.4483809988378                                                 1387.7157882470085                                              10.579903591414901        22.373446116571927               390.72451784733414                          67.398778571040964                      10.655946625467518
                       1       950.71379629047885     0.022312650752594664      0.11618723486110578       68.741639701984298       3.0563062830867613      0.96990454666834169     0.061462096356950949     0.081438892202338339       1.0054796538753037       1.3288967817817146       1.6326737183387026   2.1248924516188707e-09     0.081438892202338339       491.47920596556168       5.7934714303969193       5.7934714303969193       1889.8406497201638                                                 1387.7815401631872                                              10.579903591414901        22.335597758531321               390.74370113236267                          67.562580041467342                      10.837327033200317
                       1       950.42686458390517     0.022312650752594664      0.11618723486110578       68.741639701984298       3.0563062830867613      0.96990454666834169     0.061462096356950949     0.081438892202338339       1.0044064448941059       1.3288967817817146       1.6326737183387026   2.1248924516188707e-09     0.081438892202338339       490.90534255241448       5.7934714303969193       5.7934714303969193       1889.2667863070164                                                 1387.7815401631872                                              10.579903591414901        22.475467736234009               390.70777986936173                          67.517969170978546                      10.204125775840204
                       2       950.33522098402693     0.022320307198021676      0.11566488718024319       68.761178861280001       3.0517832612298981      0.96747233017752232     0.059314938653850985     0.077758656890602879       1.0050921710226326       1.3932308674326992       1.5625533222665304   2.1153032191186285e-09     0.077758656890602879       492.66960123303284       5.7934714303969193       5.7934714303969193         1889.08349910726                                                 1385.6756205667768                                               10.73827730745046        22.830253259418043               390.26981157292545                           68.47519396381368                       11.09434243687565
                       3       950.36247656440844     0.022323684343550892      0.11566495587998961       68.768082704207956       3.0513711889710864      0.96748784905960017         0.05904951364371     0.077720538448237689       1.0051274748834671       1.3923645833026999       1.5552106306410216   2.1144317409113831e-09     0.077720538448237689       492.67226498523905       5.7934714303969193       5.7934714303969193        1889.138010268023                                                 1385.7093728333007                                              10.756372449483237        22.823466365649722               390.22395660146543                          68.479815234934918                         11.145026783189
                       2       948.99528296134633     0.022194498625809692      0.11671918764615152       68.393453791682816       3.0368048535843029       0.9718893147260933     0.053393812034645563     0.055856279686798974       1.0029343183011197       1.4372607073823258       1.4941658020073303   2.0838554518942259e-09     0.055856279686798974       492.39441309926121       5.7934714303969193       5.7934714303969193       1886.4036230618988                                                 1383.5159783819313                                              10.493231580706446        21.759104855082398               390.50027753978469                           69.66599843424396                      10.469032270150159
                       3       948.79321127926596     0.022175373871873991      0.11714011791063256       68.298462790414391       3.0357333117403069      0.97142181866456834     0.052739116296627413     0.046055082316948187       1.0027172666041146       1.4572563638137319        1.486273479921516   2.0816237094969049e-09     0.046055082316948187       492.31019300074541       5.7934714303969193       5.7934714303969193        1885.999479697738                                                 1382.7457152733675                                              10.943571423625187        21.808491810111491               390.65192387871048                          70.021098890826394                      9.8286784210970524
                       9       948.77961894463317     0.022175373871873991      0.11714011791063256       68.298462790414391       3.0357333117403069      0.97142181866456834     0.052739116296627413     0.046055082316948187       1.0027191986359183       1.4548259609319849        1.490580396176455   2.0816237094969049e-09     0.046055082316948187       492.31249839427073       5.7934714303969193       5.7934714303969193       1885.9722950284724                                                 1382.7162252105766                                              10.943571423625187        21.808269571116398               390.65192387871048                          70.022677975715624                      9.8296269687282187
                       1       948.59762433815581     0.022175373871873991      0.11714011791063256       68.298462790414391       3.0357333117403069      0.97142181866456834     0.052739116296627413     0.046055082316948187       1.0013950252696409       1.4548259609319849        1.490580396176455   2.0816237094969049e-09     0.046055082316948187       491.94850918131601       5.7934714303969193       5.7934714303969193       1885.6083058155177                                                 1382.7162252105766                                              10.943571423625187        21.963109964517116               390.62982603529127                          70.108380431947481                      9.2471927495601651
                       1       950.10080011671778     0.022006387510037924      0.11793957869750472       67.981518494262318       3.0377272883291715      0.96865947498886917     0.051234838802587911      0.02749243495858008       1.0039689088799832       1.5044667182869969       1.5118929371678647   2.0857785594005658e-09      0.02749243495858008        492.5895808105264       5.7934714303969193       5.7934714303969193       1888.6146573726417                                                 1383.0836065179017                                              12.941470044213592        22.266080393458196               390.90870136885599                          70.854258520055694                       8.560540528156519
                       1       950.36618982817936     0.022024617980406367      0.11814255263046057       67.984122794847664       3.0362281301447824      0.96985509485041854     0.050491359062326123     0.024283554453110267       1.0036278694077889        1.495530743009426       1.4286028920695859   2.0826539900994364e-09     0.024283554453110267       493.40736085372828       5.7934714303969193       5.7934714303969193       1889.1454367955648                                                 1382.5406977744481                                              13.197378167388493         22.05628656136463               391.23176184110804                          71.568696514282237                      8.5506159369733759
                       5       949.89188856122189     0.022009447796896418      0.11784532580545412        68.01137630719181       3.0430782169964927      0.96749447265173927     0.051383808280839098      0.04486233248743704        1.006503376305439       1.4596962289604785       1.4887626856179372   2.0969693254816998e-09      0.04486233248743704       491.84728236008777       5.7934714303969193       5.7934714303969193       1888.1968342616499                                                 1383.9491804701161                                              12.400371431445715         22.50502254997167               390.82276723863561                          69.859078676506613                      8.6604138949739138
                       2       947.34780708822564     0.022154754729516182      0.11854427977451691       68.012231561689575       3.0516885719825915      0.96159930428547191     0.055484094767631359     0.024161726527229123       1.0055672852135082        1.521954538790375       1.4455448026506676   2.1151029321316464e-09     0.024161726527229123       489.80783628994328       5.7934714303969193       5.7934714303969193       1883.1086713156574                                                 1379.2070743015684                                              14.093760724145719        24.042552958306715               389.97893660647361                          67.400570576519371                      8.3857761486435791
                       1       946.55219574293528     0.022098176040558099      0.11862055058746873       68.111952471735691       3.0490074720134608      0.96134687314455414     0.054320327358226284    0.0077197893626224715       1.0053015437434398       1.5144346753192306       1.6323016008252478   2.1094397249303274e-09    0.0077197893626224715       489.89312005173446       5.7934714303969193       5.7934714303969193       1881.5174486250767                                                  1378.708369880379                                              12.915958692963212        24.067107189422302               389.98604400111077                          67.442692628872578                      8.3972762323287871
                       3       945.93602834853732     0.022158950229514727      0.11838819566632473       68.223435598277234       3.0473461567848052      0.96168610160706913     0.053942561728326725     0.015612337851223238        1.004707710848032       1.4944394869765478       1.6553355886573027   2.1059381899733874e-09     0.015612337851223238       489.94815152123675       5.7934714303969193       5.7934714303969193       1880.2851138362807                                                 1378.2599522390833                                              12.077010075960766        24.055771458656977               389.99933493875989                          67.594325708754155                      8.2987194150657047
                       6       945.47111301376719     0.022158950229514727      0.11838819566632473       68.223435598277234       3.0473461567848052      0.96168610160706913     0.053942561728326725     0.015612337851223238       1.0046783567483781       1.4444950316131073       1.8018647178247285   2.1059381899733874e-09     0.015612337851223238       489.98736404029268       5.7934714303969193       5.7934714303969193       1879.3552831667405                                                 1377.2909090504872                                              12.077010075960766        24.060579070911331               389.99933493875989                          67.627540397355745                      8.2999096332657221
                       2       946.28992986952096     0.022209675003708951      0.11873429029198937       68.184913568152595       3.0409875672879605      0.96278728466636454     0.051744934144471032     0.012068618814642518       1.0030297099919916       1.4530276764964698       1.7590535997269674   2.0925898767143716e-09     0.012068618814642518       490.31859028376698       5.7934714303969193       5.7934714303969193        1880.992916878248                                                 1377.7334726622296                                              12.940853932251372        23.794979488782758               390.48742203984824                          67.702256992329026                      8.3339317628069818
                       1       946.35958562071107     0.022210761179496861      0.11874863608885119       68.176012313070615       3.0412415769341159      0.96272500177535614     0.051812050212881176     0.012560428654405265       1.0030829121537339       1.4538468462201524       1.7513135551143917   2.0931214822421118e-09     0.012560428654405265       490.28271886051158       5.7934714303969193       5.7934714303969193       1881.1322283806282                                                  1377.813127161415                                              13.036382358701598        23.810532742784233               390.44597253159498                          67.689853296246824                      8.3363602898855529
                       4        946.1806169261032     0.022210761179496861      0.11874863608885119       68.176012313070615       3.0412415769341159      0.96272500177535614     0.051812050212881176     0.012560428654405265       1.0042799109029867       1.4538468462201524       1.7513135551143917   2.0931214822421118e-09     0.012560428654405265       489.92478147129623       5.7934714303969193       5.7934714303969193       1880.7742909914125                                                  1377.813127161415                                              13.036382358701598        23.622006622970844               390.49873322547649                          67.449710270765252                      8.3543313520836513
                       5       945.77039732684739     0.022210761179496861      0.11874863608885119       68.176012313070615       3.0412415769341159      0.96272500177535614     0.051812050212881176     0.012560428654405265       1.0043493724967598       1.3607039041511391       1.9202217655406786   2.0931214822421118e-09     0.012560428654405265       489.96302935751288       5.7934714303969193       5.7934714303969193       1879.9538517929009                                                 1376.9544400766865                                              13.036382358701598        23.611207289724746               390.49873322547649                          67.494309584245784                      8.3587792580658355
                       1       945.82419124895773     0.022210761179496861      0.11874863608885119       68.176012313070615       3.0412415769341159      0.96272500177535614     0.051812050212881176     0.012560428654405265       1.0045082513721719       1.3607039041511391       1.9202217655406786   2.0931214822421118e-09     0.012560428654405265       490.07061720173328       5.7934714303969193       5.7934714303969193       1880.0614396371216                                                 1376.9544400766865                                              13.036382358701598        23.586566982532247               390.49334116654893                          67.620357894287494                      8.3703511583645955
                       9       946.43446479047907     0.022256943888760244      0.11882945690080668       68.212878857005265       3.0404490080205275      0.96234636011766295     0.051681998970653231     0.013365372922494272       1.0038794904122401       1.3566297315873359       1.9437679857244854   2.0914631964626088e-09     0.013365372922494272       490.21171697346841       5.7934714303969193       5.7934714303969193       1881.2819867201642                                                 1378.0584907489865                                              13.011778997709305        23.736072735449227               390.53667215654735                          67.570102341353561                       8.368869740118253
                       1       946.38364118989409     0.022159867338792258      0.11905328263537993       68.173064617240371       3.0459547065661208      0.96241971980113628     0.053305866009657525   2.1733635389414169e-05       1.0052383002226744       1.3518598537918551       1.9381926102750933   2.1030099195621251e-09   2.1733635389414169e-05       490.19142134401386       5.7934714303969193       5.7934714303969193       1881.1803395189943                                                 1377.9494920174714                                              13.039426157508755        23.692411838319686               390.12708729834475                          67.982762196999786                      8.3891600103496771
                       8       946.23640951638868     0.022159867338792258      0.11905328263537993       68.173064617240371       3.0459547065661208      0.96241971980113628     0.053305866009657525   2.1733635389414169e-05       1.0049970636055598       1.3857655164390668       2.0581519207038141   2.1030099195621251e-09   2.1733635389414169e-05       489.98571438840759       5.7934714303969193       5.7934714303969193       1880.8858761719835                                                 1377.8607356260668                                              13.039426157508755        23.730365229936922               390.11132740691772                          67.744805844728617                      8.3992159068243453
                       7       946.79562543343377     0.022159867338792258      0.11905328263537993       68.173064617240371       3.0459547065661208      0.96241971980113628     0.053305866009657525   2.1733635389414169e-05       1.0049878143114448       1.4869863324156749       1.8189424621908741   2.1030099195621251e-09   2.1733635389414169e-05       489.98005545852396       5.7934714303969193       5.7934714303969193       1882.0043080060736                                                 1378.9848263900408                                              13.039426157508755         23.73182372041731               390.11132740691772                          67.737213596863413                      8.3996907343255405
                       6       947.06049271535528     0.022159867338792258      0.11905328263537993       68.173064617240371       3.0459547065661208      0.96241971980113628     0.053305866009657525   2.1733635389414169e-05        1.005506933277287       1.4869863324156749       1.8189424621908741   2.1030099195621251e-09   2.1733635389414169e-05       490.50979002236687       5.7934714303969193       5.7934714303969193       1882.5340425699167                                                 1378.9848263900408                                              13.039426157508755        23.650371003764519               390.13805772964969                          68.338129645614956                      8.3832316433376945
                      11       948.49983212920745     0.022159867338792258      0.11905328263537993       68.173064617240371       3.0459547065661208      0.96241971980113628     0.053305866009657525   2.1733635389414169e-05       1.0055193509138416       1.6204526265138421       1.4828485829409117   2.1030099195621251e-09   2.1733635389414169e-05       490.52643948940067       5.7934714303969193       5.7934714303969193        1885.412721397621                                                 1381.8468557507115                                              13.039426157508755        23.648433990857711               390.13805772964969                          68.356856105270083                       8.383091663623162
                      12       951.17797873778136     0.022159867338792258      0.11905328263537993       68.173064617240371       3.0459547065661208      0.96241971980113628     0.053305866009657525   2.1733635389414169e-05        1.007486792964531       1.6204526265138421       1.4828485829409117   2.1030099195621251e-09   2.1733635389414169e-05       495.88273270654838       5.7934714303969193       5.7934714303969193       1890.7690146147688                                                 1381.8468557507115                                              13.039426157508755        23.347566210163905               390.15240439358138                           73.87321948502894                      8.5095426177741533
                       4       950.12259396024876      0.02229564668092137      0.11715608091461224       68.583777817617488       3.0378775745083182      0.96061265811098218      0.05084134332663353     0.036931222965931862        1.007159325056816       1.6033974518978298       1.6925539669879792   2.0860920466466144e-09     0.036931222965931862        495.5619189680769       5.7934714303969193       5.7934714303969193       1888.6582450597036                                                 1382.7440511998479                                              10.352274891778842        23.755253716644972               390.82201719340992                          70.038181449405826                      10.946466608616172
                       1       950.35612961592233      0.02229564668092137      0.11715608091461224       68.583777817617488       3.0378775745083182      0.96061265811098218      0.05084134332663353     0.036931222965931862       1.0070318212569198       1.6411653262639119       1.7075297691468792   2.0860920466466144e-09     0.036931222965931862        495.2437522342596       5.7934714303969193       5.7934714303969193       1889.1253163710508                                                 1383.5292892450123                                              10.352274891778842         23.77540742257429               390.82201719340992                           69.78075103195664                      10.865576586318772
                       3        949.9105224750806      0.02229564668092137      0.11715608091461224       68.583777817617488       3.0378775745083182      0.96061265811098218      0.05084134332663353     0.036931222965931862       1.0039561600117075       1.6411653262639119       1.7075297691468792   2.0860920466466144e-09     0.036931222965931862       494.35253795257637       5.7934714303969193       5.7934714303969193       1888.2341020893673                                                 1383.5292892450123                                              10.352274891778842        24.276613949686237                390.7110091912873                           70.07974523329473                       9.285169578308091
                       1        950.1093942446148     0.022292778393555816      0.11719540786441286       68.787563032835337        3.037059668036977      0.96002176199306843     0.050124458548839797    0.0062870902630846187       1.0041829456110176       1.6539909324987114       1.6435182850564538   2.0843865160391886e-09    0.0062870902630846187       494.74296656910974       5.7934714303969193       5.7934714303969193       1888.6318456284357                                                  1383.521738428833                                              10.367140630492914        24.434231454954386               390.96258754467664                          70.451829694488836                      8.8943178749898983
                       3        951.4283807148704     0.022278455914327797      0.11719979270395266       68.705236811134313       3.0340457471667386      0.96156117608372704     0.050936261723521559    0.0094624174282727791       1.0018800058939721       1.6631409420141006       1.7930094168371027   2.0781137975038083e-09    0.0094624174282727791       493.56221146933973       5.7934714303969193       5.7934714303969193       1891.2698185689469                                                  1387.390865449689                                              10.316741649917953        24.065898343988863               390.74079778997543                          69.746458893091557                       9.009056442283903
                       2       948.73261225574777     0.022278455914327797      0.11719979270395266       68.705236811134313       3.0340457471667386      0.96156117608372704     0.050936261723521559    0.0094624174282727791       1.0021017175756803       1.3975417581241407       2.2547920267370642   2.0781137975038083e-09    0.0094624174282727791       493.17839836018362       5.7934714303969193       5.7934714303969193       1885.8782816507016                                                 1382.3831416406001                                              10.316741649917953        24.029567731643397               390.74918309255258                          69.312389525456652                      9.0872580105309879
                       3       948.64609489913607     0.022290003337372556      0.11698577503928322       68.688389912366233       3.0315991687723547      0.96400556075271016     0.050648358071628007     0.023537122417387209       1.0013054900828191       1.3764232176350091       2.2366549025355549   2.0730357436471847e-09     0.023537122417387209       492.94893889551645       5.7934714303969193       5.7934714303969193       1885.7052469374783                                                 1382.4440010135472                                              10.312307028414484        23.462292993917174               390.95499387077945                          68.929675367939964                      9.6019766628798262
                       1       949.26068786737369     0.022209897570158368      0.11753653493413092       68.458936763391549       3.0271707490279818      0.96435232896184953     0.048632006410662787     0.021595354544199096       1.0007957082145331       1.3909238131734529       2.3638340026003202   2.0638757683066642e-09     0.021595354544199096       492.60632310472874       5.7934714303969193       5.7934714303969193       1886.9344328739535                                                 1383.7078152806193                                              10.620294488605396        23.251582600826964               391.91934611065091                          67.954978416215084                      9.4804159770358396
                       2       948.54643375729495     0.022115820571814101      0.11735144014540254       68.599964775700371       3.0296677361974216      0.96329472596150867     0.047705953536150626     0.020158157937903612       1.0032560725742081        1.341015970761013       2.5600329455768294   2.0690356790539295e-09     0.020158157937903612       493.87257594150611       5.7934714303969193       5.7934714303969193        1885.505924653796                                                 1381.3493736183254                                              10.283975093964795        23.447150687155613               392.35053845915331                          68.341051120575315                      9.7338356746218171
                       7       948.47959042692219     0.022120318556194441      0.11741455417523194       68.585019432925719       3.0295277181231284      0.96300160399113233     0.047448547615337386     0.019174071692400797        1.003381246021692       1.3462063894081211       2.5367023590433408   2.0687459969433433e-09     0.019174071692400797       493.93303899602148       5.7934714303969193       5.7934714303969193       1885.3722379930505                                                 1381.1587684439428                                              10.280430553086155         23.50331753482368               392.51657085464512                          68.246483634572868                      9.6666669719797724
                       3       948.34659301386921     0.022120318556194441      0.11741455417523194       68.585019432925719       3.0295277181231284      0.96300160399113233     0.047448547615337386     0.019174071692400797       1.0034451169110474       1.2937103937500494       2.6111285790820542   2.0687459969433433e-09     0.019174071692400797       493.85223372114763       5.7934714303969193       5.7934714303969193       1885.1062431669445                                                 1380.9735788927105                                              10.280430553086155        23.493531380118384               392.51657085464512                          68.145571105009523                      9.6965603813745922
                       1       948.11838980976552     0.022120318556194441      0.11741455417523194       68.585019432925719       3.0295277181231284      0.96300160399113233     0.047448547615337386     0.019174071692400797       1.0046318214044454       1.2937103937500494       2.6111285790820542   2.0687459969433433e-09     0.019174071692400797       493.39582731294053       5.7934714303969193       5.7934714303969193       1884.6498367587371                                                 1380.9735788927105                                              10.280430553086155        23.314114057832398               392.50903289410979                          67.264147258021509                       10.30853310297679
                       1        947.9036119097749     0.022090387450997374      0.11708225025615776       68.476380222447133       3.0331049497114231      0.96338176018051058     0.048577340630685181     0.043887047436649729       1.0059015452116766       1.2775411417564881       2.5983316310323472   2.0761596327120281e-09     0.043887047436649729       493.72433174910043       5.7934714303969193       5.7934714303969193       1884.2202809587559                                                 1380.2052637221329                                              10.290685487522616        23.198664327522067               391.92569091127484                          67.525641077522948                       11.07433543278059
                       1       948.71802148532038     0.022090387450997374      0.11708225025615776       68.476380222447133       3.0331049497114231      0.96338176018051058     0.048577340630685181     0.043887047436649729       1.0059689624699253       1.0803314982553469       3.0228823564205176   2.0761596327120281e-09     0.043887047436649729       493.76717191664216       5.7934714303969193       5.7934714303969193       1885.8491001098469                                                 1381.7912427056822                                              10.290685487522616        23.188758989139444               391.92569091127484                          67.533973260574058                      11.118748755653852
                       2       947.90084124878592     0.022059180662539375      0.11733598027762569       68.417466161616488       3.0366320921472112      0.96139354226678619     0.049224497544206845     0.034706504651374377       1.0070571391302388       1.1007181337464695       3.0103607389094442   2.0834954731277849e-09     0.034706504651374377       492.75583638242983       5.7934714303969193       5.7934714303969193       1884.2147396367779                                                 1381.0884108580874                                              10.370492396260827        23.612858843699769               391.44661580894888                          67.520398048359937                      10.175963681421278
                       4       948.41849956429053     0.022075851313670545      0.11734275095881437       68.419642235166293       3.0349212438743169      0.96044001596672579     0.048155794465225339     0.034843332418645331       1.0071890933813845       1.1107781031421569       3.0145756979767819   2.0799339759553538e-09     0.034843332418645331       493.57586327047574       5.7934714303969193       5.7934714303969193       1885.2500562677872                                                 1381.2863116591577                                              10.387881338153717        23.809190524996836               391.93490582306816                          67.481072931180776                      10.350693991229937
                       3       949.25661876534889      0.02207902607678966       0.1176210713525036        68.05549412922862       3.0341122014608151      0.96266954677002703     0.050082467745368758     0.055743784165862703       1.0048333049532125       1.1414960223834858       2.9857283493305009   2.0782519016779889e-09     0.055743784165862703       492.67643161521357       5.7934714303969193       5.7934714303969193       1886.9262946699039                                                 1382.0653334918991                                              12.184529562791322        23.271293610374698               391.09585949806734                          67.840005769987499                      10.469272736784042
                       6       949.22210967966669      0.02207902607678966       0.1176210713525036        68.05549412922862       3.0341122014608151      0.96266954677002703     0.050082467745368758     0.055743784165862703       1.0048075261779312       1.1414960223834858       2.9857283493305009   2.0782519016779889e-09     0.055743784165862703       492.60741344384911       5.7934714303969193       5.7934714303969193       1886.8572764985395                                                 1382.0653334918991                                              12.184529562791322        23.275126160393825               391.06241485471008                          67.815515468648982                      10.454356960096231
                       3       950.90044935246067      0.02207902607678966       0.1176210713525036        68.05549412922862       3.0341122014608151      0.96266954677002703     0.050082467745368758     0.055743784165862703       1.0048854938847935      0.96363540729421326       3.3542024475062675   2.0782519016779889e-09     0.055743784165862703       492.73789356722847       5.7934714303969193       5.7934714303969193       1890.2139558441274                                                 1385.2915327141077                                              12.184529562791322        23.263539564763107               391.08245478034183                          67.892276138206867                      10.499623083916665
                       1       952.97315904668596     0.022118458707285373      0.11713189465698887       68.088271485572875       3.0363194031472651      0.95982999351798226      0.05143241731049876     0.069121956472954729       1.0050880591998261      0.98303165727439878       3.4692425571173784   2.0828440888575561e-09     0.069121956472954729       493.96928719170967       5.7934714303969193       5.7934714303969193        1894.359375232578                                                  1388.615945554259                                              11.774142486609113        23.950474743536972               390.54963435591043                          68.135441898767056                        11.3337361934952
                       2       953.41001179133877     0.022011304789800356      0.11688882706967951       67.933182944690145        3.043525038345297      0.95974740591222985     0.053973562624399889     0.082747280408259849       1.0070905171199014      0.97982973524165107       3.4849087304494164   2.0979065055045412e-09     0.082747280408259849       494.03205622418648       5.7934714303969193       5.7934714303969193       1895.2330807218837                                                 1389.0406010978702                                              12.160423399827053        23.894254279516929               389.99163533136408                          68.712820153438017                      11.433346459867446
                       1       955.47562296727676     0.022011304789800356      0.11688882706967951       67.933182944690145        3.043525038345297      0.95974740591222985     0.053973562624399889     0.082747280408259849       1.0035943283477908      0.97982973524165107       3.4849087304494164   2.0979065055045412e-09     0.082747280408259849       498.16327857606234       5.7934714303969193       5.7934714303969193       1899.3643030737596                                                 1389.0406010978702                                              12.160423399827053        24.474407816780854               389.95099317531532                          74.265456559847976                      9.4724210241181783
                       1       956.35468775670745     0.021960834734688957      0.11741583587767319       67.820974722843843       3.0396279671858228      0.95759618630909515     0.050768933044586601     0.060244318588417001       1.0046197567647495       1.0319024746064831       3.4137251672514251   2.0897467245172342e-09     0.060244318588417001       497.59061820935528       5.7934714303969193       5.7934714303969193        1901.122432652621                                                 1390.0437839684275                                              13.488030474838105        24.851743350347022               390.58218987253758                          73.306491554505101                      8.8501934319656019
                       4       956.82783756661195     0.022066714199530213      0.11790149338146604       68.160895367586036        3.054352946321631      0.94867191342303248     0.052191131185091319     0.022206026766377653       1.0096673970442263       1.0447169350930896       3.1673440012670158   2.1207458722226154e-09     0.022206026766377653       505.80046859688088       5.7934714303969193       5.7934714303969193         1902.06873227243                                                 1384.4683629296915                                              11.799900745857615        27.774489649649809                389.8418636809015                          79.853574080372127                      8.3305411859574505
                       1       953.02296727234443     0.022120750078963494      0.11790359970844856       68.252317815994175       3.0497843135637637      0.95296689322620665     0.051485573421607117     0.025040853238383273       1.0076619344346283       1.0044509222306635       3.0857151899782651   2.1110790620266558e-09     0.025040853238383273       501.36881037921768       5.7934714303969193       5.7934714303969193        1894.458991683895                                                 1381.6947371518625                                              11.395444152814774        26.504538520608094               390.14416135985027                          76.464698429379638                      8.2554120693796893
                       3       952.98115703455585     0.022113889619289531      0.11812872392942014       68.254542865875976       3.0506538344446139       0.9522250101425116     0.051822054708686803     0.015173234774309468       1.0075272207805206       1.0123567619380969       3.1158735034267857   2.1129154876417177e-09     0.015173234774309468       501.44375258501037       5.7934714303969193       5.7934714303969193       1894.3753712083178                                                 1381.4057868241739                                              11.525831799133577        26.760124865497971               390.03092122963699                          76.326228519317993                      8.3264779705573808
                       2       954.45830563532127     0.022132651493502135      0.11801203028928892       68.335902976320725       3.0516828076896574      0.95120981164997231     0.051995219458600472     0.017050690996682893       1.0078187149882543       1.0009385029900248       3.1813053717920847    2.115090740093899e-09     0.017050690996682893       503.91881398414364       5.7934714303969193       5.7934714303969193       1897.3296684098486                                                 1382.3508291101809                                              11.060025315524262        27.140544255454699               389.97557113140761                          78.493894162559002                      8.3088044347223509
                       3       952.85946085569526     0.022132651493502135      0.11801203028928892       68.335902976320725       3.0516828076896574      0.95120981164997231     0.051995219458600472     0.017050690996682893       1.0085681312521733       1.0009385029900248       3.1813053717920847    2.115090740093899e-09     0.017050690996682893       500.72112442489151       5.7934714303969193       5.7934714303969193       1894.1319788505966                                                 1382.3508291101809                                              11.060025315524262        26.983175160419535               389.97403058128526                          75.508365491106019                      8.2555531920806704
                       6       951.90999867530934     0.022132651493502135      0.11801203028928892       68.335902976320725       3.0516828076896574      0.95120981164997231     0.051995219458600472     0.017050690996682893       1.0086042395684922        1.096311615522479       2.9182544359079898    2.115090740093899e-09     0.017050690996682893         500.587346447345       5.7934714303969193       5.7934714303969193       1892.2330544898248                                                 1380.5856827269556                                              11.060025315524262        26.975635138281575               389.97403058128526                          75.383607270104619                      8.2540734576735204
                       1       953.08078384731948     0.022115065974676485      0.11774643659240919       68.485117068201149       3.0504259152610973      0.95104934086934767     0.050823223207397697     0.012338303376117705       1.0093586309194824       1.0788982965094212        2.966483020295386   2.1124339685447391e-09     0.012338303376117705       502.04881033008564       5.7934714303969193       5.7934714303969193       1894.5746248338451                                                 1382.1012937963537                                              10.424520707405598        26.992715004305524               390.22807509344335                          76.572966647105162                      8.2550535852315949
                       1       951.06119739848168     0.022115065974676485      0.11774643659240919       68.485117068201149       3.0504259152610973      0.95104934086934767     0.050823223207397697     0.012338303376117705       1.0107244887738787       1.0788982965094212        2.966483020295386   2.1124339685447391e-09     0.012338303376117705        498.0096374324101       5.7934714303969193       5.7934714303969193       1890.5354519361695                                                 1382.1012937963537                                              10.424520707405598        26.710425455380459               390.27646414157545                          72.661321310999668                      8.3614265244545471
                       3        951.6356136539855     0.022113645569682542      0.11797931691655435       68.540731370951534       3.0467399182560637      0.95279366812983723      0.05035913708690027    0.0087969097985262333       1.0087467985522631       1.0461986446136691       3.1682391432539965   2.1046618760179142e-09    0.0087969097985262333       496.17323021255112       5.7934714303969193       5.7934714303969193       1891.6842844471771                                                 1385.1605536750988                                              10.350500559527326        26.265110830357287               390.49754422043634                          71.012224265072831                      8.3983508966846809
                       2       951.31951526242051      0.02227454921376203      0.11755099841100052       68.584806184661872       3.0398152439248181      0.95679471244596259      0.04929079847515544     0.039931529091084647        1.006085553765399       1.0174229393097891        3.004401889383681   2.0901381221178172e-09     0.039931529091084647       496.68349326397373       5.7934714303969193       5.7934714303969193       1891.0520876640471                                                 1384.0266046799675                                              10.341989720105781        25.229937970249694               391.09806043740235                          71.104125066225052                      9.2513697900966338
                       2       949.50561964387884      0.02237406781700078      0.11806080951815791       68.432273230224624        3.053755481908242      0.95837660207228825     0.056414917840247061     0.042029715388226217       1.0054614240767688       1.0250989380431728        2.585715822708142   2.1194791804734222e-09     0.042029715388226217       493.22659868874126       5.7934714303969193       5.7934714303969193       1887.4242964269638                                                 1382.9568134666836                                              11.240884271539155        25.138203694508093                389.8794597687164                          69.919433244428191                      8.2895019810885593
                       1        949.3302198720686      0.02237406781700078      0.11806080951815791       68.432273230224624        3.053755481908242      0.95837660207228825     0.056414917840247061     0.042029715388226217       1.0057407778957845       1.0250989380431728        2.585715822708142   2.1194791804734222e-09     0.042029715388226217       492.87579914512037       5.7934714303969193       5.7934714303969193       1887.0734968833433                                                 1382.9568134666836                                              11.240884271539155        25.087457292721751               389.88817512763325                          69.588211902307393                      8.3119548224579951
