#                 weight             minuslogpost                 omegabh2                 omegach2                       H0                     logA                       ns                      tau               mnu_sample                 A_planck               TT_tSZ_Amp               TT_kSZ_Amp                       As                      mnu                chi2__CMB            minuslogprior         minuslogprior__0                     chi2 chi2__sbt_spt_audit.likelihoods.candl_cobaya.CandlCobayaLikelihood chi2__sbt_spt_audit.likelihoods.desi_dr2_bao.DESIDR2BAOGaussian chi2__planck_2018_lowl.TT chi2__planck_2018_lowl.EE_sroll2 chi2__planck_2018_highl_plik.TT_lite_native chi2__planckpr4lensing.PlanckPR4Lensing
                       4       1550.7771752182168     0.022705909314640633      0.11646270981087711        68.21744352367017        3.025948761686533      0.95875506017096013     0.038231976715413334      0.06648549159682049       1.0074702669731399       2.1243395560929863        9.989371351471112   2.0613552785603969e-09      0.06648549159682049       538.65593657376519       5.7934714303969193       5.7934714303969193       3089.9674075756398                                                 2537.0274618469516                                               14.28400915492268         24.86439666595686               401.24016520003232                          103.21750203878537                      9.3338726689906739
                       1       1537.7061928198289     0.022681351172570897      0.11676523035098697       68.530267889271286       3.0176779858855296      0.96675525354406577     0.035506639304281717     0.035605224185464732       1.0100204694271517       2.4466264621446787       9.5485122727008811   2.0443765814902126e-09     0.035605224185464732       514.45850715465895       5.7934714303969193       5.7934714303969193       3063.8254427788638                                                 2537.5659784442064                                              11.800957179998596        22.428905021120443               405.95496730697948                           74.98331095041452                      11.091323876144456
                       1       1541.8657121806123     0.022783576939107958      0.11673915652519959       68.789349837563464       3.0170526317863979       0.9665220560126021      0.03550848459402544     0.022690112639661728       1.0095068008132451       3.1968367626170378       9.4930427307610934   2.0430985218763688e-09     0.022690112639661728       516.27798956243919       5.7934714303969193       5.7934714303969193       3072.1444815004306                                                 2544.9084488625685                                              10.958043075423088        22.546439509483378                405.9357108196109                          76.734100732768724                      11.061738500576229
                       1       1541.5642642069529     0.022718909373896111      0.11620670306672745       68.850813411456329       3.0289927402694237      0.96506984356627301     0.039484223340696512     0.045700032977437216       1.0125274911379452       3.0069225241261717       8.7448636984399197   2.0676395596361553e-09     0.045700032977437216       510.76694735101387       5.7934714303969193       5.7934714303969193       3071.5415855531119                                                 2550.2653426399697                                              10.509295562128081         22.85568804983086               400.62255267478372                          75.675755271687137                      11.612951354712155
                       6       1532.6337494777597     0.022807228298179636      0.11557831810413281        68.40344145303834       3.0303812455570602       0.9708370586798909     0.044685869429175996      0.14657745403593769       1.0080241184085066       2.8779699893979873       9.6458492433277794   2.0705124821701307e-09      0.14657745403593769       507.99613078857408       5.7934714303969193       5.7934714303969193       3053.6805560947255                                                 2534.1337481222081                                              11.550677183942982        21.878446980324782                395.4668789924973                          73.174064595572247                      17.476740220179753
                       1       1533.4649973152598     0.022768749826711659      0.11718891263079338       67.950519600154252       3.0312988453454977      0.96541141586333978     0.043677761950105046      0.13833749682346927       1.0074612253438029       2.8745725510218523       9.9561878379571365   2.0724132559271566e-09      0.13833749682346927       505.81170802929313       5.7934714303969193       5.7934714303969193       3055.3430517697257                                                 2532.1001639746573                                              17.431179765775774        22.918371542502598               395.77337164837832                          73.943089428175554                       13.17687541023666
                       2       1531.7466392141255     0.022758547164541766      0.11812328957023854       68.205148804822755       3.0136668963928428       0.9680093605099056     0.038119790259802423     0.028006865263966924       1.0029735659493899       2.8886496350854021       9.7173241919323257   2.0361928279213325e-09     0.028006865263966924       509.15729081844665       5.7934714303969193       5.7934714303969193       3051.9063355674571                                                 2525.9535546573943                                              16.795490091616028        22.432573811531768               402.38466232427135                          75.127821630853745                      9.2122330517898074
                       5       1531.9345102434772     0.022676736598367508       0.1182136871234299       68.171417747488874       3.0183725122608167      0.96453883321715894     0.038846302814391623     0.014536941870092138       1.0042614304296602       2.8822796561991963       9.8053571921680795   2.0457969481310292e-09     0.014536941870092138       508.33287680906574       5.7934714303969193       5.7934714303969193       3052.2820776261606                                                 2527.0946405502418                                              16.854560266852872        23.147011919850229               401.05966807402848                          75.528843831026307                      8.5973529841606879
                       9       1530.3788119282219     0.022650112996947764       0.1184084437259029       68.022529724131076       3.0215497992193807      0.96424379999578091      0.04022959735591071     0.036260964375773447       1.0043403283703092       2.8805943270895109       9.9784131958687023    2.052307369355448e-09     0.036260964375773447       505.09549856592776       5.7934714303969193       5.7934714303969193       3049.1706809956499                                                 2525.5440297237265                                              18.531152705996004        23.234847430309628               399.27115433484875                          73.924404025764986                      8.6650927750043945
                       9       1530.9903102515868     0.022858827287054993      0.11713541844997372       68.354536401763113       3.0180220372915665      0.97010252270198616     0.041687772279221193     0.060500060623089359       1.0045491511657367       2.8902410126022438       9.6601828060282262   2.0450800731392491e-09     0.060500060623089359       511.12866121489429       5.7934714303969193       5.7934714303969193       3050.3936776423798                                                 2524.8973801867419                                              14.367636240743828        21.884790832103079               398.45430543360135                          78.753503175688905                         12.036061773501
                       5        1531.143384240522     0.022853440367968377      0.11729571998318722       68.299325233890485       3.0191184486483249      0.96954327977753052     0.041824525568308339     0.059087223112554876       1.0047177424683555       2.8899734142056128       9.6375843635114897   2.0473235518199278e-09     0.059087223112554876       510.57083637560515       5.7934714303969193       5.7934714303969193       3050.6998256202501                                                 2524.9995298105996                                              15.129459434045692        21.991752500380812               398.30582252213492                          78.787382553711879                      11.485878799377524
                       2       1531.0070247791264     0.022735367383165856       0.1172020813495334       68.213082330432997       3.0193008021765793      0.96801583114897538     0.040934038197123837     0.061736311770901268        1.002205057042225        2.884647755706963       9.8039463931061306   2.0476969225347794e-09     0.061736311770901268       509.54591042757573       5.7934714303969193       5.7934714303969193       3050.4271066974588                                                  2525.820693095663                                              15.060503174220406        22.661176276614924               398.88572420374442                          78.454865943755578                      9.5441440034608167
                       1       1529.5235677809487     0.022713591407706804      0.11732369146274522       68.293717269922112       3.0229453193118028      0.96629529943272752     0.041777635797010784     0.039352132206734503       1.0051805535320963       2.8822982774166825       9.7369923211748386   2.0551734048651512e-09     0.039352132206734503       506.03378772959127       5.7934714303969193       5.7934714303969193       3047.4601927011036                                                 2527.0133168884727                                              14.413088083039719        22.748144902091667               397.93778743587643                          75.850825298090598                      9.4970300935325724
                       8       1526.4708099371362     0.022815680381611567      0.11673172981398415       68.687456384014155       3.0227631936533532      0.97223402489200561     0.043773922984486145     0.028884403774538284       1.0029369540535273       2.8906266930301849       9.3930300298200091   2.0547991391382927e-09     0.028884403774538284       503.59552321906887       5.7934714303969193       5.7934714303969193       3041.3546770134785                                                 2526.2384223132017                                              11.520731481208019        21.861090480915266               396.42454733708911                           75.79082505946964                      9.5190603415948853
                       3       1527.4231131513511     0.022805695485919118       0.1166389169750376        68.69714825574286       3.0211735723863371      0.97625298715685682     0.044790762017654404     0.020927574072503244       1.0019428471677503       3.1596037147535494       9.3591143428748609   2.0515353814838254e-09     0.020927574072503244       502.46651762779345       5.7934714303969193       5.7934714303969193       3043.2592834419083                                                 2529.2683873675519                                              11.524378446563176        21.203045773271072               395.96589235164237                          75.646632705564315                      9.6509467973156813
                       3       1524.3635357237761     0.022864266049722949      0.11702817256453416       68.537482119595026       3.0251022753221504      0.97680782206104511     0.046813832452861665       0.0338716658924504        1.000980779243235       2.9372163594988723       9.5387482370130048   2.0596111077375037e-09       0.0338716658924504       500.57404757814692       5.7934714303969193       5.7934714303969193       3037.1401285867582                                                  2523.622779791247                                              12.943301217364324        21.221458798342667                394.1958120673865                           76.12485337603276                      9.0319233363849758
                       1       1524.2670008674722     0.022842887065754762      0.11705084963234838       68.549448287763298       3.0248676616572761      0.97642988652988516     0.046407908568682543     0.030423704304398797       1.0013166391233634        2.936151292557216       9.5635512419664206   2.0591279515070448e-09     0.030423704304398797       500.48574852502509       5.7934714303969193       5.7934714303969193       3036.9470588741506                                                 2523.7037968149502                                              12.757513534175478        21.257391663776332               394.49027819596319                          75.725623001833583                      9.0124556634519948
                      18       1519.1796449890101     0.022784219434326493      0.11659371166627115       68.964882424551377        3.022440407284154      0.98073031327728066     0.048957345173363129    0.0064868054019254461      0.99767769027139597       2.9373721228732119       9.8918790325263881   2.0541359850190495e-09    0.0064868054019254461       497.31744937406688       5.7934714303969193       5.7934714303969193       3026.7723471172262                                                 2518.8025559182979                                               10.65234182486134        20.809674542917378               392.95775407557642                           74.32934064446502                      9.2206801111080967
                      14       1516.8814295159405     0.022791189578001168      0.11657731315470296       68.962433163262375       3.0225100367973163      0.98061961148817778     0.048992074022571976    0.0080242343216616087      0.99741115527448121       2.5401277808468148       9.9941439007615553   2.0542790184872734e-09    0.0080242343216616087        497.4278337707027       5.7934714303969193       5.7934714303969193        3022.175916171087                                                 2514.0898975481196                                              10.658184852264483        20.846345481268656               392.95547031187232                          74.494880828190205                      9.1311371493714883
                       4       1517.6694847595677     0.022788983674588332      0.11656520516702346       68.968120932696664       3.0225525548472678      0.98072993535685704     0.049043329958213276    0.0077978181216494238      0.99915352549607295       2.5401638935894737       9.9930673917923425   2.0543663642820685e-09    0.0077978181216494238       499.05587004671082       5.7934714303969193       5.7934714303969193       3023.7520266583415                                                 2514.0443480499725                                              10.651808561657873        20.694174440204222               393.00860393331732                          75.424385208518302                      9.9287064646709915
                       1       1517.5021437764253     0.022821425943366707      0.11650186495748328        68.99414105368119       3.0268659400350728      0.98181347544850051     0.050836233892299687     0.011764872875777963      0.99948996729074402       2.5420251255999395       9.8012918350525471   2.0632467762783205e-09     0.011764872875777963       498.16320387122084       5.7934714303969193       5.7934714303969193       3023.4173446920568                                                 2514.6022486840257                                              10.651892136810318        20.618628064543373               392.02656483082836                           75.94356971366858                      9.5744412621805157
                       7       1518.1839292403558     0.022811124465895997      0.11639220071224511        68.92927345357117       3.0283001426030687      0.98063527842294484     0.050938644489100939     0.022402369399128468       1.0008315500955451       2.5397942475825879       9.8420513574176578   2.0662080131024071e-09     0.022402369399128468       499.11895683035448       5.7934714303969193       5.7934714303969193       3024.7809156199178                                                  2514.999724845602                                              10.662233943960723        20.689486074001081               391.95764807966668                          76.440536570243751                       10.03128610644297
                       1       1517.2634728080745     0.022797052168043182      0.11638264701544247       68.888369630172562       3.0283593370246411      0.98063628226053423     0.051110538718263092     0.025104212800823273      0.99859779734589449       2.5593290093130827       9.6109617584128628   2.0663303247106377e-09     0.025104212800823273        496.2633436239592       5.7934714303969193       5.7934714303969193       3022.9400027553552                                                 2515.9858454553687                                               10.69081367602713         20.85702937008449               391.80615453216114                           74.50675547080111                      9.0934042509124247
                       8       1517.1845377879665     0.022773417316394005      0.11629948904570879       68.867756850578104       3.0284711671179294      0.97968547796704708     0.050570998194605941     0.026066447357302031      0.99889168739646106        1.951266904209747       9.6358111679474732   2.0665614155448284e-09     0.026066447357302031       496.79983332743586       5.7934714303969193       5.7934714303969193       3022.7821327151391                                                 2515.2916087474991                                              10.690690640204529        20.989092026342973                392.0037726196781                          74.805870754283148                      9.0010979271316192
                       6       1517.1126082002475      0.02277957168914856      0.11627763131194038       68.849869698463422       3.0286545350472958       0.9800542962522325     0.050640982129352599     0.031503338705349694      0.99891560647830446       2.1761603287642708       9.5931753737153329   2.0669403913774503e-09     0.031503338705349694       496.78213851187257       5.7934714303969193       5.7934714303969193        3022.638273539701                                                 2515.1583775778736                                              10.697757449955263        20.947107301517349               391.97879326139378                           74.76394616651821                      9.0922917824432421
                       5       1516.0785757576373     0.022724417176603673      0.11672273546246076       68.662873455139859       3.0311020367357635      0.98019589942121932      0.05133419593383548     0.034982590527161406      0.99908924292725054       2.2900528267521616       9.7311931655867152   2.0720054272888732e-09     0.034982590527161406       495.43699309755277       5.7934714303969193       5.7934714303969193       3020.5702086544807                                                 2513.9527732251249                                              11.180442331802698          20.9231574880381               391.64846826546216                          74.151089270756898                      8.7142780732956435
                       3       1519.3427110699708     0.022703816944643202       0.1162622044113181       68.604668872053978       3.0312149880411057       0.9808767294000188     0.051175790269429734     0.056955363137405027      0.99990010696760057       2.1139771049480678       8.9998365773384794   2.0722394762243788e-09     0.056955363137405027       496.18767402549798       5.7934714303969193       5.7934714303969193       3027.0984792791478                                                 2519.8109516970449                                              11.099853556604893        20.816571933315856               391.73233103960797                          74.216231944534101                      9.4225391080400502
                       2       1518.6612620338035     0.022728489386007193      0.11625038017579067       68.503790216036222       3.0294642373149845      0.98185396203809827      0.05079065641558949     0.082291711282786159       1.0003583108433298       2.0992257034143633       9.2999661322574028   2.0686146754438546e-09     0.082291711282786159       496.92254571186919       5.7934714303969193       5.7934714303969193       3025.7355812068131                                                 2517.3514616990014                                              11.461573795942408         20.62686455322131               391.96095977914979                          73.296913280499197                      11.037808098998889
                       2       1519.9979444123715     0.022754055818580241      0.11626734298124664       68.509936928813687        3.030446764955915      0.98151393987709501     0.050846359187705442      0.08433525545106009       1.0012150548183716        2.709287227562696       9.3659854719447679   2.0706481453475205e-09      0.08433525545106009       497.37262704612237       5.7934714303969193       5.7934714303969193        3028.408945963949                                                 2519.5173069243801                                              11.519011993446419        20.631081882796536               391.97562254460297                          73.442131225405575                      11.323791393317288
                       4       1516.9112724212137     0.022715976269970573       0.1168736662885866       68.596324067070881        3.042144173847201      0.97776689398626881     0.056552844763095703     0.065781022540204362       1.0009836005546626       2.7022976454577998       9.7866043542017209    2.095011580100623e-09     0.065781022540204362        492.3637569712194       5.7934714303969193       5.7934714303969193       3022.2356019816334                                                  2518.711372435298                                               11.16047257511581        21.169514421000258               390.23095259806297                          71.570536995105613                      9.3927529570505719
                       4       1517.1851047199698     0.022711931033031478      0.11688686309814728       68.578258327193979       3.0419850835962849      0.97758373336371185     0.056400722443341461     0.067212200245334655       1.0013040158407644       2.7019948245362988       9.8026293402219729   2.0946783106933326e-09     0.067212200245334655       492.81672524122206       5.7934714303969193       5.7934714303969193       3022.7832665791457                                                 2518.7346380062386                                              11.231903331684748        21.163672459039844                390.2689870704715                          71.836926153174488                      9.5471395585362337
                       4       1518.0983244267786     0.022701272457934397      0.11682055404110704       68.601153874070079        3.045215055272775      0.97654241653979523     0.057434913746886009     0.070299374109623697        1.002743923574867       2.6994699683902668       9.8531926361086697   2.1014550006749744e-09     0.070299374109623697       493.81608493871329       5.7934714303969193       5.7934714303969193       3024.6097059927633                                                 2519.7716063811836                                              11.022014672866808        21.249293316910439               390.18512450644448                          72.522773018705394                      9.8588940966529695
                       1       1516.7189058659903     0.022626277796153067      0.11702505078362678       68.675419980337765         3.03998511663786       0.9816596974022993     0.056015116758213759     0.040984353372388878      0.99956151935727366       2.7062617668098419       9.6070654955310619   2.0904932097102456e-09     0.040984353372388878       493.08199834663213       5.7934714303969193       5.7934714303969193       3021.8508688711868                                                 2518.0245206623467                                              10.744349862207645        20.751953621973257               390.40802828684923                           73.24627302429306                      8.6757434135165994
                       1       1516.8981654176691     0.022642117333828447       0.1169400606631808       68.744595508206785       3.0403133000094016      0.98214438632891776     0.056210250409204056     0.041407861234311963      0.99956638286991317       2.7066615209929301        9.580055005377341   2.0911793874098901e-09     0.041407861234311963       493.05213080057803       5.7934714303969193       5.7934714303969193       3022.2093879745444                                                  2518.603937715839                                              10.553319458126925        20.711393678395552               390.36422902091795                          73.242806585111168                      8.7337015161533689
                       9       1515.4504492520871     0.022540150200222906      0.11675618211113424       68.905228810677684       3.0441856173495592      0.98102813898046104     0.059540877011181943     0.016535088832852877      0.99825958519550884       2.6175030488734374        9.972519307651476   2.0992927963218754e-09     0.016535088832852877       492.38343358231378       5.7934714303969193       5.7934714303969193       3019.3139556433803                                                  2516.483709652402                                              10.446812408664119        20.897890549007855               390.41101681772039                          72.684301737571957                       8.390224478013586
                       5       1517.2731148488344     0.022703865477124104      0.11656285658750694       69.227530183010472       3.0471644156831288      0.98082511096254199     0.061089654375962192     0.013993952404885613       0.9995710106212925       2.6190684359207439       9.8599202515209203   2.1055554892239601e-09     0.013993952404885613       492.52560595092774       5.7934714303969193       5.7934714303969193        3022.959286836875                                                 2519.2699272147511                                              11.163753671196559        20.891124812089743               390.56859335976208                          72.353266412521108                      8.7126213665548082
                       2       1517.2324956249499     0.022694206292739594      0.11660633788500151       69.230905695240537       3.0476000587742931      0.98068862386031308       0.0612145168262326     0.011606362960654959      0.99964494399342285       2.5783427647335704       9.8688082179713348   2.1064729597562431e-09     0.011606362960654959       492.48217606231611       5.7934714303969193       5.7934714303969193        3022.878048389106                                                 2519.2157954359368                                              11.180076890853963        20.908265039460503               390.59448684374922                          72.315558702383598                      8.6638654767227745
                       9         1518.59423646912     0.022736077926920992      0.11675794439173388       69.270729595038674        3.046181314244897      0.98213864209711532      0.06141848729063145    0.0055310980365621048      0.99831850641808806       2.7758968189685698       9.9035696892871332   2.1034865317583926e-09    0.0055310980365621048       493.27576450060246       5.7934714303969193       5.7934714303969193       3025.6015300774461                                                 2521.1608702793778                                              11.164895297465963        20.775316932207829               390.61793432789852                          73.289681221892963                      8.5928320186031506
                       3       1519.1680434317884     0.022778396492207465      0.11640556391042345       69.173761814825767       3.0412947636247853      0.98498939400357621     0.059872017062227695     0.038583532218009649      0.99401153187677982       2.5692525787536291       9.6525618458813227   2.0932328114075104e-09     0.038583532218009649       496.58898744421947       5.7934714303969193       5.7934714303969193       3026.7491440027829                                                 2519.2791555254989                                              10.881001033064626        20.727694205443299               390.41273194326618                          77.035765829816711                      8.4127954656933248
                       3       1517.7354017885932     0.022813988273676623      0.11668905355296444       69.216672065545353       3.0397657850103497       0.9832912114636061     0.058016361156006196     0.029718030961083015      0.99673119871028437       2.5684489959301229       9.6172428636636553   2.0900347487115975e-09     0.029718030961083015       492.47555081772333       5.7934714303969193       5.7934714303969193       3023.8838607163925                                                 2520.5665047241614                                              10.841805174507355        20.749314405806444               390.26641919828211                          72.719698595945403                      8.7401186176893351
                       6       1517.9525573453282     0.022618009973702013      0.11601852384354842       69.029917679841915       3.0457936156085195      0.97883798642859754     0.057159550739475345     0.054682666773876232       1.0036719284117355       1.5832688819734717       9.9818539431372262   2.1026711709657381e-09     0.054682666773876232       491.81056189077219       5.7934714303969193       5.7934714303969193       3024.3181718298624                                                 2521.6367716095242                                              10.870838329565503        20.999950349338008               390.24882159596234                          70.395553247595998                      10.166236697875849
                       5       1519.1453160578722     0.022541939184832053      0.11620895968250335       68.868927939747522        3.036787502217607       0.9782847368993306     0.052569859702547905      0.03791331877502882        1.004535428658381       2.7366016939151518       9.7085935451956544   2.0838192944678298e-09      0.03791331877502882       495.44213664622453       5.7934714303969193       5.7934714303969193       3026.7036892549504                                                 2520.7726895906048                                              10.488863018121444        20.883215995396142               391.12029980423546                          72.894547105185808                      10.544073741407143
                      17       1517.8326115469349     0.022561395922335695      0.11621660839880457       68.661023538382665       3.0468910318182791      0.97542146062400747      0.05684053175818865     0.065398979946705987       1.0038352941993756       2.3454910337347248       9.3201777096137697   2.1049799430027703e-09     0.065398979946705987       490.97680284666762       5.7934714303969193       5.7934714303969193       3024.0782802330759                                                 2522.6491696399271                                              10.452307746481436        21.470989821634305               390.21995879533472                          69.754965909217347                      9.5308883204812531
                       1       1519.6227760479092     0.022567698564534364      0.11510232738067522       68.599721461162986       3.0425925389137887      0.98007628769511668     0.056998091305514795      0.12973892259270772        1.002159023292672       2.6002599533179751       9.8434669743827516   2.0959511207200934e-09      0.12973892259270772       495.57937713838839       5.7934714303969193       5.7934714303969193       3027.6586092350244                                                  2521.746491020755                                              10.332741075880604        20.841646318804067               390.25370000305043                          70.380959503369283                      14.103071313164618
                       4        1518.929264678954     0.022568547606843369        0.115206610078574       68.617477506924757       3.0394292165302499      0.98009177073065934     0.055559205162055009      0.12101668206690648       1.0018594926557767       1.7800945731624802       9.9591041846852786   2.0893314272574234e-09      0.12101668206690648       495.68709383805952       5.7934714303969193       5.7934714303969193       3026.2715864971142                                                 2520.2428794711409                                              10.341613187914046        20.828321291695261               390.40346202923104                          70.581090018877603                      13.874220498255628
                       3       1518.8696272562893     0.022563512141492326      0.11743260814906335       68.691427883689613       3.0502743188676185      0.97480686852727638     0.056146946774580181     0.026776237943588854       1.0033675327403135        1.779246570450395       9.5058524349585181   2.1121137554458346e-09     0.026776237943588854       490.55347398567892       5.7934714303969193       5.7934714303969193       3026.1523116517847                                                 2524.9399551303668                                               10.65888253573881        21.781596328644525               390.16516340176292                          70.315701817493334                      8.2910124377781305
                       1       1519.0713617969693     0.022564743070004386      0.11732528663554562        68.78426234580256       3.0574298252170045      0.97183022377126205     0.059542704928887046     0.025183292751378622       1.0037757186925143       1.7735661014122877       9.7451992436884165   2.1272811994886494e-09     0.025183292751378622       490.58409793593859       5.7934714303969193       5.7934714303969193       3026.5557807331447                                                 2525.5496626072349                                              10.422020189970979        22.396070977511386               390.32100055265795                          69.552880720194977                       8.314145685574287
                       2       1519.1294512984523     0.022781052375690627      0.11725669557378295       69.008371138171512       3.0475475960779788      0.97003760296874542     0.055413637502433506    0.0085324460614894793       1.0047812702281316       1.7775715178682705       9.6194391453956705   2.1063624514038695e-09    0.0085324460614894793        493.6562687365826       5.7934714303969193       5.7934714303969193       3026.6719597361107                                                 2522.5337401146512                                              10.481950884877262        22.433860681873853               390.14552341771201                          72.679969753463922                      8.3969148835328209
                       2        1519.173381408071     0.022862987800119815      0.11781894787146774        68.92770917982935       3.0476940686557854      0.97148223076380813     0.056218914676968879    0.0077426977897655487       1.0012571470614176       2.1784673202959093       9.4535715310980208   2.1066709983382025e-09    0.0077426977897655487       494.15424345159613       5.7934714303969193       5.7934714303969193       3026.7598199553481                                                 2521.7897064777176                                              10.815870026034284        22.509401023327484               390.10206500107375                           73.24564371745538                      8.2971337097395388
                       8       1518.4564996915124     0.022866913217343406      0.11780099416983149       68.934401351794534       3.0477381430700743      0.97161258997108801     0.056274664565374596     0.008181199800270593       1.0006158667316098       1.9526449761442741       9.8278829934775001   2.1067638506747447e-09     0.008181199800270593       495.01121121945835       5.7934714303969193       5.7934714303969193       3025.3260565222308                                                 2519.5173046102677                                              10.797540692504851        22.570488212399709               390.07549372216363                           73.99781933213319                      8.3674099527618448
                      15       1516.3195426867801     0.022846400497763555      0.11726840467158223       68.945278615284309       3.0446296857569517      0.97545919186317853     0.057383584336012254     0.023341653986403789      0.99836202936091045       1.9560229487189051         9.92731795876891   2.1002252329480898e-09     0.023341653986403789       493.72694295386458       5.7934714303969193       5.7934714303969193       3021.0521425127663                                                 2516.7332564029834                                              10.591943155918155        21.903014980733644               390.15587906231792                          73.422654587494577                      8.2453943233183864
                       5       1519.8512394339364     0.022803496815547105      0.11725316745159178       69.222113424807389       3.0496608423033744      0.97620920704598024     0.059321277550115549   0.00091981200888872558      0.99876804390070018       1.9911960265423738       9.4031736567925233   2.1108184205252845e-09   0.00091981200888872558        492.9474796114219       5.7934714303969193       5.7934714303969193       3028.1155360070788                                                    2524.5049500051                                              10.663106390557118        21.880925160665242               390.24698607043626                          72.511458379411238                       8.308110000909176
                       2       1519.4721282368412     0.022886392315868601      0.11741712250585473       69.223445552140305       3.0485695198874128      0.97954738814333264     0.058838204331687689    0.0012604685089205032      0.99803546993853987       1.7483590751726772       9.5439671298909126   2.1085160935859423e-09    0.0012604685089205032       494.31421050823991       5.7934714303969193       5.7934714303969193       3027.3573136128884                                                 2522.4971852983058                                              10.545917806342425         21.42200718546718               390.24584280401336                          74.206102956270385                      8.4402575624889664
                       7       1517.9709723508706     0.022904192202265951      0.11729527097301211       69.177822168056238       3.0498230832924977      0.97992165372229456     0.059642920980109856     0.011297808860182354      0.99837360623037907       1.8563559620198165       9.6085264889713748   2.1111609095758202e-09     0.011297808860182354       493.81324128444726       5.7934714303969193       5.7934714303969193       3024.3550018409474                                                 2520.0369016577897                                              10.504858898710809        21.341215465265918               390.30137405870215                          73.795905096166479                       8.374746664312724
                       3       1518.3882920155529     0.022886259949502961      0.11727332120522496       69.166306049640013        3.050188341607917      0.97943150271838786     0.059789837865005087     0.010437694206527242      0.99779834290962022        1.921425330640443       9.6448682719225101    2.111932169499206e-09     0.010437694206527242       495.27737715163903       5.7934714303969193       5.7934714303969193       3025.1896411703119                                                 2519.4071590966946                                              10.505104921978226        21.475388334253466               390.33671583534027                          74.981510608970822                      8.4837623730744571
                       1       1517.8455439863153     0.022933110543583532      0.11675988090772706       68.952750437501024       3.0537123249036564      0.98103481037378737     0.061057470075957167     0.050043494896598262       1.0015511612887891       1.9825235018301062       9.3829004529372675   2.1193877120744772e-09     0.050043494896598262       493.69275251382805       5.7934714303969193       5.7934714303969193       3024.1041451118367                                                 2519.8339818792024                                              10.577410718805952        20.977593296746022               390.51073034976775                          73.815745236006364                      8.3886836313079218
                       8       1516.1926465447698     0.022860380748767659      0.11668928449121437       68.802759539889919       3.0487875560893567      0.98019009823252179     0.058126117188607225      0.06757050227017769       1.0020318823349736       1.8471844513686055       9.9598946943203952   2.1089758765495697e-09      0.06757050227017769        492.4947571758604       5.7934714303969193       5.7934714303969193       3020.7983502287457                                                 2517.6129585967165                                              10.690634456168853        21.001943148728344               390.27222077047611                          72.351548306220081                       8.869044950435848
                       5       1519.9098462837806     0.022796790766974235      0.11592466190625916       68.737145849003284       3.0546909116319343      0.98481671158214479     0.061922475552834463     0.097162265470912737       1.0021091639892945       2.1970721595966776       9.0210047491898102   2.1214627318894222e-09     0.097162265470912737        493.6697010690732       5.7934714303969193       5.7934714303969193       3028.2327497067672                                                 2524.0495310409824                                              10.513517596711461        20.501573475821147               390.72395338224919                          72.927561736135402                      9.5166124748674559
                       3       1521.1448786527005     0.022827535665023099      0.11602544695265793        68.82943652314178       3.0566586046248658      0.98637565981622677     0.063723057870438915     0.084442945119224566        1.002936563493604       2.4348777908853707       9.5773816013694031   2.1256412288931666e-09     0.084442945119224566       498.78509221097704       5.7934714303969193       5.7934714303969193       3030.7028144446072                                                 2521.4528542497615                                              10.464867983868217        20.288761805252079                391.1476259117116                          77.659235265115413                      9.6894692288979378
                      10       1520.0366434178084     0.022790823401242753      0.11584729744106766       68.645644129446325       3.0603498289332189      0.98502838468087173     0.066128996018846323      0.10952407483048685       1.0027949806666163       1.9920729344996837       9.8244535399278465    2.133501946378549e-09      0.10952407483048685       498.80723178296159       5.7934714303969193       5.7934714303969193       3028.4863439748228                                                 2519.0122774621609                                              10.666834729699769        20.393601775500656               391.86945697105648                          76.192866103663889                      10.351306932740567
                       5       1520.3011569694593     0.022800159787184731      0.11581671409849106       68.620260876508368       3.0597574236818268      0.98559889140719836     0.065898805555046305      0.11286105304413599       1.0027009588048503       1.9932666503204484       9.7651808303048568   2.1322384229175778e-09      0.11286105304413599       499.12240860540186       5.7934714303969193       5.7934714303969193       3029.0153710781246                                                 2519.1378322051569                                              10.755130267565416          20.3422616889344               391.77994440004591                          76.521118216718506                       10.47908429970308
                       1       1516.6690218923648     0.022634021584134037      0.11683247444940786       68.582233843917436       3.0459199859990753      0.98585679811061022     0.059522145499776302     0.051469664714797955       1.0003264927339957       1.9943881156584657       9.9079009844302668   2.1029369031328089e-09     0.051469664714797955       497.85198123564857       5.7934714303969193       5.7934714303969193       3021.7511009239356                                                 2512.8354525297427                                              11.063667158544826        20.311092429843029               390.44181064900954                          78.344391411678032                      8.7546867451179811
                      14       1519.0818246876304     0.022693778382950135      0.11689742362942773        68.55588017110783       3.0438965305382144       0.9878843697849008     0.060554174305291981     0.058951416729402045      0.99918638505259716       1.9988464494655669       9.9666330219373851   2.0986860061730482e-09     0.058951416729402045       503.87976508975413       5.7934714303969193       5.7934714303969193       3026.5767065144669                                                 2511.3129357244652                                              11.384005700247389         20.13083198712053               390.58250861188026                           83.87407503813948                      9.2923494526138626
                       2       1515.8646589949362     0.022699112401490206      0.11696982850797961        68.58618160800556       3.0440677266494851      0.98773183710505807     0.060542557347190711     0.052113412875341138      0.99636655039232036       1.9990389988960349       9.9369486667763063   2.0990453238120969e-09     0.052113412875341138       497.46820942869221       5.7934714303969193       5.7934714303969193       3020.1423751290786                                                 2511.3538600089091                                              11.320305691477522        20.295543767998538               390.56394886023412                          78.165542747470369                      8.4431740529891357
                       4       1515.9697381159876      0.02266210054778969      0.11707918808776159       68.555825357306475       3.0461051684157607      0.98699188482965461     0.060897811779920784     0.050294569543854133      0.99703670138946121       1.9971700458875166       9.9650748304844043   2.1033263661304046e-09     0.050294569543854133       497.19736862921872       5.7934714303969193       5.7934714303969193       3020.3525333711814                                                 2511.7725260256084                                              11.382638716354514        20.348274180148621               390.60686433350918                          77.835566483941506                      8.4066636316194447
                       4        1515.782488095168     0.022681858294472369      0.11724698304851502       68.331594956559726        3.042324547032174      0.98472386812800106     0.058245063662804665     0.060358296408211963      0.99763747191953078       1.9965481069843445       9.9592574143773831   2.0953894980939926e-09     0.060358296408211963       495.75318538639692       5.7934714303969193       5.7934714303969193       3019.9780333295421                                                 2510.9685527209872                                              13.256295222158194        20.505465800829882               390.35131184766425                          76.464226346433151                      8.4321813914695838
                       3       1518.5544855394944     0.022600086471413278      0.11787406674523915       68.265820797079002       3.0430920157040702      0.98540182820874944     0.058262407002682953     0.024300766698336605      0.99828695651646016       2.1276443093874042       9.7421461466475101   2.0969982611478576e-09     0.024300766698336605       499.91637199448547       5.7934714303969193       5.7934714303969193       3025.5220282181949                                                 2511.2485059937612                                              14.357150229947651         20.38744467331918               390.40943921216626                          80.612131546876114                       8.507356562123924
                      10       1518.2458832170769     0.022589579844029033      0.11787702882539744       68.288940334781344       3.0435246671196614      0.98546611867576583     0.058543403594184654     0.018479996091621813      0.99715432752001743       2.1275836046505066       9.7315325402028474   2.0979057267080098e-09     0.018479996091621813       499.49217134714661       5.7934714303969193       5.7934714303969193       3024.9048235733599                                                 2511.2962438246418                                              14.116408401571379        20.452054582984488               390.39736373750554                          79.900791905059336                      8.7419611215972193
                       3       1520.0464299360053     0.022619007159815581      0.11756843459036243       68.443020222385641       3.0396764253795414         0.98738136403818     0.055371695688922015     0.021730173144818791       0.9996649420781617       2.1298154862070469       9.4351777399028709   2.0898479923224412e-09     0.021730173144818791       501.06840440907598       5.7934714303969193       5.7934714303969193       3028.5059170112168                                                 2514.8873891906537                                              12.550123411487274        20.220097329659552               390.69317232572092                           81.72436993655981                      8.4307648171357137
