#                 weight             minuslogpost                 omegabh2                 omegach2                       H0                     logA                       ns                      tau               mnu_sample                 A_planck               TT_tSZ_Amp               TT_kSZ_Amp                       As                      mnu                chi2__CMB            minuslogprior         minuslogprior__0                     chi2 chi2__sbt_spt_audit.likelihoods.candl_cobaya.CandlCobayaLikelihood chi2__sbt_spt_audit.likelihoods.desi_dr2_bao.DESIDR2BAOGaussian chi2__planck_2018_lowl.TT chi2__planck_2018_lowl.EE_sroll2 chi2__planck_2018_highl_plik.TT_lite_native chi2__planckpr4lensing.PlanckPR4Lensing
                       5       946.44170581500373     0.022123142725905629      0.11766374630884859       68.566316330490025        3.041913649594572      0.96511461233055607      0.05388853291258152    0.0041897882716129924       1.0055522656483673       1.2908178401500563       2.6009476905294564   2.0945286847835509e-09    0.0041897882716129924       491.85042797541689       5.7934714303969193       5.7934714303969193       1881.2964687692136                                                 1379.1310101467536                                               10.31503064704288        22.872741702452117               390.22128988276683                          69.574872714864242                       9.181523675333743
                       4       946.30617767839976     0.022118871623930652      0.11771316068203326       68.473222743756637       3.0469391551723262       0.9650906968836912     0.055858807240806344     0.014243835313966578       1.0060718338809214       1.2918708383549193       2.5481813132706024   2.1050812441352852e-09     0.014243835313966578       491.52279606808361       5.7934714303969193       5.7934714303969193       1881.0254124960056                                                 1379.0556568185727                                              10.446959609349127        22.932385283982285               390.05414947819366                          69.678589618776584                      8.8576716871310843
                       4       946.08711632868244     0.022118871623930652      0.11771316068203326       68.473222743756637       3.0469391551723262       0.9650906968836912     0.055858807240806344     0.014243835313966578       1.0060718338809214       1.1341860861187358       2.6029887292368188   2.1050812441352852e-09     0.014243835313966578       491.52279606808361       5.7934714303969193       5.7934714303969193        1880.587289796571                                                 1378.6175341191381                                              10.446959609349127        22.932385283982285               390.05414947819366                          69.678589618776584                      8.8576716871310843
                       1       945.94637943426801     0.022097984283928649      0.11764626847260568       68.481763471666312       3.0477387076335245      0.96465519133139954     0.055765052273073983     0.011868665991625744       1.0067642628763496       1.1350247591544596       2.5924194699305247   2.1067650400769489e-09     0.011868665991625744       491.56620065646604       5.7934714303969193       5.7934714303969193       1880.3058160077421                                                 1378.3430264914987                                              10.396588859777211        22.996891084270715               390.03000941572083                          69.701062640826635                      8.8382375156478705
                       4       946.45510397279259     0.022076664363291865       0.1175932793682422       68.524594229466089       3.0479472430667602      0.96263745015027158     0.055272546761974704     0.010106629480589571       1.0076222432430677        1.133591810316533       2.7342780750236746   2.1072044210489657e-09     0.010106629480589571       491.72811844032793       5.7934714303969193       5.7934714303969193       1881.3232650847913                                                  1379.286153093637                                              10.308993550826388        23.389080726919133               390.00696882700078                          69.365039687397868                      8.9670291990101685
                       7       946.36501796561288     0.022076664363291865       0.1175932793682422       68.524594229466089       3.0479472430667602      0.96263745015027158     0.055272546761974704     0.010106629480589571       1.0076222432430677       1.1508752035690852       2.7089312992578898   2.1072044210489657e-09     0.010106629480589571       491.72811844032793       5.7934714303969193       5.7934714303969193       1881.1430930704319                                                 1379.1059810792776                                              10.308993550826388        23.389080726919133               390.00696882700078                          69.365039687397868                      8.9670291990101685
                       4        946.1399092068325     0.022101939886289449      0.11756007351531632       68.566228474763037       3.0477127383162284      0.96237279510909823     0.055065273967723476    0.0091552455415887003       1.0077122253345077        1.150941650777946       2.6856492047263067   2.1067103295375552e-09    0.0091552455415887003       491.70343847198751       5.7934714303969193       5.7934714303969193       1880.6928755528711                                                 1378.6985837261313                                               10.29085335475229        23.454248220253589               390.00809673693533                          69.229102597163106                      9.0119909176354991
                       6       946.11636127709619     0.022092794033003765      0.11757826834634187       68.545996495669087       3.0488734459056208      0.96199715281595388     0.055162449282557313    0.0082209476559557699       1.0082413030402035       1.1517917091290875       2.6536483580612185    2.109157023879356e-09    0.0082209476559557699       491.75253517656341       5.7934714303969193       5.7934714303969193       1880.6457796933985                                                 1378.5907097715435                                              10.302534745291496        23.527890787343438               390.02219808917641                            69.2937062881565                      8.9087400118870672
                       1       946.33817704887565     0.022086303557281611      0.11743970298940115       68.524595646926343       3.0502066797700658      0.96178152386295057     0.055728143748376646     0.016425492259673109       1.0085628321386464       1.1517103424102075        2.685538667636814   2.1119708988088888e-09     0.016425492259673109       491.88018202790715       5.7934714303969193       5.7934714303969193       1881.0894112369574                                                 1378.9105684850995                                              10.298660723950986        23.582040774198276               390.01925237589688                          69.272572862176389                      9.0063160156356332
                       1        946.8901480051486     0.022062251546931918      0.11722185304200841       68.507019651114518       3.0497759417758168      0.96404262471709223     0.057234752809691571     0.020053280774057901       1.0070597556747509       1.1507718342899695       2.7199428421535106   2.1110613885943887e-09     0.020053280774057901       492.07467855850183       5.7934714303969193       5.7934714303969193       1882.1933531495033                                                 1379.8298500212843                                              10.288824569717288        23.123504232888308               390.08625714764747                          69.730385761620781                       9.134531416345256
                       1       946.73835221671607     0.022062251546931918      0.11722185304200841       68.507019651114518       3.0497759417758168      0.96404262471709223     0.057234752809691571     0.020053280774057901       1.0069344164196881       1.1507718342899695       2.7199428421535106   2.1110613885943887e-09     0.020053280774057901        491.7710869816367       5.7934714303969193       5.7934714303969193       1881.8897615726382                                                 1379.8298500212843                                              10.288824569717288        23.141774601489999               390.08045948810366                          69.460050837186742                      9.0888020548562896
                      18        946.8829949156958      0.02204654487177167      0.11720888085342714       68.508491988841826       3.0499238076648303      0.96324553930096957     0.056900287119109577     0.015054324630757473        1.007483350989548       1.1511488240458752        2.722826409390759   2.1113735656429745e-09     0.015054324630757473       491.85801805254727       5.7934714303969193       5.7934714303969193       1882.1790469705977                                                 1380.0327316830919                                              10.288297234958478         23.28029347674692               390.03190576491011                           69.52188320862949                       9.023935602260762
                       1       946.44474475792947      0.02204654487177167      0.11720888085342714       68.508491988841826       3.0499238076648303      0.96324553930096957     0.056900287119109577     0.015054324630757473       1.0046850288360394       1.1511488240458752        2.722826409390759   2.1113735656429745e-09     0.015054324630757473       490.98151773701471       5.7934714303969193       5.7934714303969193        1881.302546655065                                                 1380.0327316830919                                              10.288297234958478        23.709111041166352               390.07941360253932                          68.845145737261717                      8.3478473560473194
                       1       946.53926012153545      0.02204654487177167      0.11720888085342714       68.508491988841826       3.0499238076648303      0.96324553930096957     0.056900287119109577     0.015054324630757473       1.0046850288360394       1.2471325003141731       2.7212122971296906   2.1113735656429745e-09     0.015054324630757473       490.98151773701471       5.7934714303969193       5.7934714303969193        1881.491577382277                                                 1380.2217624103039                                              10.288297234958478        23.709111041166352               390.07941360253932                          68.845145737261717                      8.3478473560473194
                       1         946.344265003332     0.022028873812569075      0.11734840105142591       68.500380610464177       3.0492490589225341      0.96335642311815384     0.056422247334875004    0.0083521511427601704       1.0046742291210728         1.24747763822875       2.7069469143192113   2.1099493995162246e-09    0.0083521511427601704       490.86757722416223       5.7934714303969193       5.7934714303969193       1881.1015871458701                                                 1379.9382115408023                                              10.295798380905635        23.664567045257797               390.02414258857209                          68.868783580171481                       8.310084010160864
                       8       946.94834711811802     0.022009289075018913      0.11716431048825242        68.48289793209787       3.0487357910165969      0.96385864259692844     0.056335548186456016     0.015307480357018337       1.0047564698373481       1.2476999761891603       2.7313580449797144   2.1088667080854524e-09     0.015307480357018337       491.22370821205175       5.7934714303969193       5.7934714303969193       1882.3097513754421                                                 1380.7999249162067                                              10.286118247183676        23.527748445043983               390.00955038853181                          69.294818474028617                      8.3915909044473374
                       7       946.71884767934534     0.022009289075018913      0.11716431048825242        68.48289793209787       3.0487357910165969      0.96385864259692844     0.056335548186456016     0.015307480357018337       1.0050756677579002       1.2476999761891603       2.7313580449797144   2.1088667080854524e-09     0.015307480357018337       490.76470933450668       5.7934714303969193       5.7934714303969193       1881.8507524978968                                                 1380.7999249162067                                              10.286118247183676        23.478769644923318               390.00229232212229                          68.838395403689134                      8.4452519637718826
                       2       948.13970309484307     0.022030439363022368      0.11680220104322253       68.278068076963649       3.0476931351227874      0.96219567581963117     0.054516293953022592      0.05084501452054075       1.0068631706352786       1.2494744110301135       2.7156384321855405   2.1066690316922272e-09      0.05084501452054075       491.98577260821867       5.7934714303969193       5.7934714303969193       1884.6924633288922                                                 1382.1768404526999                                              10.529850267973694        23.720329790120786               389.99656160944852                          69.105230849763458                      9.1636503588858815
                       4       948.39137086153676     0.022086277835096466      0.11655005226432748       68.520196350512109       3.0360207192975235      0.96427418909011409     0.050298425986091702     0.043697146851649452       1.0051609503491949       1.2479239958912365       2.7543775569046463   2.0822220698648223e-09     0.043697146851649452       493.88697552070607       5.7934714303969193       5.7934714303969193       1885.1957988622796                                                 1381.0108673481432                                              10.297955993430577        23.197127844464887               391.12966864694766                          69.181192884676292                      10.378986144617212
                       1       950.40701403724665     0.022161399908338382      0.11607087015200908        68.73877409543195       3.0338792392538738      0.96272288772869086     0.049229005061490631     0.048031114489927841       1.0057004436285184       1.2464244321293947       2.8308111037028456   2.0777678039188245e-09     0.048031114489927841       496.68963130994729       5.7934714303969193       5.7934714303969193       1889.2270852136994                                                 1381.7304834878062                                              10.806970415945882        23.520277017652347               391.58402088148375                          69.753051313076725                       11.83228209773443
                       3       951.47194928658428     0.022161399908338382      0.11607087015200908        68.73877409543195       3.0338792392538738      0.96272288772869086     0.049229005061490631     0.048031114489927841       1.0057004436285184       1.2376475168973649        2.197695032264388   2.0777678039188245e-09     0.048031114489927841       496.68963130994729       5.7934714303969193       5.7934714303969193       1891.3569557123747                                                 1383.8603539864816                                              10.806970415945882        23.520277017652347               391.58402088148375                          69.753051313076725                       11.83228209773443
                       1       950.73548672783636     0.022196792246821487      0.11577848884073814       68.962911813664761       3.0387018779671693      0.96582092012655807     0.052546701214921651     0.048262788676977524       1.0049198829216366       1.2385518701549345       2.0876723845078988   2.0878123284558621e-09     0.048262788676977524       494.50994800984375       5.7934714303969193       5.7934714303969193       1889.8840305948788                                                 1383.2251310865063                                              12.148951498528852         23.01813989964154               390.50465828745183                          69.265824687923967                      11.721325134826424
                       4       951.67696570266889     0.022461640060267386      0.11796624045941452       68.713959391767418       3.0385512810656241      0.96114701519649248     0.049753454169962887      0.02712134566226998       1.0042224462873803        1.238322013455686       1.7198294130265144    2.087497934062194e-09      0.02712134566226998       493.85787045113966       5.7934714303969193       5.7934714303969193       1891.7669885445439                                                 1387.4871137615621                                              10.422004331842432        24.283194815056845               391.19802321733738                          69.612710649807255                      8.7639417689381958
                       3       951.98069755180404     0.022466643611675628      0.11806117481473792       68.818811202278226       3.0391376806030195       0.9606384937571214     0.049580807329371548    0.0096548370509194174        1.004632251468534       1.2391383738761625        1.655488435198168   2.0887224008633372e-09    0.0096548370509194174       494.01315332061358       5.7934714303969193       5.7934714303969193       1892.3744522428142                                                 1388.0418031607942                                              10.319495761406245        24.416785500548883                391.2574943161427                          69.785149300338588                      8.5537242035834211
                       1       951.42115196764439     0.022466643611675628      0.11806117481473792       68.818811202278226       3.0391376806030195       0.9606384937571214     0.049580807329371548    0.0096548370509194174        1.004632251468534       1.2875438311216154       1.6287276273342901   2.0887224008633372e-09    0.0096548370509194174       494.01315332061358       5.7934714303969193       5.7934714303969193       1891.2553610744949                                                 1386.9227119924749                                              10.319495761406245        24.416785500548883                391.2574943161427                          69.785149300338588                      8.5537242035834211
                       1       950.43785016883112     0.022370073011422954      0.11804809868063051       68.746665310095096       3.0492015221013005      0.95568953994436578     0.052716404930075463    0.0063778369859502273       1.0072791146293318       1.2859649376585323       1.8647105943531146   2.1098491016127485e-09    0.0063778369859502273       495.24858372240038       5.7934714303969193       5.7934714303969193       1889.2887574768683                                                  1383.714989610876                                              10.325184143591768        25.700693884333532               390.05189158332382                          71.184873062111265                      8.3111251926317777
                       4       950.19482721486088     0.022370073011422954      0.11804809868063051       68.746665310095096       3.0492015221013005      0.95568953994436578     0.052716404930075463    0.0063778369859502273       1.0084363214971357       1.2859649376585323       1.8647105943531146   2.1098491016127485e-09    0.0063778369859502273       494.76253781446007       5.7934714303969193       5.7934714303969193       1888.8027115689279                                                  1383.714989610876                                              10.325184143591768        25.482167577510552               390.06083220596639                          70.740457696691621                      8.4790803342914849
                       1       952.06743073060409     0.022422402967786657      0.11811628550557485       68.763732781790964       3.0490769544110097      0.95382739922755555     0.052036878951932208    0.0062124954445068638       1.0089554219076406       1.2855079525845208       1.8575551502784786   2.1095862989519986e-09    0.0062124954445068638        497.7536287717158       5.7934714303969193       5.7934714303969193       1892.5479186004143                                                 1384.4353654183246                                               10.35892441037412        26.006146566037671               390.11521484547336                          73.143129681707478                      8.4891376784972596
                       3       951.13111680426857     0.022468957598847036      0.11767638751518379        68.63132998208394       3.0507406347187316      0.95549716579143784     0.054465374528190176     0.033043004083530697        1.007749552762544       1.2852286693996433       1.8103085166751307   2.1130988972451198e-09     0.033043004083530697       497.71863085329448       5.7934714303969193       5.7934714303969193       1890.6752907477432                                                 1382.3487906021564                                              10.607869292292495        25.598749607947184               389.87453803199406                          73.522059837272792                      8.7232833760804223
                       2       952.06009920771294     0.022456037278918803      0.11792207010357089       68.747231772624417       3.0581975263240824      0.95445345504428514     0.055742617464256496     0.013942324620062813       1.0100726583366655       1.2893350122797995       1.6057507319362858   2.1289149426535416e-09     0.013942324620062813       497.77864844795249       5.7934714303969193       5.7934714303969193        1892.533255554632                                                 1384.3598952806558                                              10.394711826023819        25.984214489533656               389.78717312611161                          73.733669457245668                      8.2735913750614998
                       3       952.37587285252766     0.022454941857021193      0.11775917612653601       68.766307524204223       3.0571679250918318      0.95414621797751487     0.054996682729175343     0.019332227417784634       1.0105249866400794       1.2894603019886968       1.6335793913082912   2.1267241372267477e-09     0.019332227417784634       498.34006119922378       5.7934714303969193       5.7934714303969193       1893.1648028442614                                                 1384.4865514585467                                              10.338190186490804        26.020294783985833               389.76815890658725                           74.17145291123613                      8.3801545974145846
                       1        956.2838607547435     0.022485092393124299       0.1183801268730242       68.882775296845224       3.0532168791291943      0.95420466885607969     0.052962043410658528    0.0014735017367097092       1.0095534712235181         1.28760410482108       1.6755503242866459    2.118337930464488e-09    0.0014735017367097092       498.07968974283449       5.7934714303969193       5.7934714303969193       1900.9807786486931                                                 1392.6042677743446                                              10.296821131514246        26.056555581697353               389.93760564578815                          73.759613919388414                      8.3259145959605512
                       3       954.44025890510977     0.022486559358538865      0.11841104551540241       68.533216116848877       3.0512221027060109      0.95682095781349141     0.052356417617269474     0.040969400226934509       1.0088158736530188       1.2895444269591456       1.5731262930992007   2.1141165316776408e-09     0.040969400226934509       495.58413180035967       5.7934714303969193       5.7934714303969193       1897.2935749494256                                                 1390.4919381570426                                              11.217504992023528        25.283466506260822               390.13090981411307                          71.680636360664124                      8.4891191193216162
                       1       954.77204185062556     0.022486559358538865      0.11841104551540241       68.533216116848877       3.0512221027060109      0.95682095781349141     0.052356417617269474     0.040969400226934509       1.0095649821472603       1.2895444269591456       1.5731262930992007   2.1141165316776408e-09     0.040969400226934509       496.24769769139112       5.7934714303969193       5.7934714303969193       1897.9571408404572                                                 1390.4919381570426                                              11.217504992023528        25.146946386122693               390.15016003336808                           72.30420059019454                      8.6463906817057872
                       1       954.38488416866096     0.022456668136298662      0.11798616787799046        68.62641105570701       3.0527401314374063      0.95837045357960171     0.053692273915706468     0.049565495315290198       1.0095315251550809        1.289568162233671       1.6262352392334254   2.1173282584442386e-09     0.049565495315290198        494.6277429511552       5.7934714303969193       5.7934714303969193        1897.182825476528                                                 1392.0025360909758                                              10.552546434397019        24.764737876883203               389.98554445374344                          70.857351169492844                      9.0201094510357187
                       4       952.62440958673767     0.022426360568924469      0.11683616084415237       68.814765337229133       3.0586079268953417      0.95709531233847189     0.056632361211631239      0.04195447734642177       1.0115112240210711       1.2918509132401506       1.5739163934476197   2.1297888298718105e-09      0.04195447734642177       497.17950972449052       5.7934714303969193       5.7934714303969193       1893.6618763126814                                                 1386.1114474635342                                               10.37091912465683        25.025446039845576               389.89142453657348                          72.969285607448171                      9.2933535406232988
                       6        953.5554244890667     0.022399083776627034      0.11694204618803367       68.834521166289846       3.0602479192066832      0.95519094750254874     0.056077475610563608     0.034927271522035612       1.0129635579175311         1.29247053296263       1.5998328686260384   2.1332845328570943e-09     0.034927271522035612       498.32053899575885       5.7934714303969193       5.7934714303969193       1895.5239061173395                                                 1386.7983404602089                                              10.405026661371611        25.497727607872321               389.82494554440069                          73.930586481257336                      9.0672793622285379
                       1       950.92041470170568     0.022351722696359318      0.11804696873784411       68.443953225325117        3.061679785103022      0.95528101284465716     0.056782074215281184     0.027951458722162498        1.011587209622391       1.2919341315690294       1.5616446700885411   2.1363412981436041e-09     0.027951458722162498       495.51174928908006       5.7934714303969193       5.7934714303969193       1890.2538865426175                                                 1383.5343216550098                                              11.207815598527828        25.538208710558649               389.88777783256256                           71.83503245630618                      8.2507302896526404
                       2       950.71701927407548     0.022351722696359318      0.11804696873784411       68.443953225325117        3.061679785103022      0.95528101284465716     0.056782074215281184     0.027951458722162498        1.011587209622391       1.1530264433818262       2.4685137927789293   2.1363412981436041e-09     0.027951458722162498       495.51174928908006       5.7934714303969193       5.7934714303969193       1889.8470956873571                                                 1383.1275307997494                                              11.207815598527828        25.538208710558649               389.88777783256256                           71.83503245630618                      8.2507302896526404
                       1       950.87505315435828     0.022351722696359318      0.11804696873784411       68.443953225325117        3.061679785103022      0.95528101284465716     0.056782074215281184     0.027951458722162498       1.0118096249000372       1.1530264433818262       2.4685137927789293   2.1363412981436041e-09     0.027951458722162498       495.82781704964555       5.7934714303969193       5.7934714303969193       1890.1631634479227                                                 1383.1275307997494                                              11.207815598527828        25.496584310393303               389.87429227892795                          72.191356430061546                      8.2655840302627297
                       4       950.74958407068061     0.022342700381517089      0.11808199329609921       68.462022327218506       3.0616275388272536      0.95546131274174906     0.056634533373250452     0.024481915088575102       1.0118952735038866       1.1533924641976285       2.4547477528673292   2.1362296851827121e-09     0.024481915088575102       495.45379423639781       5.7934714303969193       5.7934714303969193       1889.9122252805673                                                 1383.3464434741372                                              11.111987570032277        25.443948680975041               389.87932431353846                           71.88046718776917                      8.2500540541151572
                       1       952.97970024707297     0.022342700381517089      0.11808199329609921       68.462022327218506       3.0616275388272536      0.95546131274174906     0.056634533373250452     0.024481915088575102       1.0118952735038866      0.95119336103558361       2.8985772195247215   2.1362296851827121e-09     0.024481915088575102       495.45379423639781       5.7934714303969193       5.7934714303969193        1894.372457633352                                                 1387.8066758269217                                              11.111987570032277        25.443948680975041               389.87932431353846                           71.88046718776917                      8.2500540541151572
                       3       952.67690433805251     0.022342700381517089      0.11808199329609921       68.462022327218506       3.0616275388272536      0.95546131274174906     0.056634533373250452     0.024481915088575102       1.0118952735038866      0.89241580513596175       2.6587437345035143   2.1362296851827121e-09     0.024481915088575102       495.45379423639781       5.7934714303969193       5.7934714303969193       1893.7668658153111                                                  1387.201084008881                                              11.111987570032277        25.443948680975041               389.87932431353846                           71.88046718776917                      8.2500540541151572
                       4       953.76497325848493     0.022371735754937439      0.11776893582617294       68.419171851819769       3.0632797319846894      0.95441706778549196     0.057716855594814556     0.046624190167547333       1.0120423494373236      0.89058305690239414       2.7765037627616462   2.1397620665358921e-09     0.046624190167547333       497.59990650720727       5.7934714303969193       5.7934714303969193        1895.943003656176                                                 1387.1641059522858                                              11.178991196682736        25.743100121265513               389.98632859591271                           73.39282804606772                      8.4776497439613188
                       2        953.8743156363654     0.022371735754937439      0.11776893582617294       68.419171851819769       3.0632797319846894      0.95441706778549196     0.057716855594814556     0.046624190167547333        1.012170481753462      0.89058305690239414       2.7765037627616462   2.1397620665358921e-09     0.046624190167547333       497.81859126296825       5.7934714303969193       5.7934714303969193       1896.1616884119369                                                 1387.1641059522858                                              11.178991196682736        25.718712823340638               389.98632859591271                          73.611755319904574                      8.5017945238103376
                       3       952.60050053420446     0.022405463199212886      0.11765243591074805       68.856494260454213       3.0622886140074566      0.95791023365545069     0.059083750655630589    0.0062490460244826879       1.0102192513022401      0.89062732522405363       2.6464824500452115   2.1376423604976462e-09    0.0062490460244826879       495.22818203994598       5.7934714303969193       5.7934714303969193        1893.614058207615                                                 1388.0639955612407                                              10.321880606428406        24.951541945004806               390.25900610733237                          71.721360647569014                      8.2962733400397859
                       3        950.4329598502477     0.022370640356183413      0.11850007369294761       68.520042343200998       3.0549473224379051      0.96181954715739804     0.057299249412952453    0.0017663429940493486       1.0069047704476144      0.89057825647291289       2.5437846839518752   2.1220067676036802e-09    0.0017663429940493486           491.9391786269       5.7934714303969193       5.7934714303969193       1889.2789768397015                                                 1386.1339090872939                                              11.205889125508019        23.960971085879351               389.99779555253338                          69.711923957755161                       8.268488030732092
                       6       949.63351576687592      0.02232268941587897      0.11774735330367904       68.426471890685804       3.0545768332716978      0.96448078668402926     0.058652038962163297     0.032849699758739172        1.006306159855026      0.89069137418994004       2.6185137979633275   2.1212207327033627e-09     0.032849699758739172       490.78537349110053       5.7934714303969193       5.7934714303969193       1887.6800886729579                                                 1385.8265891460851                                              11.068126035772401        23.302158596619392               390.20469682212882                          68.834561989208893                      8.4439560831434299
                      11       949.43378514611163      0.02232268941587897      0.11774735330367904       68.426471890685804       3.0545768332716978      0.96448078668402926     0.058652038962163297     0.032849699758739172        1.006306159855026      0.90458515454551836       2.5578831181068193   2.1212207327033627e-09     0.032849699758739172       490.78537349110053       5.7934714303969193       5.7934714303969193       1887.2806274314294                                                 1385.4271279045565                                              11.068126035772401        23.302158596619392               390.20469682212882                          68.834561989208893                      8.4439560831434299
                       2       949.82302314096148     0.022316766136639923      0.11788278434331591       68.442907721483039       3.0544092528435822      0.96608684719221127     0.059258048108169856     0.019514791788252547       1.0053815252144545      0.90540563467521074       2.4563535536482726   2.1208652874085178e-09     0.019514791788252547       490.76913015895872       5.7934714303969193       5.7934714303969193       1888.0591034211291                                                 1386.1785514382975                                              11.111421823872789        22.998787089793154               390.33922588533886                          69.129252101875252                      8.3018650819514885
                       1       950.63022588846547     0.022316766136639923      0.11788278434331591       68.442907721483039       3.0544092528435822      0.96608684719221127     0.059258048108169856     0.019514791788252547       1.0060450158406002      0.90540563467521074       2.4563535536482726   2.1208652874085178e-09     0.019514791788252547       492.38353565396665       5.7934714303969193       5.7934714303969193       1889.6735089161371                                                 1386.1785514382975                                              11.111421823872789        22.904349413127591                390.3247508443277                          70.781807642242427                      8.3726277542689544
                       3       950.63096727516722     0.022316766136639923      0.11788278434331591       68.442907721483039       3.0544092528435822      0.96608684719221127     0.059258048108169856     0.019514791788252547       1.0060450158406002       1.2005308127568008       1.4246272198536305   2.1208652874085178e-09     0.019514791788252547       492.38353565396665       5.7934714303969193       5.7934714303969193       1889.6749916895405                                                 1386.1800342117008                                              11.111421823872789        22.904349413127591                390.3247508443277                          70.781807642242427                      8.3726277542689544
                       3       949.39596567137528     0.022316766136639923      0.11788278434331591       68.442907721483039       3.0544092528435822      0.96608684719221127     0.059258048108169856     0.019514791788252547       1.0060450158406002       1.4740698361930746        1.134251737378444   2.1208652874085178e-09     0.019514791788252547       492.38353565396665       5.7934714303969193       5.7934714303969193       1887.2049884819567                                                 1383.7100310041171                                              11.111421823872789        22.904349413127591                390.3247508443277                          70.781807642242427                      8.3726277542689544
                       1       948.60042970198492     0.022316766136639923      0.11788278434331591       68.442907721483039       3.0544092528435822      0.96608684719221127     0.059258048108169856     0.019514791788252547       1.0060450158406002       1.4311452658897443       1.3208563280387962   2.1208652874085178e-09     0.019514791788252547       492.38353565396665       5.7934714303969193       5.7934714303969193       1885.6139165431759                                                 1382.1189590653362                                              11.111421823872789        22.904349413127591                390.3247508443277                          70.781807642242427                      8.3726277542689544
                      13       949.69473318111739     0.022316766136639923      0.11788278434331591       68.442907721483039       3.0544092528435822      0.96608684719221127     0.059258048108169856     0.019514791788252547       1.0066957826654706       1.4311452658897443       1.3208563280387962   2.1208652874085178e-09     0.019514791788252547       494.57214261223197       5.7934714303969193       5.7934714303969193       1887.8025235014409                                                 1382.1189590653362                                              11.111421823872789        22.812789100131681               390.32369924906493                          72.960939835921195                      8.4747144271142023
                      11       949.39346808265793     0.022346821973004402      0.11798874612571784       68.524849642166458       3.0502457181205065      0.96593907952044256     0.056934435472347077     0.011000412006942496       1.0066790725175918       1.4314211472495071       1.2824618692634546    2.112053348278292e-09     0.011000412006942496       494.34286580180458       5.7934714303969193       5.7934714303969193        1887.199993304522                                                 1381.9574036575566                                              10.899723845160866        22.807651752289928               390.02695292472418                          72.940791189003505                      8.5674699357869812
                       1       949.60030378763327     0.022346821973004402      0.11798874612571784       68.524849642166458       3.0502457181205065      0.96593907952044256     0.056934435472347077     0.011000412006942496       1.0067832827573582       1.4314211472495071       1.2824618692634546    2.112053348278292e-09     0.011000412006942496       494.75653721175519       5.7934714303969193       5.7934714303969193       1887.6136647144726                                                 1381.9574036575566                                              10.899723845160866        22.793145309163663                390.0335852548622                          73.339503804210636                      8.5903028435187139
                       3       952.08176504153016     0.022419852425842456        0.117086042590707       69.031906033918347       3.0529342857305473      0.96842266745630146     0.059270091602972128   2.5531114917289738e-05       1.0067455263590539       1.4327842528558659       1.1537105686610116   2.1177393867254729e-09   2.5531114917289738e-05       494.81059095419289       5.7934714303969193       5.7934714303969193       1892.5765872222664                                                 1386.9424926807078                                               10.82350358736554        22.416324458891495               390.30723273519493                          72.989074574509189                      9.0979591855973183
                       2       952.19382415840983     0.022423981502243492      0.11712084421720319       69.017826594206767       3.0519364673587002      0.96911620065899351     0.059028339686349379     0.000631126347032703       1.0063673219414768       1.4329944645093453       1.1264713603028791   2.1156273213626635e-09     0.000631126347032703       494.69405499772438       5.7934714303969193       5.7934714303969193       1892.8007054560258                                                 1387.3572785927481                                              10.749371865553325        22.288896569526344               390.26461907174871                          73.043988062418038                       9.096551294031336
                       7       952.11962058130302     0.022422581993966805      0.11712052066028319       69.012196815693628       3.0518085273005569      0.96908801829595881     0.058961088428067278    0.0009385530546277812       1.0063750400292772        1.432979498929245       1.1295527392276796    2.115356665194411e-09    0.0009385530546277812       494.67844773235123       5.7934714303969193       5.7934714303969193       1892.6522983018122                                                 1387.2413383469773                                              10.732512222483521        22.290337744284898               390.24995023202331                          73.037916391314383                      9.1002433647286463
                       2       951.85286124789366     0.022398033930430418      0.11698892528798273       68.986608702218007       3.0526272446532743      0.96965977016422544      0.05954295167177652     0.010625019962864711       1.0063825218932163       1.4327439534476467       1.1836126224531296   2.1170892535566913e-09     0.010625019962864711       494.58734940505013       5.7934714303969193       5.7934714303969193       1892.1187796349934                                                 1386.7705051289843                                              10.760925100958856        22.189473662804346               390.32826618935241                          72.873424287752584                      9.1961852651407856
                       8       951.42133399986039     0.022398033930430418      0.11698892528798273       68.986608702218007       3.0526272446532743      0.96965977016422544      0.05954295167177652     0.010625019962864711       1.0063825218932163       1.1378010548833188       1.9524523614767788   2.1170892535566913e-09     0.010625019962864711       494.58734940505013       5.7934714303969193       5.7934714303969193       1891.2557251389269                                                 1385.9074506329177                                              10.760925100958856        22.189473662804346               390.32826618935241                          72.873424287752584                      9.1961852651407856
                       2       951.43358339428573     0.022398033930430418      0.11698892528798273       68.986608702218007       3.0526272446532743      0.96965977016422544      0.05954295167177652     0.010625019962864711        1.006388631059532       1.1378010548833188       1.9524523614767788   2.1170892535566913e-09     0.010625019962864711       494.61184819390076       5.7934714303969193       5.7934714303969193       1891.2802239277776                                                 1385.9074506329177                                              10.760925100958856        22.188709576947076               390.32826618935241                          72.896332862924069                      9.1985395646772243
                       4       951.84112110104104     0.022373701402848781      0.11657833942277919       68.891895415111819       3.0533022966334031      0.96898574318800712     0.059340450973840407     0.033698489508456296        1.007574140248984       1.1385092853941203        2.010088841316195   2.1185188813316551e-09     0.033698489508456296       494.97280021717552       5.7934714303969193       5.7934714303969193       1892.0952993412882                                                 1386.4499557199545                                              10.672543404158017        22.253904915183455               390.32325909354762                          72.436867262808306                      9.9587689456361534
                       1       948.63503075703863     0.022187797884912801      0.11693222125785915        68.89661415476688        3.043093260682149      0.96778800881133487     0.054393193368779687    0.0022901968983096779       1.0074061769572755       1.1352079655391425       2.3816261650762316   2.0970008718663495e-09    0.0022901968983096779        495.5645205438135       5.7934714303969193       5.7934714303969193       1885.6831186532834                                                 1379.1872709535407                                              10.931327155929052        22.263275010225868               390.28153577758371                          72.683958134356303                      10.335751621647614
                       3       948.09508522470355     0.022176762399453678      0.11702489852791098       68.797539176344827        3.045218163012851      0.96693865601980811     0.055317524117649383    0.0070303873621900773       1.0075257234661739       1.1345675910050379       2.4240894506064534   2.1014615314610457e-09    0.0070303873621900773       495.18659324177543       5.7934714303969193       5.7934714303969193       1884.6032275886132                                                 1378.8449521378327                                               10.57168220900512        22.431133505769878               390.12252344895046                          72.659704962026879                      9.9732313250282374
                       1        947.1003367041784     0.022176762399453678      0.11702489852791098       68.797539176344827        3.045218163012851      0.96693865601980811     0.055317524117649383    0.0070303873621900773       1.0069824321828178       1.1345675910050379       2.4240894506064534   2.1014615314610457e-09    0.0070303873621900773       493.19709620072513       5.7934714303969193       5.7934714303969193       1882.6137305475629                                                 1378.8449521378327                                               10.57168220900512        22.502544781934375                390.1010975790594                          70.888533644876105                      9.7049201948552817
                       3       947.92694917544748     0.022192290264629367      0.11672048975067419       68.955218895749567       3.0440063360613583      0.96745060819897544     0.055023857570960705    0.0082657553695317035       1.0069813945876953       1.1341093719966382       2.4638626007285231   2.0989164661405281e-09    0.0082657553695317035       493.58327638552697       5.7934714303969193       5.7934714303969193       1884.2669554901011                                                 1379.3508403433332                                              11.332838761240694        22.412113578346805                390.1644904889672                           70.66445297360606                        10.3422193446069
                       4       948.66984912540795     0.022164336845798015       0.1168243964283617       68.945351785338303       3.0384795674403855      0.96906141555594971     0.052333617621990583     0.002175457440343859       1.0066636548528589       1.1356788138396785       2.3967678242163215   2.0873482373853742e-09     0.002175457440343859        494.7461064583934       5.7934714303969193       5.7934714303969193        1885.752755390022                                                 1379.7021764940046                                              11.304472437624081        22.051934498618039               390.68878068735808                          71.283624072015357                      10.721767200401922
                       2       950.46671038921386     0.022164336845798015       0.1168243964283617       68.945351785338303       3.0384795674403855      0.96906141555594971     0.052333617621990583     0.002175457440343859       1.0066636548528589      0.97269201719673104       2.5341726968988221   2.0873482373853742e-09     0.002175457440343859        494.7461064583934       5.7934714303969193       5.7934714303969193       1889.3464779176338                                                 1383.2958990216164                                              11.304472437624081        22.051934498618039               390.68878068735808                          71.283624072015357                      10.721767200401922
                       1       950.05070524763414     0.022141684032605174      0.11685116158973927       68.848683763426109       3.0370557657154951      0.96657969735607185     0.050987938827786114     0.010876156153482948       1.0074466551188419      0.97087237287618944       2.7077703208347592   2.0843783821087808e-09     0.010876156153482948       495.17043245127564       5.7934714303969193       5.7934714303969193       1888.5144676344744                                                 1382.4274707302034                                              10.916564452995226        22.434954958103106               391.07407473984034                          70.583153711160776                      11.078249042171437
                      11       950.23368343776065     0.022171409185868227        0.116535343614492       68.801461020292635       3.0384943415212802      0.96724262106447634     0.052374462271168563     0.032945643270340406        1.007067231689758      0.97021921833947045       2.7345626431927967   2.0873790762648961e-09     0.032945643270340406       495.25440075863662       5.7934714303969193       5.7934714303969193       1888.8804240147274                                                 1382.7906738513584                                              10.835349404732284        22.346127919661285               390.63642936915704                          70.375305605265083                      11.896537864553265
                       5       948.91296519553089     0.022171409185868227        0.116535343614492       68.801461020292635       3.0384943415212802      0.96724262106447634     0.052374462271168563     0.032945643270340406        1.007067231689758       1.1415180070999718       2.3560093044339467   2.0873790762648961e-09     0.032945643270340406       495.25440075863662       5.7934714303969193       5.7934714303969193       1886.2389875302679                                                 1380.1492373668989                                              10.835349404732284        22.346127919661285               390.63642936915704                          70.375305605265083                      11.896537864553265
                       2       949.03826481359408     0.022171409185868227        0.116535343614492       68.801461020292635       3.0384943415212802      0.96724262106447634     0.052374462271168563     0.032945643270340406        1.007067231689758       1.2249638597332668       2.6753693374236276   2.0873790762648961e-09     0.032945643270340406       495.25440075863662       5.7934714303969193       5.7934714303969193       1886.4895867663943                                                 1380.3998366030253                                              10.835349404732284        22.346127919661285               390.63642936915704                          70.375305605265083                      11.896537864553265
                       9       949.40588417912943     0.022171409185868227        0.116535343614492       68.801461020292635       3.0384943415212802      0.96724262106447634     0.052374462271168563     0.032945643270340406        1.007067231689758       1.2080859239710098       2.7605754456002414   2.0873790762648961e-09     0.032945643270340406       495.25440075863662       5.7934714303969193       5.7934714303969193        1887.224825497465                                                  1381.135075334096                                              10.835349404732284        22.346127919661285               390.63642936915704                          70.375305605265083                      11.896537864553265
                       5       949.77884594933209       0.0221693420716975      0.11638813733666632       68.798862730928519       3.0391856811620146      0.96698100637012363      0.05266677666118047     0.040191919018417697       1.0073376349985557        1.207815869610823       2.8005191372671923   2.0888226631124669e-09     0.040191919018417697       495.57569094290193       5.7934714303969193       5.7934714303969193       1887.9707490378703                                                 1381.4801221291684                                              10.914935965799879        22.390189319270974               390.54063096725258                           70.25329311936396                      12.391577537014406
                       3       949.24003615952756       0.0221693420716975      0.11638813733666632       68.798862730928519       3.0391856811620146      0.96698100637012363      0.05266677666118047     0.040191919018417697       1.0073376349985557       1.1460436092148563       2.7624706424260124   2.0888226631124669e-09     0.040191919018417697       495.57569094290193       5.7934714303969193       5.7934714303969193       1886.8931294582612                                                 1380.4025025495594                                              10.914935965799879        22.390189319270974               390.54063096725258                           70.25329311936396                      12.391577537014406
                       2       948.80586330720018     0.022166585003615947      0.11656279755295521       68.852620527111966       3.0394287371310003       0.9660565650187648     0.052395791059245196      0.02772943764558353       1.0075832823632085       1.1457010148311395       2.7757686266539805   2.0893304256337448e-09      0.02772943764558353       495.06950731584567       5.7934714303969193       5.7934714303969193       1886.0247837536065                                                  1379.902908221077                                              11.052368216683687        22.569603478815566               390.56544671202198                          70.196131263335644                      11.738325861672489
                       1       950.48945649457141     0.022222170031720005      0.11612118029846022       69.124895598413488        3.045856362790444      0.96602991683096018     0.054747813945676689      0.02557062630781513       1.0089867942158064       1.1478641154534097       2.6413692897726877   2.1028031117956447e-09      0.02557062630781513       494.67185121430344       5.7934714303969193       5.7934714303969193       1889.3919701283489                                                 1381.7521241948082                                              12.967994719237389        22.673216678338406               390.14460836464582                           70.06433594756281                      11.789690223756372
                       1       949.97214224333891     0.022222170031720005      0.11612118029846022       69.124895598413488        3.045856362790444      0.96602991683096018     0.054747813945676689      0.02557062630781513       1.0086351556693507       1.1478641154534097       2.6413692897726877   2.1028031117956447e-09      0.02557062630781513       493.63722271183815       5.7934714303969193       5.7934714303969193       1888.3573416258839                                                 1381.7521241948082                                              12.967994719237389        22.721178386883707               390.14205359787809                          69.238176705876882                      11.535814021199489
                       1       948.96416706627986     0.022227318828612643       0.1163710526436469       68.955222037107745       3.0495128697215743      0.96530402056334774     0.055765298237920459     0.026772734164031017       1.0092110902167526       1.1497937861961049       2.5042607731950968   2.1105061003818671e-09     0.026772734164031017       492.86648132896659       5.7934714303969193       5.7934714303969193       1886.3413912717658                                                 1381.9997453388173                                              11.475164603981716        22.882308569178122                390.0690009084505                          69.433449897885282                      10.481721953452686
                       3         948.813070757579     0.022348268000577345      0.11708618951515555       68.644192151688813       3.0426003820181187      0.96874568871590039     0.054322540788632537     0.049774278188598434       1.0054993884280521        1.148648828583301       2.3454124008824495   2.0959675595478693e-09     0.049774278188598434       492.32822970537796       5.7934714303969193       5.7934714303969193       1886.0391986543641                                                 1383.4153064615355                                              10.295662487450434        22.277033106510146               390.21443211026229                          69.337032777448599                      10.499731711156915
                       6       948.80386414804411     0.022348268000577345      0.11708618951515555       68.644192151688813       3.0426003820181187      0.96874568871590039     0.054322540788632537     0.049774278188598434       1.0054993884280521       1.1497664310894637       2.3424044658463847   2.0959675595478693e-09     0.049774278188598434       492.32822970537796       5.7934714303969193       5.7934714303969193       1886.0207854352943                                                 1383.3968932424657                                              10.295662487450434        22.277033106510146               390.21443211026229                          69.337032777448599                      10.499731711156915
                       5       948.40099981744993     0.022348268000577345      0.11708618951515555       68.644192151688813       3.0426003820181187      0.96874568871590039     0.054322540788632537     0.049774278188598434       1.0051864193622444       1.1497664310894637       2.3424044658463847   2.0959675595478693e-09     0.049774278188598434       491.52250104418994       5.7934714303969193       5.7934714303969193        1885.215056774106                                                 1383.3968932424657                                              10.295662487450434        22.317000001366523               390.19964311622869                          68.685880062968494                      10.319977863626185
                       6       948.29936925595132     0.022357083564883098      0.11708036372274465       68.629675536742482       3.0445782558032906      0.96873741391107271     0.055513275957689616     0.050394705855928368       1.0050048721060696       1.1495690695556871       2.3292340009506725   2.1001172212392237e-09     0.050394705855928368       491.30877929457762       5.7934714303969193       5.7934714303969193       1885.0117956511087                                                 1383.3908029389984                                              10.312213417532496        22.349680326898977               390.11074170944931                          68.759950355106554                      10.088406903122809
                       2       948.68354100811587     0.022321032367836856      0.11667272444174245       68.689550016216984       3.0451763539919763      0.97022340484898784     0.057019179235224371     0.060270212309889173       1.0043296791042091       1.1480390325770353       2.4615549859816257   2.1013736732486548e-09     0.060270212309889173       491.93170688029028       5.7934714303969193       5.7934714303969193       1885.7801391554378                                                  1383.523674588708                                               10.32475768643952        22.096988347621277               390.10377138755518                          68.795503803597299                      10.935443341516509
                      16       949.19571961535644     0.022321032367836856      0.11667272444174245       68.689550016216984       3.0451763539919763      0.97022340484898784     0.057019179235224371     0.060270212309889173       1.0006069824261601       1.1480390325770353       2.4615549859816257   2.1013736732486548e-09     0.060270212309889173       492.95606409477142       5.7934714303969193       5.7934714303969193        1886.804496369919                                                  1383.523674588708                                               10.32475768643952        22.575212194470396               390.02797578498627                          71.279428390720128                      9.0734477245946596
                       1       948.66018095080722     0.022200781406487631      0.11663003499443386       68.903339125603836       3.0451348951024242      0.96551127415131666     0.054784919311450658     0.031097978131955271       1.0035487733383861       1.1465709732167688        2.754476240129403   2.1012865544355654e-09     0.031097978131955271        493.4664795522018       5.7934714303969193       5.7934714303969193       1885.7334190408205                                                 1381.0609720783466                                              11.205967410271723        23.412609842231518               390.07266970899707                          71.010697938987448                      8.9705020619857478
                       5       948.88092300425785     0.022200781406487631      0.11663003499443386       68.903339125603836       3.0451348951024242      0.96551127415131666     0.054784919311450658     0.031097978131955271       1.0078873967445414       1.1465709732167688        2.754476240129403   2.1012865544355654e-09     0.031097978131955271       493.90796365910359       5.7934714303969193       5.7934714303969193       1886.1749031477218                                                 1381.0609720783466                                              11.205967410271723        22.783208835758103               390.11868107589117                          69.859691557227151                      11.146382190227152
                       3       949.08351914678531     0.022203232152034135      0.11654555040482993       68.929933357778864       3.0460337357230816      0.96565266869719912     0.055363727365952117     0.032149655523437001       1.0078681189583427       1.1464546468636825       2.7600921619507925   2.1031761252306086e-09     0.032149655523437001       493.90822012689097       5.7934714303969193       5.7934714303969193       1886.5800954327767                                                   1381.27862292789                                              11.393252377995958         22.77246708630588               390.05144840623581                          69.873170655054295                      11.211133979294987
                       1       949.13549318878211     0.022203232152034135      0.11654555040482993       68.929933357778864       3.0460337357230816      0.96565266869719912     0.055363727365952117     0.032149655523437001       1.0078681189583427       1.0907106891779654       2.6215714227482647   2.1031761252306086e-09     0.032149655523437001       493.90822012689097       5.7934714303969193       5.7934714303969193       1886.6840435167703                                                 1381.3825710118836                                              11.393252377995958         22.77246708630588               390.05144840623581                          69.873170655054295                      11.211133979294987
                       1       948.95380587583122     0.022264760115764556       0.1166700396517069       69.000794749865165        3.043274475167502      0.96539230175103607     0.054784239419774845     0.020597822264887891       1.0067676791729161       1.0892180306491346       2.6030403806063154   2.0973809132335898e-09     0.020597822264887891       493.77880008511357       5.7934714303969193       5.7934714303969193       1886.3206688908685                                                 1381.1082564684079                                              11.433612337347203        22.848578268238555               390.10772948964456                          69.853836135958204                      10.968656191272276
                       6       948.80569585831995     0.022264760115764556       0.1166700396517069       69.000794749865165        3.043274475167502      0.96539230175103607     0.054784239419774845     0.020597822264887891       1.0067676791729161       1.1066421423673136       2.5944226904048433   2.0973809132335898e-09     0.020597822264887891       493.77880008511357       5.7934714303969193       5.7934714303969193        1886.024448855846                                                 1380.8120364333854                                              11.433612337347203        22.848578268238555               390.10772948964456                          69.853836135958204                      10.968656191272276
                       6       950.81621003727082     0.022303300084611774      0.11631427753194537       69.302393905786772       3.0437624490458961      0.96647161697085693     0.055363223086670452    0.0064898463134061626       1.0067875292647119       1.1074460630178213       2.5142666040565187   2.0984046300855175e-09    0.0064898463134061626       493.99131152425747       5.7934714303969193       5.7934714303969193       1890.0454772137477                                                 1382.2018809610884                                              13.852284728401685        22.685903843861183               390.09806986818757                          69.861086987048068                      11.346250825160658
                       7       950.85334714995304     0.022314895689411134      0.11688858624557801       68.500731690119295       3.0357082418915087      0.96315161437765817     0.048556470433956639     0.065252703957043273       1.0087638219042725       1.1106129554808506       2.4293971210251417    2.081571524159395e-09     0.065252703957043273       497.97628976127442       5.7934714303969193       5.7934714303969193       1890.1197514391122                                                  1381.728046651034                                              10.415415026803824        23.064839957037123               392.02341260886033                          69.929049361840342                      12.958987833536638
                       3       951.04366250372686      0.02232247037367481      0.11676188305153347       68.547230294703297       3.0351069879496926      0.96368851840323866     0.048633118118517754     0.066088603147239133       1.0084974680134335       1.1104317996062238       2.4329235353524021   2.0803203472505383e-09     0.066088603147239133       498.20994834597161       5.7934714303969193       5.7934714303969193       1890.5003821466598                                                 1381.9594979360529                                              10.330935864635411        22.960835525125958               392.03648274744938                          69.865768074775602                      13.346861998620657
                       1       949.54557717583737      0.02232247037367481      0.11676188305153347       68.547230294703297       3.0351069879496926      0.96368851840323866     0.048633118118517754     0.066088603147239133       1.0071717619269471       1.1104317996062238       2.4329235353524021   2.0803203472505383e-09     0.066088603147239133       495.21377769019273       5.7934714303969193       5.7934714303969193       1887.5042114908808                                                 1381.9594979360529                                              10.330935864635411        23.151249434528893               391.94133832448836                          67.872635582511563                       12.24855434866393
                       1        949.2095784111408      0.02232247037367481      0.11676188305153347       68.547230294703297       3.0351069879496926      0.96368851840323866     0.048633118118517754     0.066088603147239133       1.0071717619269471       1.1741743158010485       2.2970079086653064   2.0803203472505383e-09     0.066088603147239133       495.21377769019273       5.7934714303969193       5.7934714303969193       1886.8322139614877                                                 1381.2875004066595                                              10.330935864635411        23.151249434528893               391.94133832448836                          67.872635582511563                       12.24855434866393
                       5       948.59455244345486     0.022322638567633019      0.11688291038398571       68.543709554637417       3.0345513667423112      0.96387184744289145     0.048773305562965441      0.06035695888887864        1.006583529923806       1.1734601557780548       2.3087714740295375   2.0791647982009661e-09      0.06035695888887864       494.62709955939624       5.7934714303969193       5.7934714303969193       1885.6021620261158                                                 1380.6157863126741                                              10.359276154045499        23.128871731438835               391.87328066869918                          67.810775240515881                        11.8141719187423
                       7       946.50247495442204     0.022259609055071579      0.11790887761076937       68.409847825029132       3.0367283357908339      0.96190325844098179     0.049069912905803412     0.010892760093246759       1.0064433624367977       1.1740993398980657        2.203510926374622   2.0836960059734415e-09     0.010892760093246759       492.15488914973446       5.7934714303969193       5.7934714303969193       1881.4180070480502                                                 1378.0986783295839                                              11.164439568731618        23.568422531539909               391.59036955649879                          68.085835845615023                      8.9102612160807677
                       2       946.77561403465961     0.022259870609464435      0.11802523179897147       68.373434469650093       3.0349076056996096      0.96102331660313023     0.048473293712182328     0.011103018035964239       1.0060019208447442        1.172072822523569       2.3130574221434075   2.0799056096458428e-09     0.011103018035964239       492.70114928694022       5.7934714303969193       5.7934714303969193       1881.9642852085253                                                 1377.8476778015372                                              11.415458120048118        23.751402315899611               391.80686630814864                          68.169418434584315                      8.9734622283076515
                       1       946.78310099298039     0.022260914058767386      0.11803387578491588       68.377878076161963       3.0348785006381287       0.9609787160022889     0.048432060286567213     0.010413199191640934       1.0060178150996837       1.1720801693341942       2.3113793865733898   2.0798450747461396e-09     0.010413199191640934       492.74715128090315       5.7934714303969193       5.7934714303969193       1881.9792591251669                                                 1377.8306690986924                                              11.401438745571584        23.761547387518249                391.8381479327366                          68.180061432492991                      8.9673945281552907
                       2       946.81270213770665     0.022266567808440978      0.11802873176046294       68.359294572135184       3.0354681615807095      0.96102409517890097     0.048697700148946275     0.013915291199880421       1.0060340170289386       1.1721654468939511       2.3030695024049708   2.0810718398055117e-09     0.013915291199880421       492.60926753682014       5.7934714303969193       5.7934714303969193       1882.0384614146194                                                 1377.9198163964513                                              11.509377481347729        23.763312711709602               391.68898389762984                           68.20079169937722                       8.956179228103494
                       6       949.35061043486917     0.022269394197870072      0.11759311519312435       68.215432357188192       3.0272523614704308      0.96464317046583103     0.046260994697589916     0.050733668167007362       1.0045175746235941       1.1722506112211282       2.3306783445389145   2.0640442131225297e-09     0.050733668167007362       494.85194968781656       5.7934714303969193       5.7934714303969193       1887.1142780089444                                                 1380.2750818427642                                               11.98724647836338        22.889957560355583               393.46821560786469                          67.743715316223657                      10.750061203372651
                       3       950.20323671999358     0.022269394197870072      0.11759311519312435       68.215432357188192       3.0272523614704308      0.96464317046583103     0.046260994697589916     0.050733668167007362       1.0045175746235941       1.1694719543841983       2.0806150441452731   2.0640442131225297e-09     0.050733668167007362       494.85194968781656       5.7934714303969193       5.7934714303969193       1888.8195305791933                                                  1381.980334413013                                               11.98724647836338        22.889957560355583               393.46821560786469                          67.743715316223657                      10.750061203372651
                       1       949.65885577803158     0.022262680627545668       0.1174615300972065       68.202819342053829       3.0296545155330223      0.96535580780812524     0.047227603321976452     0.062749142638984554       1.0048828046316669       1.1702944022636099       2.0646688280800882   2.0690083252084052e-09     0.062749142638984554       494.28175900948992       5.7934714303969193       5.7934714303969193       1887.7307686952693                                                 1381.5946320369235                                               11.85437764885573        22.764068006611694               392.80266420412545                          67.586289214884033                      11.128737583868686
                       4       949.57936881708986     0.022262680627545668       0.1174615300972065       68.202819342053829       3.0296545155330223      0.96535580780812524     0.047227603321976452     0.062749142638984554       1.0047518191001872       1.1702944022636099       2.0646688280800882   2.0690083252084052e-09     0.062749142638984554       494.12278508760653       5.7934714303969193       5.7934714303969193       1887.5717947733858                                                 1381.5946320369235                                               11.85437764885573        22.782091083813327               392.80266420412545                          67.495449262770322                      11.042580536897445
