#                 weight             minuslogpost                 omegabh2                 omegach2                       H0                     logA                       ns                      tau               mnu_sample                 A_planck               TT_tSZ_Amp               TT_kSZ_Amp                       As                      mnu                chi2__CMB            minuslogprior         minuslogprior__0                     chi2 chi2__sbt_spt_audit.likelihoods.candl_cobaya.CandlCobayaLikelihood chi2__sbt_spt_audit.likelihoods.desi_dr2_bao.DESIDR2BAOGaussian chi2__planck_2018_lowl.TT chi2__planck_2018_lowl.EE_sroll2 chi2__planck_2018_highl_plik.TT_lite_native chi2__planckpr4lensing.PlanckPR4Lensing
                       1       1516.4257228502886     0.022728863200334948      0.11655704583601159       68.800811294201779       3.0395631063427628      0.97794486666852087     0.054804227842240413     0.028727112547935446       1.0030640171159566       2.2367196307997439       9.9913489522468435   2.0896111861785132e-09     0.028727112547935446       497.05495293880858       5.7934714303969193       5.7934714303969193       3021.2645028397833                                                 2513.5032267064598                                               10.70632319451523         21.03481179331817               390.52380575505794                          75.998433062594358                      9.4979023278381014
                       1       1516.4076446639544     0.022637033112770807       0.1164528178086751       68.910997812273891       3.0458205794325326      0.98035142726759761     0.058141352440549646     0.016164296049554674       1.0033490840740242        2.263551044337174       9.9948292363593012   2.1027278677855275e-09     0.016164296049554674       496.87076780352146       5.7934714303969193       5.7934714303969193        3021.228346467115                                                 2513.8355631879717                                              10.522015475621579        20.771167765606151               390.35460414385437                          76.726164503414395                       9.018831390646513
                       7       1518.5114903346296     0.022716662369331016       0.1151291888158236       69.237995551047362       3.0477065082776815      0.98164827160501911     0.059719039627265567     0.044393868471285167       1.0040148453005999       2.2855777019456172       9.9913114271788039   2.1066972046918794e-09     0.044393868471285167       497.30494480189327       5.7934714303969193       5.7934714303969193       3025.4360378084652                                                 2516.0622866795038                                              12.068806327067495        20.668281931635931               390.39192642873041                          75.173644679548758                      11.071091761978174
                       2       1518.4690787195748     0.022707827005119596      0.11512623311170647       69.224168807915959       3.0474842834877358      0.98139029644056075      0.05957280438489599     0.045893730432831598        1.004075559131399       2.2919965098441661       9.9926700069543415   2.1062290963626517e-09     0.045893730432831598       497.25504624308161       5.7934714303969193       5.7934714303969193       3025.3512145783557                                                 2516.0759258990429                                              12.020242436231539        20.690115133964582               390.40044467516526                          74.979411102582986                      11.185075331368758
                       2       1517.3635203152926     0.022683454871493498      0.11563568888032365        69.02646846378525       3.0466950158968582       0.9829339655689755     0.060065361765748261     0.048909957514664169       1.0025728317519149       2.3125404357118993       9.9524438449287729   2.1045673738560521e-09     0.048909957514664169        497.7707199506246       5.7934714303969193       5.7934714303969193       3023.1400977697913                                                 2514.5113045094049                                              10.858073309762037        20.538839138801961               390.40829828936575                          76.300961161411095                      10.522621361045752
                       1       1517.2597333836204     0.022681280008268665       0.1156449184278292       69.025612717229862       3.0467332235338831      0.98283821255992376     0.060079018868067463     0.048282998640394183       1.0025782776419769       2.3142475308367199       9.9525104904180495    2.104647785938535e-09     0.048282998640394183       497.59208324286698       5.7934714303969193       5.7934714303969193       3022.9325239064469                                                 2514.4851435696164                                              10.855297093963536        20.547650914389294               390.40378792399895                          76.154224304934303                      10.486420099544452
                       1       1519.0726708506199     0.022681280008268665       0.1156449184278292       69.025612717229862       3.0467332235338831      0.98283821255992376     0.060079018868067463     0.048282998640394183        1.002233410679495       1.3792701205020661       9.8721173113033345    2.104647785938535e-09     0.048282998640394183       496.52874775616738       5.7934714303969193       5.7934714303969193        3026.558398840446                                                  2519.174353990315                                              10.855297093963536        20.572736259528597                390.4461390117898                          75.225456233471377                      10.284416251377568
                       1        1519.109797455237     0.022716628100603261      0.11562180747921418       69.021171293352594       3.0472497727492684       0.9824139309370078     0.060361863639479311     0.052021136572578529       1.0021521389318069        1.379133513392075       9.8594705725745264   2.1057352209336913e-09     0.052021136572578529       496.54092952007005       5.7934714303969193       5.7934714303969193         3026.63265204968                                                 2519.2966464773026                                              10.795076052306589        20.627869550974481               390.47744050821331                          75.089323261893966                      10.346296198988306
                       4       1519.6268069745031     0.022716628100603261      0.11562180747921418       69.021171293352594       3.0472497727492684       0.9824139309370078     0.060361863639479311     0.052021136572578529       1.0021026543063534       1.4284991191758456       9.6440870597412918   2.1057352209336913e-09     0.052021136572578529       496.39831549857064       5.7934714303969193       5.7934714303969193       3027.6666710882123                                                 2520.4732795373347                                              10.795076052306589        20.631613725964598               390.47744050821331                          74.971602677012314                      10.317658587380434
                       6       1520.7631462241675     0.022711922988533983      0.11594497170736302       68.790513973259522       3.0512731388385919       0.9827497504364805     0.060098049186833161     0.074190584213364899       1.0040400384519887       1.3557172921139933       9.6715787630327466   2.1142244307625959e-09     0.074190584213364899       496.24920861045206       5.7934714303969193       5.7934714303969193       3029.9393495875411                                                 2523.2510136802384                                              10.439127296850929        20.579809513448708               390.44326341183091                          75.001590395921639                       10.22454528925077
                       4       1520.7973768145055     0.022693456250172279      0.11582554395064219       68.668506512562161       3.0439916332317924      0.98303034144073398     0.057585956350308519     0.094216824514160635        1.002866356648193       1.3923550247438028       9.6617359972947909    2.098885606356317e-09     0.094216824514160635       497.22383355070639       5.7934714303969193       5.7934714303969193        3030.007810768217                                                 2522.2852955459707                                              10.498681671539851        20.512820060802937               390.31953565362915                          74.390430675259978                      12.001047161014352
                       1       1521.7903163029816     0.022817607388828307      0.11576914734978164       68.796404448877027       3.0455793781139504      0.98363109074509281     0.058217215247392963      0.10241026733816701       1.0027745125076719       1.3591163104349062       9.6272673503898574   2.1022207482126116e-09      0.10241026733816701       497.36654818322563       5.7934714303969193       5.7934714303969193       3031.9936897451694                                                  2524.202765195857                                               10.42437636608703        20.499914978859863               390.28885196429167                          74.215538684806901                      12.362242555267192
                       2       1522.7027309676039      0.02281591665320604      0.11678443299607447          68.569275282766       3.0397924156613678      0.97549976728366139     0.053235827889268228     0.086002366235446451          1.0037979355264       1.3603876047923333       9.6497187103646382   2.0900904084387302e-09     0.086002366235446451       496.68370743538082       5.7934714303969193       5.7934714303969193       3033.8185190744139                                                 2525.6266270248125                                              11.508184614221156        21.400872448628093               390.72839094361024                          73.362262525046432                      11.192181518096033
                       4       1523.0073769553694     0.022810226286307664      0.11615412401112038       68.671278842840806       3.0438954707458588      0.97312714367885822      0.05599938460131218     0.094755449975324355       1.0039794041093928       1.4586483343631218        9.622530007901263   2.0986837820028408e-09     0.094755449975324355       497.22346753333312       5.7934714303969193       5.7934714303969193       3034.4278110499449                                                  2526.434654188145                                               10.76968932846658        21.777265854370853               390.15636144964986                          73.079773787762406                      12.210066441550012
                       2       1522.1139241620701     0.022810226286307664      0.11615412401112038       68.671278842840806       3.0438954707458588      0.97312714367885822      0.05599938460131218     0.094755449975324355       1.0041758818839364       2.3934546211334062        9.221669541514661   2.0986837820028408e-09     0.094755449975324355       497.75076948578476       5.7934714303969193       5.7934714303969193       3032.6409054633464                                                 2524.1204466490949                                               10.76968932846658        21.755049578872729               390.18100684422814                          73.449871165030601                      12.364841897653291
                       1       1521.4337389729146     0.022506789239922779      0.11585016410421864       68.460278805776113       3.0486754314917004      0.97178574973002685     0.058353298883701797     0.075988824171030159       1.0055489867487557       2.4873323979151727       9.3058070626389604   2.1087394217343928e-09     0.075988824171030159       495.50335950612128       5.7934714303969193       5.7934714303969193       3031.2805350850354                                                 2524.9375586198357                                              10.839616959078322        21.864562816493617               390.23707794109652                          72.301591399247997                      11.100127349283143
                       1        1521.889471859025     0.022506789239922779      0.11585016410421864       68.460278805776113       3.0486754314917004      0.97178574973002685     0.058353298883701797     0.075988824171030159       1.0058366078020518       2.9396933172456317       9.7365288722871863   2.1087394217343928e-09     0.075988824171030159       496.26958395707976       5.7934714303969193       5.7934714303969193       3032.1920008572561                                                 2525.0827999410976                                              10.839616959078322        21.831228023908125               390.23707794109652                          72.907136928851614                      11.294141063223478
                       3       1520.6462948524361     0.022620080405516611      0.11640366047952282       68.701235659828839       3.0374810627887192      0.97272463479619764     0.052127284764353188     0.021156520911876198       1.0053668986471573       2.7539774976572038       9.8108232649576266   2.0852650506695901e-09     0.021156520911876198       497.78539797769685       5.7934714303969193       5.7934714303969193       3029.7056468440783                                                 2521.1078161985056                                               10.81243266787553        21.644061532363594               391.04732831761089                          75.297817715723184                      9.7961904119992145
                       3       1520.4831794212068     0.022709624324434855      0.11627782102179328       68.899973280406059       3.0400780783622592      0.97536628752589272      0.05673114789769939    0.0022433774703109824       1.0019902488969135       2.8237694478121362       9.7070731442957712   2.0906875545970434e-09    0.0022433774703109824       497.95249372316675       5.7934714303969193       5.7934714303969193       3029.3794159816198                                                 2520.7145426817824                                              10.712379576671047        21.391314187340129               390.20274228791055                          77.055741133622234                      9.3026961142938092
                       2       1520.3491140949582     0.022706172314036887       0.1163146705655433       68.888951958786237       3.0402211286286343      0.97521690356795077     0.056738804615226027    0.0018739359032261971       1.0020282012078332       2.8249072134313122       9.7070200528631965   2.0909866494009213e-09    0.0018739359032261971       497.71921920032997       5.7934714303969193       5.7934714303969193       3029.1112853291224                                                 2520.6752611272123                                              10.716805001580223        21.411557924950387               390.18282103136079                          76.864857088115571                      9.2599831559032264
                       1        1518.976822451481     0.022706172314036887       0.1163146705655433       68.888951958786237       3.0402211286286343      0.97521690356795077     0.056738804615226027    0.0018739359032261971       1.0020188325364425        2.633801373067818       9.8888924619012695   2.0909866494009213e-09    0.0018739359032261971       497.69108086710042       5.7934714303969193       5.7934714303969193       3026.3667020421681                                                 2517.9588161734878                                              10.716805001580223        21.412530307806378               390.18282103136079                          76.839572878510268                      9.2561566494229695
                       2       1520.1973697772496     0.022577165304080715       0.1169206834579274         68.6444822380993       3.0415320285293488      0.96844136718601681     0.055328428955730272     0.014250609531556798       1.0039220273313074       2.7354855618639657       9.8923923771940281   2.0937295210142863e-09     0.014250609531556798       496.09735657475017       5.7934714303969193       5.7934714303969193       3028.8077966937053                                                 2521.7391273068174                                              10.971312812137432        22.444435292357809               390.13735062448552                          74.328131653786642                      9.1874390041201561
                       2       1520.2371435563143     0.022570464934080846      0.11696167035764628       68.634978256029697       3.0416028956813128      0.96841262665781147     0.055324207538329909     0.012879316411519969       1.0039369726054999       2.7353267373844186       9.8938380749883148   2.0938779029200633e-09     0.012879316411519969       496.13204494980698       5.7934714303969193       5.7934714303969193       3028.8873442518347                                                 2521.7472399144026                                              11.008059387625002        22.445349687651515               390.14006668850777                          74.413374203051021                      9.1332543705966849
                       3       1520.7140050604996     0.022552898569455318      0.11704420719301852       68.553054652623388       3.0371992297603136      0.96685081410869533     0.051668682005024301     0.012474044675438186       1.0052545553669709       2.6766886828627192       9.9509004065324724   2.0846774369137036e-09     0.012474044675438186       497.25025520871884       5.7934714303969193       5.7934714303969193       3029.8410672602054                                                 2521.2038773681315                                               11.38693468335488         22.62950028567758               390.86691698827315                          74.401232349723188                      9.3526055850448913
                       1       1520.9488446003479     0.022552898569455318      0.11704420719301852       68.553054652623388       3.0371992297603136      0.96685081410869533     0.051668682005024301     0.012474044675438186        1.005006878983925       2.2467740662203619       9.6193906681580934   2.0846774369137036e-09     0.012474044675438186       496.60686420044198       5.7934714303969193       5.7934714303969193       3030.3107463399019                                                 2522.3169474561055                                               11.38693468335488        22.662967206596647               390.85143974000368                          73.841186582883083                      9.2512706709585508
                       1       1519.4731926433792     0.022644964061956575      0.11616781224190532       68.838988429304194       3.0314720591290705       0.9731844002243254     0.050685539081216181     0.028620314694302852       1.0035502858028058       2.1870895863659814       9.6131929150044186   2.0727722575594601e-09     0.028620314694302852       497.82009459767033       5.7934714303969193       5.7934714303969193       3027.3594424259645                                                 2518.9935525203223                                              10.545795307971909        21.605866398643172               391.66713167208843                          73.591475528580048                      10.955620998358702
                       6       1520.9486630031438     0.022447021672124205      0.11751176474983456       68.612322192068177       3.0290542212176845       0.9749202883967879     0.046668570858872618      0.01036292306817355       1.0052255060526079       2.1139659598050353       9.6877386873954467   2.0677666839847659e-09      0.01036292306817355       498.09795936127546       5.7934714303969193       5.7934714303969193       3030.3103831454937                                                 2521.4410983484295                                              10.771325435788919        21.240869281922642               393.99976843186107                          73.173711705299866                      9.6836099421918593
                       7       1522.3163608229747      0.02233856540212786      0.11739954117562942       68.577084796699694        3.026933078573351      0.97385767789379851      0.04655660596085201     0.014407689438592858       1.0046693310445356       2.2136183394734177       9.6822198475948991   2.0633853043012197e-09     0.014407689438592858       498.15489383295562       5.7934714303969193       5.7934714303969193       3033.0457787851556                                                 2524.3220615287782                                              10.568823423421506         21.34058464387283               393.99613695683576                          72.533670128157766                      10.284502104089277
                       2       1521.7391990076007      0.02233856540212786      0.11739954117562942       68.577084796699694        3.026933078573351      0.97385767789379851      0.04655660596085201     0.014407689438592858       1.0046665686706222       1.9741390881650172       9.9006103411389326   2.0633853043012197e-09     0.014407689438592858       498.14662141289494       5.7934714303969193       5.7934714303969193       3031.8914551544076                                                 2523.1760103180909                                              10.568823423421506        21.340861336479293               393.99613695683576                           72.52666220284479                      10.282960916735156
                       2       1521.7100318138989     0.022338522288051627      0.11735569820181092       68.564908162448859       3.0273791756710944      0.97328915423909002     0.046548860210480499     0.016359923636286383       1.0049667310952171       1.9745294867869505       9.9044730471910967   2.0643059798370687e-09     0.016359923636286383       497.93765361240156       5.7934714303969193       5.7934714303969193       3031.8331207670039                                                 2523.3047992507072                                              10.590667903895019        21.418150667683051               393.98432777824377                          72.220443202944338                      10.314731963530399
                       6       1518.0121358178956     0.022471771748459261      0.11593986068979313       68.898605087030575       3.0308514208641224      0.97997354824413374     0.052901560946571585     0.019770227472694021       1.0015675191928124       1.9983368719191523        9.828338791550955   2.0714862149068177e-09     0.019770227472694021       497.76524886930514       5.7934714303969193       5.7934714303969193       3024.4373287749972                                                   2515.97147072186                                              10.700609183832668        20.709451073280604               391.08816533538584                          74.981197400055919                      10.986435060582789
                       2       1517.9878313706874     0.022453070463999927      0.11606628763797559       68.840170419472955       3.0337268159957955      0.97708676154768259      0.05278943839826563    0.0077929930321748685        1.003190136809049       1.9687359735922225       9.8659836759109307   2.0774511279156285e-09    0.0077929930321748685       496.57271378697089       5.7934714303969193       5.7934714303969193        3024.388719880581                                                 2517.2247639487641                                              10.591242144845916        21.021878169863044               391.00933925768561                          74.300160130349084                      10.241336229073196
                       5       1518.2124208959826     0.022436519236662743      0.11625151241181995       68.706612634486405       3.0327363340480185      0.97653317896841574      0.05280886404890988    0.0092734179256932711       1.0024874824664842       1.9980891423153255       9.8509203628826274   2.0753944687860501e-09    0.0092734179256932711       496.64590000430144       5.7934714303969193       5.7934714303969193       3024.8378989311714                                                 2517.6533856530168                                               10.53861327385259        21.084086383956958               390.98786937529422                          74.547529123576155                      10.026415121474074
                       3       1518.7146419011249     0.022413551865817685      0.11614922896252859       68.689045329701955       3.0311757986232983      0.97680828953304599     0.052182394621704181     0.015468841449235805       1.0024461731583107       2.0087917793723102       9.8557271336207197   2.0721582679570111e-09     0.015468841449235805       497.31236774299441       5.7934714303969193       5.7934714303969193       3025.8423409414559                                                 2518.0204976417904                                              10.509475556671271        21.031423063785894               391.21259579603134                          74.641898358625994                      10.426450524551182
                       7        1518.637559756937     0.022397052607526027      0.11628041527459945       68.638245480535275       3.0310851690060487      0.97689688139415198     0.052042347849995146     0.014801982794945927       1.0024246208264427       2.0081497770155496       9.8572128523216378     2.07197047755612e-09     0.014801982794945927       497.26525848931493       5.7934714303969193       5.7934714303969193       3025.6881766530801                                                 2517.8796097891686                                              10.543308374596426        21.013049273429601               391.26116399227834                          74.741593995223411                       10.24945122838357
                       3       1517.5055140404913     0.022397052607526027      0.11628041527459945       68.638245480535275       3.0310851690060487      0.97689688139415198     0.052042347849995146     0.014801982794945927       1.0011529622987467       2.0081497770155496       9.8572128523216378     2.07197047755612e-09     0.014801982794945927       495.00116705642375       5.7934714303969193       5.7934714303969193       3023.4240852201888                                                 2517.8796097891686                                              10.543308374596426         21.13035712781857               391.22097378064262                          73.059491718250527                      9.5903444297120561
                       5        1516.519010385613     0.022454716536506197      0.11628889159051424       68.684944199977522        3.033743288841618      0.97741150390037967     0.053411392942244819     0.019370421198654716       1.0009961372031011       2.0034039285068963       9.8302352813312481   2.0774853497296267e-09     0.019370421198654716       494.13310911810834       5.7934714303969193       5.7934714303969193       3021.4510779104321                                                 2516.7931791568349                                              10.524789635489155        21.111347164196104               390.81627503451239                          72.748118641353386                      9.4573682780465145
                       5       1517.7286706717989     0.022406197227754089      0.11633852286142272       68.773981463733762       3.0322735046688014      0.98454450112881031     0.053115962499239555     0.014066559133847897       1.0003948645888405       1.9215720982295905        9.851877817301153   2.0744341375043399e-09     0.014066559133847897       499.23411158098565       5.7934714303969193       5.7934714303969193       3023.8703984828039                                                 2514.1765346498714                                              10.459752251946567        20.359876181331458               391.17496221626612                          78.279521207337353                      9.4197519760507511
                       1       1516.5004869325485     0.022515908597692195      0.11624655896774885       69.026968440456017       3.0356828257882071       0.9827549086470253     0.053821928688327594     0.009427853954055522       1.0013835439840304        1.897556763344515       9.8416545471824666   2.0815186193948265e-09     0.009427853954055522       495.46765824577778       5.7934714303969193       5.7934714303969193       3021.4140310043031                                                 2515.0445257156712                                              10.901847042854662        20.557215469044138               390.93535131909488                          74.556022038992666                      9.4190694186461066
                       2       1517.2118892951889     0.022515549144550201      0.11598719630788422       69.099196137043378       3.0347868449854172      0.98372368134753374      0.05355632490747203     0.013324372180410196       1.0014442668534607       1.8900900652530082       9.8495326840040018   2.0796544539241462e-09     0.013324372180410196       496.20303893292561       5.7934714303969193       5.7934714303969193        3022.836835729584                                                 2515.2889312135762                                              11.344865583081951        20.464607113469356               391.02604517126309                           74.91493215429179                      9.7974544939014212
                       4       1517.6480915962966     0.022557469435495255      0.11538402500508937       69.236053460899299       3.0390422152629237      0.98613518017098967     0.058500236764153286     0.025889115616897551      0.99925174425929775       1.9880796117576998       9.7669020445981793   2.0885230097865929e-09     0.025889115616897551       496.91801622856241       5.7934714303969193       5.7934714303969193       3023.7092403317993                                                 2514.2917378995494                                              12.499486203687473         20.31677204867168               390.46402979699718                           75.91065895896503                      10.226555423928495
                       3       1516.1831756096426     0.022616614001929439      0.11604200222984497        69.01600270416121       3.0432548199148322      0.97962597442258703     0.059750777616075425     0.030710710710063416      0.99946777953730648       2.0667391513323423        9.711762697209231   2.0973396890869322e-09     0.030710710710063416       492.62436404784046       5.7934714303969193       5.7934714303969193       3020.7794083584913                                                 2517.3755276645556                                              10.779516646095381        21.013549539469011                390.4055393825721                          71.781229724042092                      9.4240454017572564
                       8       1516.5949575310699     0.022604829699282569      0.11587949548837041       69.052018971940868       3.0416449798945004      0.97904136912148554     0.059193572110257602     0.029661193483623959      0.99942435007932795       2.0813029666622027       9.7197262722830136   2.0939660239783583e-09     0.029661193483623959       492.64717160625651       5.7934714303969193       5.7934714303969193       3021.6029722013459                                                 2517.9696018839322                                              10.986198711157098         21.07283411362954               390.33107531064195                          71.532607226572452                      9.7106549554125543
                       3       1517.2984107355583      0.02268347167586859      0.11554179600876309       69.272240310648542       3.0362576953765608      0.98235615025104395     0.058486505608509459    0.0086822917319082406      0.99747990331051239       2.0293434479811743       9.7214042900852977    2.082715565157604e-09    0.0086822917319082406       494.78533609491819       5.7934714303969193       5.7934714303969193       3023.0098786103226                                                 2516.2190921109504                                              12.005450404454267         20.70031213102402               390.34736216920203                          73.900352313792169                      9.8373094808999735
                       6       1517.1020274443235      0.02268347167586859      0.11554179600876309       69.272240310648542       3.0362576953765608      0.98235615025104395     0.058486505608509459    0.0086822917319082406      0.99638220540309352       2.0293434479811743       9.7214042900852977    2.082715565157604e-09    0.0086822917319082406       494.39256951244892       5.7934714303969193       5.7934714303969193       3022.6171120278532                                                 2516.2190921109504                                              12.005450404454267        20.789029668315152               390.36038281291417                          73.920317479660483                      9.3228395515591149
                       2       1517.0936823558902      0.02268347167586859      0.11554179600876309       69.272240310648542       3.0362576953765608      0.98235615025104395     0.058486505608509459    0.0086822917319082406      0.99638272834945574       2.0283969688134338       9.7238589253643557    2.082715565157604e-09    0.0086822917319082406       494.39235104034447       5.7934714303969193       5.7934714303969193       3022.6004218509865                                                 2516.2026204061881                                              12.005450404454267        20.788986528084479               390.36038281291417                          73.919919974968323                      9.3230617243775384
                       4       1516.1651388594412     0.022659215182051662      0.11578540277947456       69.186421529876171       3.0417333276545322      0.98057033722918452     0.059729979126282161     0.013029820483878088      0.99781754367949804       2.0327897788146805       9.7259421876270356   2.0941510293584442e-09     0.013029820483878088       492.98489107159844       5.7934714303969193       5.7934714303969193       3020.7433348580885                                                 2516.2958287458896                                              11.462615040600847        21.008154493843904               390.36140254305616                          72.696808221983801                       8.918525812714563
                       1       1516.1281292733163     0.022658998424632665      0.11577177128613107       69.180823802403182       3.0415054376252972      0.98063305871721174      0.05956096765602243     0.014381413902249738      0.99787596090460218       2.0294575715904117       9.7280982091193309   2.0936738475936901e-09     0.014381413902249738       493.06232448727707       5.7934714303969193       5.7934714303969193       3020.6693156858387                                                 2516.1618428404026                                              11.445148358158715        20.997603420073915               390.37681795110711                          72.736635298629579                      8.9512678174664284
                       1       1518.1855541858213     0.022658998424632665      0.11577177128613107       69.180823802403182       3.0415054376252972      0.98063305871721174      0.05956096765602243     0.014381413902249738      0.99569739682989644       2.0294575715904117       9.7280982091193309   2.0936738475936901e-09     0.014381413902249738       497.17717431228749       5.7934714303969193       5.7934714303969193       3024.7841655108487                                                 2516.1618428404026                                              11.445148358158715        21.202232702800927               390.32421508993275                          77.264095600812283                       8.386630918741556
                       2        1518.533728522614     0.022717260786922433      0.11574158277061591       69.316240873156616       3.0394180481049218      0.98096419216129849     0.058672945518223246     0.016431255918431933      0.99537467895568832       2.0221893212226574       9.7155635308234878    2.089308092845697e-09     0.016431255918431933       496.73733853835893       5.7934714303969193       5.7934714303969193        3025.480514184434                                                 2516.6663322938189                                              12.076843352256073        21.176898492907583               390.23186191729047                          76.762134861546201                      8.5664432666146411
                       1       1518.8288802464469     0.022484509301731417      0.11732146526740872        68.75562586721658       3.0515397820815671      0.98055131408753915     0.058674055217951118     0.016498197824688778       1.0004235184878554        1.904984291839356       9.8055926527681674    2.114788249587091e-09     0.016498197824688778       495.38501396280782       5.7934714303969193       5.7934714303969193          3026.0708176321                                                 2520.2844091007823                                              10.401394568509669        21.139422013402054                390.3235109202854                          75.400343629021521                      8.5217374000988642
                       3       1519.2071391986847     0.022531905471304035      0.11796496226195677       68.508803680889372        3.043018855148508      0.97862094481946993     0.053723539466484317     0.024794805451843295       1.0000459789788503       1.8690780630219066       9.8121274574618553   2.0968448492019794e-09     0.024794805451843295       495.49077645672509       5.7934714303969193       5.7934714303969193       3026.8273355365754                                                 2519.7282306981569                                              11.608328381693287        21.362639625253905               390.59756429223557                          75.012720097477157                      8.5178524417584747
                       8       1519.3273689490566     0.022499404157452187      0.11800150450054855       68.442031316126318       3.0440687179033001      0.97792901293213896     0.054270212015693695     0.028383467819230804       1.0000993394955104        1.899751784236688        9.806242461146466   2.0990474044998134e-09     0.028383467819230804       495.20239100866894       5.7934714303969193       5.7934714303969193       3027.0677950373192                                                 2519.9715272348267                                               11.89387679382328        21.452367424719171               390.49619254025987                          74.725033600189818                      8.5287974435000571
                       2       1521.2929299735963     0.022499404157452187      0.11800150450054855       68.442031316126318       3.0440687179033001      0.97792901293213896     0.054270212015693695     0.028383467819230804      0.99997857447859584       2.1099697707227971       9.2472946524198232   2.0990474044998134e-09     0.028383467819230804       495.55113241129061       5.7934714303969193       5.7934714303969193       3030.9989170863987                                                 2523.5539078812849                                               11.89387679382328        21.464909338240034               390.49619254025987                          75.042537102284413                      8.5474934305063002
                       1       1520.9580586783295     0.022499404157452187      0.11800150450054855       68.442031316126318       3.0440687179033001      0.97792901293213896     0.054270212015693695     0.028383467819230804       1.0000460875856576       2.2860323924157457       9.2819456321858329   2.0990474044998134e-09     0.028383467819230804       495.35357433566793       5.7934714303969193       5.7934714303969193       3030.3291744958651                                                 2523.0817233663738                                               11.89387679382328        21.457892439079899               390.49619254025987                          74.862593403029791                       8.536895953298373
                       4       1521.7405195712302     0.022460965960005005      0.11803204315265452       68.154747171358409       3.0305027168085656      0.98044338069257442     0.050992332796959659    0.0088204401375014431      0.99624401938903639       2.2795253609292838        9.294940118193173   2.0707640051886964e-09    0.0088204401375014431       501.02994292419578       5.7934714303969193       5.7934714303969193       3031.8940962816664                                                 2515.9081881357215                                              14.955965221748979        21.021421005076263               391.63565065380743                          79.817487080748734                      8.5553841845633638
                       2       1521.6229786221068     0.022458512451262479      0.11804102332332546        68.14967251564444       3.0311336853307971      0.98002146159727721     0.051224453305381973    0.0092721784199713223      0.99635009445446188       2.2873157505189385       9.2927823881655129   2.0720710043872549e-09    0.0092721784199713223       500.55786583955103       5.7934714303969193       5.7934714303969193       3031.6590143834196                                                 2516.1062642287375                                              14.994884315131097        21.074749654519565               391.48346058964307                          79.437398567246888                      8.5622570281415253
                       2       1521.8441648650619     0.022416395996446965      0.11796575910483345       68.143029871572082        3.031391166626114      0.97956667218922389      0.05108420761255638     0.010087799652356465      0.99683009479191609       2.2988744998285555       9.3070189223295507   2.0726045926049978e-09     0.010087799652356465       500.60644198969106       5.7934714303969193       5.7934714303969193       3032.1013868693299                                                 2516.8527172737236                                              14.642227605915304        21.108625834962027               391.54272034482244                          79.444399262316495                      8.5106965475901042
                       4       1518.8892810644745     0.022676607933124013      0.11693262405186315       68.776280244996983        3.042786530248371      0.98236042939458879     0.055439735613163732     0.014349876690720938      0.99890529929553962       2.1652123835625114       9.2938777847193013   2.0963577565158565e-09     0.014349876690720938       497.62245118971498       5.7934714303969193       5.7934714303969193       3026.1916192681551                                                 2517.8064725978302                                              10.762695480609882        20.922349895117236               390.44343283674925                          77.929528200581032                      8.3271402572674482
                       1       1518.5348023419663     0.022696383414023462       0.1168339356478356       68.871294787507182       3.0393640928033929      0.98268983466314486     0.054319481990734123     0.013502796985460634      0.99830064860759804       2.1729470202078627       9.2900607635135657   2.0891953666386763e-09     0.013502796985460634        497.7876697835764       5.7934714303969193       5.7934714303969193       3025.4826618231386                                                 2517.1200369789331                                              10.574955060628632        20.882744521419056               390.66820839816967                          77.975223577788057                        8.26149328619959
                       2       1518.6785373883608     0.022700212228293003      0.11695535497487132       68.859356983526197       3.0388737175407883       0.9821148057859248     0.053628702667247556      0.01097609358826078      0.99860401199253124       2.1589471400667919       9.2988587018535931   2.0881711280632833e-09      0.01097609358826078       497.71960794697873       5.7934714303969193       5.7934714303969193       3025.7701319159278                                                 2517.4372587234488                                              10.613265245499845        20.942766313359641               390.82387887081433                          77.681000824086212                      8.2719619387185706
                       2       1518.3181453044645     0.022743053331085495      0.11698979758644679       69.066090380250685       3.0420569109735447      0.98056386040074139     0.056795508650415605     0.010192739580641727      0.99705746873844814       2.2883169062964526       9.2143088695544471   2.0948287713461248e-09     0.010192739580641727       495.19133799885225       5.7934714303969193       5.7934714303969193        3025.049347748135                                                 2519.3498509552574                                              10.508158794025553        21.229680737994897               390.23828707035335                          75.460614275019793                      8.2627559154842238
                       5       1518.5547148162821     0.022743053331085495      0.11698979758644679       69.066090380250685       3.0420569109735447      0.98056386040074139     0.056795508650415605     0.010192739580641727      0.99697204606831891        1.930883109157552       9.2979038589515124   2.0948287713461248e-09     0.010192739580641727       495.45595300767951       5.7934714303969193       5.7934714303969193       3025.5224867717702                                                  2519.558374970065                                              10.508158794025553        21.238015792411659               390.23817609162813                           75.71480579670191                       8.264955326937832
                       3       1516.8667739430077     0.022743053331085495      0.11698979758644679       69.066090380250685       3.0420569109735447      0.98056386040074139     0.056795508650415605     0.010192739580641727      0.99898516045809871        1.930883109157552       9.2979038589515124   2.0948287713461248e-09     0.010192739580641727       492.08007126113108       5.7934714303969193       5.7934714303969193       3022.1466050252216                                                  2519.558374970065                                              10.508158794025553         21.04752630657066               390.29346794289023                          72.368448486527939                      8.3706285251422639
                       1        1516.347984077838     0.022743053331085495      0.11698979758644679       69.066090380250685       3.0420569109735447      0.98056386040074139     0.056795508650415605     0.010192739580641727      0.99911786668692115       2.3155063386765007       9.3295360149269939   2.0948287713461248e-09     0.010192739580641727       492.05861747480958       5.7934714303969193       5.7934714303969193        3021.109025294882                                                 2518.5422490260471                                              10.508158794025553        21.035389398633583               390.29346794289023                          72.340679181604372                      8.3890809516814038
                       3       1516.0171684989432     0.022689125597314726      0.11666939320064885       68.923334047034842       3.0418290489027267      0.98128931447558387     0.057306104872872347     0.028958143286010825      0.99890996518118746       2.3511908541515263        9.326556842127804   2.0943514937030776e-09     0.028958143286010825       492.39389248577413       5.7934714303969193       5.7934714303969193       3020.4473941370925                                                 2517.6025314090689                                              10.450970242249463         20.91713283440663               390.28159103443221                          72.621027706749317                       8.574140910185994
                       4       1516.1411712366821     0.022732215447153536      0.11662565438725911       68.975510396696777       3.0403092406275292      0.98349491807885292     0.056540587792795499     0.029116204694174037      0.99874894565966288       2.2931279540853482       9.3342844830674885   2.0911708985314229e-09     0.029116204694174037       493.53295488687155       5.7934714303969193       5.7934714303969193       3020.6953996125703                                                 2516.6855643508384                                              10.476880374860315        20.680845410838856               390.40435994532072                          73.831196123563117                      8.6165534071488423
                       3       1516.0558017079188     0.022658118694386241      0.11682426862079848       68.897944698965006       3.0394368532118339      0.98282667160373671     0.055689960939413523     0.019682644438360378      0.99914233582831602       2.2948407658927406       9.3618620596758113   2.0893473828771806e-09     0.019682644438360378       493.65726816140318       5.7934714303969193       5.7934714303969193       3020.5246605550437                                                 2516.4095735400042                                              10.457818853636395         20.71444192615354               390.45665449068855                          73.993032937369932                      8.4931388071911282
                       7       1515.7279222284542     0.022658118694386241      0.11682426862079848       68.897944698965006       3.0394368532118339      0.98282667160373671     0.055689960939413523     0.019682644438360378      0.99911872921206202       2.1256287225975319       9.4516180187239591   2.0893473828771806e-09     0.019682644438360378       493.65670312413948       5.7934714303969193       5.7934714303969193       3019.8689015961145                                                 2515.7543796183381                                              10.457818853636395         20.71629182179322               390.45258407766937                          73.999101005394138                      8.4887262192827535
                       3       1515.9660094363824      0.02262876857425318      0.11674015479627882       68.941961047481712       3.0431887766996968      0.98221384096424103     0.056921503162038686     0.019705043663448933       1.0000468280429613       2.1366118134155174       9.4585801440821449   2.0972011786045232e-09     0.019705043663448933       492.86745947318883       5.7934714303969193       5.7934714303969193       3020.3450760119708                                                 2517.0199499183295                                              10.457666620452324        20.787258690991223               390.34969628172269                          73.282341391398887                      8.4481631090760114
                       1       1515.7410733860763     0.022597506522347627      0.11679380137657445       68.938628651636293       3.0427879614694335      0.98295749510363106     0.057513905501353185    0.0057369864606498597      0.99928746753674136       2.1454560012199675       9.4597907364783449   2.0963607568693791e-09    0.0057369864606498597       493.62661575267759       5.7934714303969193       5.7934714303969193       3019.8952039113587                                                 2515.7844801086503                                              10.484108050030702        20.700525880341445               390.32114512914706                          74.248761126714115                       8.356183616474981
                       4       1515.5987022027291     0.022606150148178569      0.11680102339888894       68.942680257159694       3.0420866418558847      0.98259135820301491     0.057157910302646296    0.0048183241713395065      0.99925882593198956       2.1441837736135509       9.4609549494439982   2.0948910533796936e-09    0.0048183241713395065       493.39074565553472       5.7934714303969193       5.7934714303969193       3019.6104615446643                                                 2515.7315976177661                                              10.488118271363852        20.737937475577098               390.31602257040328                          73.973856557922701                      8.3629290516316459
                       2       1514.2917372088334     0.022606150148178569      0.11680102339888894       68.942680257159694       3.0420866418558847      0.98259135820301491     0.057157910302646296    0.0048183241713395065      0.99941401030779409       2.1793358298997725       9.8903104229495966   2.0948910533796936e-09    0.0048183241713395065       493.37734747471501       5.7934714303969193       5.7934714303969193       3016.9965315568729                                                 2513.1310658107936                                              10.488118271363852        20.725577647916168               390.30236295895224                          73.966186723157833                      8.3832201446887726
                      10       1514.3784309000735     0.022606150148178569      0.11680102339888894       68.942680257159694       3.0420866418558847      0.98259135820301491     0.057157910302646296    0.0048183241713395065       0.9998284520080456       2.1793358298997725       9.8903104229495966   2.0948910533796936e-09    0.0048183241713395065       493.55073485719515       5.7934714303969193       5.7934714303969193        3017.169918939353                                                 2513.1310658107936                                              10.488118271363852        20.692974984741625               390.30678475211755                          74.104106512886887                      8.4468686074491064
                       4       1514.3615768260156     0.022622954440426855      0.11680158039362745       68.963897375384747       3.0419068412651682      0.98263641824918302      0.05703556187198109    0.0033701421001855717      0.99981603965348598       2.1692265998179399       9.8905653837265977    2.094514424590863e-09    0.0033701421001855717       493.54367366811829       5.7934714303969193       5.7934714303969193       3017.1362107912373                                                 2513.0890404656093                                              10.503496657509402        20.691877149209859               390.36191296714981                          74.043722940645111                      8.4461606111134877
                       3       1516.1168461414677     0.022622954440426855      0.11680158039362745       68.963897375384747       3.0419068412651682      0.98263641824918302      0.05703556187198109    0.0033701421001855717      0.99957741894014474       1.9548251321537147       9.3821058648448989    2.094514424590863e-09    0.0033701421001855717       493.41085683668439       5.7934714303969193       5.7934714303969193       3020.6467494221415                                                 2516.7323959279474                                              10.503496657509402        20.710557789617553               390.35805522566739                          73.934545246594979                      8.4076985748044955
                       5       1516.1243353461912     0.022621695940044609      0.11679840995166385       68.960766852270098       3.0419296041540655      0.98266652337303584     0.057044497176456037    0.0035220613088278083      0.99958552560088265       1.9544300820281106       9.3825609386578321   2.0945621023326436e-09    0.0035220613088278083       493.45404504445992       5.7934714303969193       5.7934714303969193       3020.6617278315885                                                 2516.7055519730161                                               10.50213081411283        20.707127212034777               390.36132428675148                          73.979975004694225                      8.4056185409794697
                       3       1517.0381240243723       0.0226231469330197      0.11662669652316915        68.82866165721758       3.0385689479528986      0.98575341379757264     0.056310523370451629    0.0065566603430754176      0.99863254027225834       1.9031975895344326       9.3960224206510041   2.0875348139786563e-09    0.0065566603430754176       496.89503813401882       5.7934714303969193       5.7934714303969193       3022.4893051879508                                                 2514.9946932529447                                              10.599573800987546        20.402036662662226               390.51140852191025                          77.584834831426221                      8.3967581180201112
