#                 weight             minuslogpost                 omegabh2                 omegach2                       H0                     logA                       ns                      tau                      mnu                       As            minuslogprior         minuslogprior__0                     chi2 chi2__sbt_spt_audit.likelihoods.candl_cobaya.CandlCobayaLikelihood chi2__sbt_spt_audit.likelihoods.desi_dr2_bao.DESIDR2BAOGaussian
                       1       12482.074410694344     0.022178151210264365      0.11673310048995909       68.530052324921414       3.0474990285769614      0.97655161616937991     0.059022809586889685       3.0378990840964768   2.1062601531275738e-09       2.1045919762829826       2.1045919762829826        24959.93963743612                                                 24824.632868380711                                              135.30676905540864
                       8       12408.433566931186     0.022246964911519986      0.11635999679205772        68.55112478612071       3.0691836782575073      0.97452934480981368     0.069752061221136183       3.0544293072994799   2.1524324727080824e-09       2.1045919762829826       2.1045919762829826       24812.657949909804                                                 24678.547679092586                                              134.11027081721892
                       1       12398.105578302919     0.022278219115605267       0.1160743207599297       68.578613847204778       3.0668361382514462      0.97438879095992448     0.068702288666970063       3.0662709576402887   2.1473854776972128e-09       2.1045919762829826       2.1045919762829826        24792.00197265327                                                 24657.745867538222                                              134.25610511504613
                       5       12321.643181861709      0.02236238833206616      0.11676849204113653       68.375091331502276       3.0684555067228536      0.96979009194314492     0.067583294857257559       3.0707676111318469   2.1508657031589154e-09       2.1045919762829826       2.1045919762829826       24639.077179770851                                                 24512.784380855777                                              126.29279891507426
                       1        12167.33011961902     0.022199456927217712      0.11569311962644097       67.972145380148248       3.0676563168222679      0.97615222915275268     0.070365539538046182       3.1216975705515444   2.1491474397122863e-09       2.1045919762829826       2.1045919762829826       24330.451055285474                                                 24208.942876585032                                              121.50817870044081
                       1       12095.367242119748     0.022199456927217712      0.11569311962644097       67.972145380148248       3.0665999345916108      0.98192288516284165     0.070365539538046182       3.1216975705515444   2.1468783172872342e-09       2.1045919762829826       2.1045919762829826       24186.525300286929                                                 24065.017121586487                                              121.50817870044081
                       1       12054.918004839261     0.022380507707505892      0.11631362533306158       68.094372363389624       3.0649733996190722      0.97159807413979815     0.066419079112974941       3.0777557890147693   2.1433891829911025e-09       2.1045919762829826       2.1045919762829826       24105.626825725954                                                 23987.403834343469                                              118.22299138248394
                       1       11855.951823884567     0.022398457439348485      0.11777491017681836       67.246579382713961       3.0444204452473449      0.96817988683392397      0.05375180773941244       3.1209379438129421   2.0997858267224528e-09       2.1045919762829826       2.1045919762829826       23707.694463816566                                                 23598.893874982077                                              108.80058883448692
                       1       11847.383977946673     0.022126683427872291      0.11965300432759916       66.761753206926628       3.0553966163676045      0.97169511400704023     0.059150012017031503       3.0721220647569547   2.1229603865747114e-09       2.1045919762829826       2.1045919762829826       23690.558771940778                                                 23577.779875451619                                              112.77889648915911
                       5       11260.656620382362     0.023027961251543404      0.11640025541939997       67.356286204848985       3.1415897616043611      0.93545145414501618     0.096764457995600114       3.1012369016498238   2.3140625710330057e-09       2.1045919762829826       2.1045919762829826       22517.104056812157                                                 22421.221982376996                                              95.882074435163162
                       1       11248.245011011342     0.022647059257970836      0.11652481641504905       66.940927103619885       3.1445375699111695      0.94758772203808217      0.10200471157768298       3.1026828739138534   2.3208940478976112e-09       2.1045919762829826       2.1045919762829826       22492.280838070117                                                 22392.633726107179                                              99.647111962939903
                       4       11179.267043919806     0.022647059257970836      0.11652481641504905       66.940927103619885        3.140445153642808      0.95446101364564284      0.10200471157768298       3.1026828739138534   2.3114153918708532e-09       2.1045919762829826       2.1045919762829826       22354.324903887045                                                 22254.677791924107                                              99.647111962939903
                       3       11158.811462548085     0.022758893517711484       0.1169898501283566       66.940818223118526       3.1512301300289418      0.95006785125143489      0.10562131858120262       3.1032917396620694   2.3364788638281651e-09       2.1045919762829826       2.1045919762829826       22313.413741143602                                                 22213.700239126851                                              99.713502016751605
                       3         11058.7185596455     0.022746530706349317      0.11836520220514607       66.716066130405267       3.1750107403429007      0.94272409243058131      0.11518644923483755       3.0408587024952123   2.3927076852005086e-09       2.1045919762829826       2.1045919762829826       22113.227935338433                                                  22011.62171252937                                              101.60622280906394
                       3       10732.789227377658      0.02222179333022525      0.11637236976964339       65.469493006333735       3.1561088599554648      0.96480846860741976      0.11419361116131047       3.1904173516722287   2.3479057649006722e-09       2.1045919762829826       2.1045919762829826       21461.369270802748                                                 21344.558557272721                                              116.81071353002815
                       2       10669.757470355791     0.022064439875390585      0.11856880785349234       64.990486809564857       3.1577033541399198      0.96119193800242808      0.11291925311218901        3.115280702309323   2.3516524732469828e-09       2.1045919762829826       2.1045919762829826       21335.305756759015                                                 21202.820921583945                                              132.48483517507094
                       1       10669.271980237894     0.022059303920541035      0.11857523290904519       64.984853961633036       3.1578152984691581      0.96129807009144375      0.11301423914646083       3.1147232104684059   2.3519157421411569e-09       2.1045919762829826       2.1045919762829826       21334.334776523221                                                 21201.734307924591                                              132.60046859863115
                       1       10476.251313039447     0.022059303920541035      0.11857523290904519       64.984853961633036       3.1405582586538281      0.98432418507092911      0.11301423914646083       3.1147232104684059   2.3116768393194525e-09       2.1045919762829826       2.1045919762829826       20948.293442126327                                                 20815.692973527697                                              132.60046859863115
                       1       10469.174355387946     0.022059303920541035      0.11857523290904519       64.984853961633036       3.1359290056938414      0.98736805028369157      0.11301423914646083       3.1147232104684059   2.3010002338887624e-09       2.1045919762829826       2.1045919762829826       20934.139526823325                                                 20801.539058224695                                              132.60046859863115
                       1       10264.593191385764     0.021683143383944066      0.12022874765182956       63.590797296165697       3.0869439677243253      0.99715915585162929     0.089883425077262491       3.1707028037914449   2.1910017837309639e-09       2.1045919762829826       2.1045919762829826        20524.97719881896                                                 20334.778345769009                                              190.19885304995012
                       3        9802.523200221367     0.022054236761041821       0.1192522136472163       62.982603973173482       3.1113872091177637      0.98483469266027512     0.099657663347563152       3.2916928025529453    2.245216866090642e-09       2.1045919762829826       2.1045919762829826       19600.837216490167                                                  19366.84176851383                                              233.99544797633791
                       1       9684.6458807560102     0.021853825756898666      0.11886626941025097       62.403406349185246       3.1066177530164127      0.99390888273824707      0.10010716613345561       3.3611927758839659   2.2345338990320992e-09       2.1045919762829826       2.1045919762829826       19365.082577559453                                                 19098.217838615215                                              266.86473894423796
                       2       9557.5782113982186     0.022062486001992138      0.11819195231940126       62.476506024231043       3.1389236095791824      0.98741524498199273      0.11514691540066344       3.3938413524508984   2.3079011457209478e-09       2.1045919762829826       2.1045919762829826        19110.94723884387                                                 18844.612026491061                                              266.33521235280898
                       2         9446.45959171715     0.022062486001992138      0.11819195231940126       62.476506024231043       3.1438234727165062      0.99470861087000906      0.11514691540066344       3.3938413524508984   2.3192372955803909e-09       2.1045919762829826       2.1045919762829826       18888.709999481733                                                 18622.374787128923                                              266.33521235280898
                       1       9341.6381287321565     0.022028568161997039      0.11833503800144743       62.246371188621715       3.1405598557027146      0.99297012888776914      0.11338250397684985        3.386361734819046   2.3116805311833225e-09       2.1045919762829826       2.1045919762829826       18679.067073511746                                                 18396.053324880551                                              283.01374863119554
                       2       9167.0487081772535     0.022194858800517157      0.12091494229687322       61.638365824613928       3.1486235315583344      0.98034240618006185      0.11172077567454002         3.36923130542392   2.3303965321371392e-09       2.1045919762829826       2.1045919762829826        18329.88823240194                                                 17969.380722671365                                              360.50750973057592
                       3       8885.7508269639584     0.022467096872134371      0.11933519792467361       61.099734061651908       3.1501948896335938      0.97909951417594243      0.11256520271317172       3.5484002118968405   2.3340612981222054e-09       2.1045919762829826       2.1045919762829826       17767.292469975349                                                   17343.1261916328                                              424.16627834254814
                       3       8353.0733131373345     0.022516874613695836      0.11999920113527132       59.964903838141026       3.1875176869555317      0.96842641031154308      0.12914954436156628       3.5915368940405732   2.4228210732107199e-09       2.1045919762829826       2.1045919762829826       16701.937442322102                                                 16131.024442829501                                              570.91299949259906
                       2       8286.4539997701213     0.022431731749836169      0.12116626213219471       59.565987786615764       3.1939032213458951      0.96789315532259002      0.13143037060524865       3.5805461516076651   2.4383415811265092e-09       2.1045919762829826       2.1045919762829826       16568.698815587675                                                 15939.556164276893                                              629.14265131078253
                       6       8286.5349380978878     0.022432386775129716      0.12119445513539731       59.561405952820223       3.1931326114037071       0.9678186977713048      0.13099358201548256       3.5800748188885803   2.4364632946677025e-09       2.1045919762829826       2.1045919762829826       16568.860692243208                                                 15938.772295913701                                              630.08839632950571
                       2        8130.843611940255     0.022336520020391968      0.12247289475764535       58.803101017652303       3.1935059475470666      0.96858858402230108      0.13033075842161404       3.6128811619583456   2.4373730842956795e-09       2.1045919762829826       2.1045919762829826       16257.478039927944                                                 15508.841986395526                                              748.63605353241849
                       1       8127.5907433298835      0.02232987134593864      0.12237200731966526       58.794020218805741       3.1908947396218008      0.96911570340118169      0.12924413388230599       3.6168853381504826    2.431016898653886e-09       2.1045919762829826       2.1045919762829826       16250.972302707201                                                 15502.365340913761                                               748.6069617934412
                       1        8004.287209756164      0.02232987134593864      0.12237200731966526       58.794020218805741       3.1736942939201884      0.99466793117206487      0.12924413388230599       3.6168853381504826   2.3895598861367413e-09       2.1045919762829826       2.1045919762829826       16004.365235559762                                                 15255.758273766322                                               748.6069617934412
                       1       7906.7260274937726      0.02244545375652655        0.123267825680262       58.656839808700575       3.1725575674439588      0.98580691525273434      0.12581105870732687       3.5843061660956206   2.3868451533942451e-09       2.1045919762829826       2.1045919762829826        15809.24287103498                                                 15019.795179008977                                              789.44769202600207
                       3       7676.6727315657963     0.022418441466105148      0.12127141182179293       58.341578143864339       3.1973766598435169      0.98940045600386717      0.14146441753602113        3.673208722913607   2.4468257367111096e-09       2.1045919762829826       2.1045919762829826       15349.136279179027                                                  14526.97195610732                                              822.16432307170646
                       1       7636.3791039007347     0.022344796862113041      0.12089709946701162       58.219729634223476       3.2006340635172328      0.99238814221089411        0.144412407042735       3.6899357797183971   2.4548090312022029e-09       2.1045919762829826       2.1045919762829826       15268.549023848904                                                 14436.173544882624                                              832.37547896627905
                       1       7623.7573083287725     0.022344796862113041      0.12089709946701162       58.219729634223476       3.2040188538914847      0.99201792385265108        0.144412407042735       3.6899357797183971   2.4631321231961393e-09       2.1045919762829826       2.1045919762829826       15243.305432704979                                                   14410.9299537387                                              832.37547896627905
                       1       7545.3177827636364     0.022344796862113041      0.12089709946701162       58.219729634223476       3.1704595902203807       1.0266783609684935        0.144412407042735       3.6899357797183971   2.3818428558142151e-09       2.1045919762829826       2.1045919762829826       15086.426381574707                                                 14254.050902608427                                              832.37547896627905
                       4       7306.7893151209673     0.022650688606701538      0.12254232989893302       57.576732054660674        3.201571450345658       1.0118078048414376      0.15437986720475311       3.7300524962141415     2.45711121570449e-09       2.1045919762829826       2.1045919762829826       14609.369446289369                                                 13610.147412495524                                              999.22203379384473
                       1       7280.9997333752881     0.022650688606701538      0.12254232989893302       57.576732054660674       3.1785168882420365       1.0347863619927211      0.15437986720475311       3.7300524962141415   2.4011115962926744e-09       2.1045919762829826       2.1045919762829826       14557.790282798011                                                 13558.568249004165                                              999.22203379384473
                       4       7275.2986730807988     0.022253226015052904      0.12159250323807655       57.038757777797812       3.1750647718373468       1.0540995147883678      0.15863872475799848       3.8176899792661496   2.3928369702652141e-09       2.1045919762829826       2.1045919762829826       14546.388162209032                                                 13495.420048739492                                              1050.9681134695406
                       1       7184.6759393046732     0.022298201583670896      0.12127821879870404       56.949341023136604       3.1509996117408594        1.051532112270595      0.14632978601593782       3.8213316722963686   2.3359403247942676e-09       2.1045919762829826       2.1045919762829826       14365.142694656781                                                 13294.287415546958                                              1070.8552791098234
                       2       7146.8312789658858     0.022293340389940478      0.12069090709976235       56.976595323307755       3.1600986082371132       1.0519614538783191      0.15174744301434281        3.830329978338928   2.3572920298579503e-09       2.1045919762829826       2.1045919762829826       14289.453373979206                                                  13230.73574776725                                              1058.7176262119565
                       1       6722.4256561868178      0.02209212785054529      0.12191618902170309       55.087091155949125       3.1645728519659051       1.0566422342351909      0.15442157208728466       3.9805283349204652    2.367862759314977e-09       2.1045919762829826       2.1045919762829826        13440.64212842107                                                 11970.107255261053                                              1470.5348731600166
                       3       6713.6043458589802      0.02209212785054529      0.12191618902170309       55.087091155949125       3.1526407659342226       1.0735482904922367      0.15442157208728466       3.9805283349204652   2.3397771105711203e-09       2.1045919762829826       2.1045919762829826       13422.999507765395                                                 11952.464634605378                                              1470.5348731600166
                       1       6622.7925439269011     0.021800256821046259      0.12207850754998317       54.474073019192041       3.1627753054856731       1.0825007200746697      0.16230511888987789       4.0110303043105864   2.3636102391426845e-09       2.1045919762829826       2.1045919762829826       13241.375903901237                                                 11656.621259420419                                              1584.7546444808181
                       1       6585.3762287336576     0.021883597948715399      0.12212900067528312       54.490823471597913       3.1681686459827545        1.078526471169853      0.16397119573307301       4.0067510893078344   2.3763924323407261e-09       2.1045919762829826       2.1045919762829826        13166.54327351475                                                 11572.978347305027                                              1593.5649262097229
                       1       6214.9982903237869      0.02251310851832795      0.11684776592977725       54.060619985187955       3.1573858124351819       1.0747874990516226      0.16059646870630256       4.3443401999111479   2.3509058440609028e-09       2.1045919762829826       2.1045919762829826       12425.787396695008                                                 10679.254450108545                                              1746.5329465864636
                       1       6212.6665768792245      0.02251310851832795      0.11684776592977725       54.060619985187955       3.1509332703424322       1.0742630104720203      0.16059646870630256       4.3443401999111479   2.3357853603868127e-09       2.1045919762829826       2.1045919762829826       12421.123969805883                                                  10674.59102321942                                              1746.5329465864636
                       1       6045.5230275061067     0.022582125113899131      0.11977209923360975       53.102898651017519       3.1375191949272558       1.0641046415505779      0.14860842438357183       4.3392856632088197   2.3046621705012017e-09       2.1045919762829826       2.1045919762829826       12086.836871059648                                                 10012.443139763813                                              2074.3937312958351
                       1       5981.1458705077985     0.022379929457556496      0.11876084141932375       53.038924742210199       3.1024465906076713       1.0713642257588885      0.13436476024819205       4.3379994428991431    2.225232707108089e-09       2.1045919762829826       2.1045919762829826       11958.082557063031                                                 9912.5901223368164                                              2045.4924347262147
                       1       5960.1752886584309     0.022379929457556496      0.11876084141932375       53.038924742210199       3.1209358035851626       1.0527468942969549      0.13436476024819205       4.3379994428991431   2.2667582125568651e-09       2.1045919762829826       2.1045919762829826       11916.141393364296                                                 9870.6489586380812                                              2045.4924347262147
                       1       5775.3565128440268       0.0222197473525656      0.11924470372724698       52.227046497737618       3.1203427071921013       1.0553212953169517      0.13486508568093616       4.3779500830451834   2.2654142050394585e-09       2.1045919762829826       2.1045919762829826       11546.503841735488                                                 9266.9915530153594                                              2279.5122887201283
                       2       5762.9751566339301       0.0222197473525656      0.11924470372724698       52.227046497737618       3.1345971847521157       1.0413853874511183      0.13486508568093616       4.3779500830451834   2.2979377533808627e-09       2.1045919762829826       2.1045919762829826       11521.741129315295                                                 9242.2288405951658                                              2279.5122887201283
                       1       5761.5241891137321       0.0222197473525656      0.11924470372724698       52.227046497737618       3.1380108609611508       1.0429196940699335      0.13486508568093616       4.3779500830451834   2.3057955732150165e-09       2.1045919762829826       2.1045919762829826       11518.839194274899                                                 9239.3269055547698                                              2279.5122887201283
                       1       5741.5037641644985     0.022302127585537859      0.11921679296125229       52.389350826251828       3.1354681023270832       1.0384671457059778       0.1325764005574466       4.3525778417805938   2.2999399394994486e-09       2.1045919762829826       2.1045919762829826       11478.798344376431                                                   9237.03450379692                                              2241.7638405795115
                       1       5695.6652722393637     0.022490177170854268      0.11932898044679453       52.344567250585889       3.1321508326500171       1.0320626667106325      0.12879954823652578       4.3723268710434109   2.2923230590871415e-09       2.1045919762829826       2.1045919762829826       11387.121360526162                                                 9094.0762832711844                                              2293.0450772549771
                       1       5684.1168557594938     0.022457849498227937       0.1166776854578975       52.632034549968303       3.1195069094204424       1.0407220746434167      0.12692529455147936       4.4418734091691814   2.2635215679361155e-09       2.1045919762829826       2.1045919762829826       11364.024527566422                                                 9203.9750900120926                                               2160.049437554329
                       3       5682.9618214769243     0.022468472359380615      0.11673183860512293       52.637469965563604       3.1213428752051708        1.040116508619338      0.12764536695464293       4.4396357754547875   2.2676811333292998e-09       2.1045919762829826       2.1045919762829826       11361.714459001283                                                 9200.7652139740203                                              2160.9492450272637
                       6       5657.5663323474228     0.022675849061572814      0.11561126437193629       52.838501682174225       3.1267775510857403       1.0366753020670769      0.13002286573629968       4.4866930229827551   2.2800387948158357e-09       2.1045919762829826       2.1045919762829826        11310.92348074228                                                 9190.0520938469253                                              2120.8713868953555
                       2       5655.7205344038293     0.022675849061572814      0.11561126437193629       52.838501682174225       3.1259675685279462       1.0357549187715855      0.13002286573629968       4.4866930229827551   2.2781927508935577e-09       2.1045919762829826       2.1045919762829826       11307.231884855093                                                 9186.3604979597385                                              2120.8713868953555
                       1       5623.4288603636496     0.022233026130100104      0.11499557160749721       52.187270871370998       3.1162244037952203       1.0547020895943988      0.13096120786977597        4.558958426256015   2.2561037268695726e-09       2.1045919762829826       2.1045919762829826       11242.648536774734                                                 9002.4525812006341                                                 2240.1959555741
                       1       5608.5533315090152     0.022271797851736379      0.11493131879908838        52.16468278440469       3.1166782482740594       1.0536427057387043      0.13089631866062185        4.568318822784355   2.2571278794751242e-09       2.1045919762829826       2.1045919762829826       11212.897479065465                                                 8958.8802534259576                                              2254.0172256395072
                       6       5597.4185393993712     0.022271797851736379      0.11493131879908838        52.16468278440469       3.1282056852850291       1.0426762466122652      0.13089631866062185        4.568318822784355   2.2832973224479602e-09       2.1045919762829826       2.1045919762829826       11190.627894846177                                                 8936.6106692066696                                              2254.0172256395072
                       1       5557.3517271308419     0.022626544906410764      0.11448383481210625       52.527247898788353       3.1105701534852725       1.0306165424728342      0.11885159272554925       4.5641505113409941   2.2433831482308045e-09       2.1045919762829826       2.1045919762829826       11110.494270309118                                                 8913.8275765773833                                              2196.6666937317341
