#                 weight             minuslogpost                 omegabh2                 omegach2                       H0                     logA                       ns                      tau               mnu_sample                 A_planck               TT_tSZ_Amp               TT_kSZ_Amp                       As                      mnu                chi2__CMB            minuslogprior         minuslogprior__0                     chi2 chi2__sbt_spt_audit.likelihoods.candl_cobaya.CandlCobayaLikelihood chi2__sbt_spt_audit.likelihoods.desi_dr2_bao.DESIDR2BAOGaussian chi2__planck_2018_lowl.TT chi2__planck_2018_lowl.EE_sroll2 chi2__planck_2018_highl_plik.TT_lite_native chi2__planckpr4lensing.PlanckPR4Lensing
                       2       948.48445664703308     0.022082385706092771      0.11740452661919853       68.262748044457481       3.0477329981375223      0.95861758197047375     0.053016115848342767     0.039743613636295291       1.0103275885751357       1.2945370469605222       2.7736641683303844    2.106753011544713e-09     0.039743613636295291       493.59545342207832       5.7934714303969193       5.7934714303969193       1885.3819704332723                                                 1380.8675313067095                                              10.918985704484724        24.135700212260701               390.12668061101084                          69.696500873105663                      9.6365717257011418
                       6       948.65985371446243     0.022063488025964986      0.11722840218281363       68.299704214979258       3.0430880970210561      0.96216360464392392     0.052315411433901296     0.036561751020998304       1.0089274187974016       1.2846364000008925       2.7322316321857603   2.0969900436924921e-09     0.036561751020998304       493.78923663105689       5.7934714303969193       5.7934714303969193        1885.732764568131                                                 1381.2584319703251                                              10.685095966748779        23.277628729816399               390.38264257087638                          70.037644062434708                      10.091321267929404
                       3       948.81758016428523     0.022094284912696972      0.11732927192441309       68.372678153999374       3.0374902799260206      0.96125247654716339     0.049704655520391348     0.030130000389244009       1.0083137058653993        1.289272824319061       2.8140641987793478     2.08528427093245e-09     0.030130000389244009       494.42008141754457       5.7934714303969193       5.7934714303969193       1886.0482174677766                                                 1381.0702358777776                                              10.557900172454234        23.456334687858657               391.26579776930873                          69.279930903782741                      10.418018056594386
                      24       948.26642777908557     0.022086259778255582      0.11739536674338832       68.484238277799335        3.043423777293834      0.95829549031655592     0.051075487714292378     0.020759845124666915       1.0097876339971863       1.2804443817933473       2.9046118681524602   2.0976940800413168e-09     0.020759845124666915       493.53759738544022       5.7934714303969193       5.7934714303969193       1884.9459126973773                                                 1381.0754721920423                                              10.332843119894711        24.235223904739939               390.60437311272995                          69.001360020625725                      9.6966403473446068
                      19       948.62204699633219     0.022086259778255582      0.11739536674338832       68.484238277799335        3.043423777293834      0.95829549031655592     0.051075487714292378     0.020759845124666915       1.0099130943057411       1.1401964328120773       3.1414064703801565   2.0976940800413168e-09     0.020759845124666915       493.80479836800026       5.7934714303969193       5.7934714303969193       1885.6571511318705                                                 1381.5195096439752                                              10.332843119894711        24.214395774231775               390.60437311272995                          69.230012379061193                      9.7560171019773811
                       1       949.31039848967771     0.022086259778255582      0.11739536674338832       68.484238277799335        3.043423777293834      0.95829549031655592     0.051075487714292378     0.020759845124666915       1.0097571217509478       1.1538425745503726         3.23915956292285   2.0976940800413168e-09     0.020759845124666915       493.47589875785081       5.7934714303969193       5.7934714303969193       1887.0338541185615                                                 1383.2251122408159                                              10.332843119894711        24.240296311552015               390.60437311272995                          68.948853030277917                      9.6823763032909316
                       2       951.55658118725978     0.022029319654598603       0.1168383148465317       68.479238344093162       3.0471375724443921      0.96011632203705988     0.051698432414877364      0.04847081453105595       1.0118046123264826       1.0989458575273281       3.2326015166719535   2.1054989700538718e-09      0.04847081453105595       494.11542923822691       5.7934714303969193       5.7934714303969193       1891.5262195137257                                                 1387.1226601427879                                              10.288130132710661        23.761906075966465               390.51770463308998                          68.959680266762135                      10.876138262408366
                       1       951.96903558062343     0.022029319654598603       0.1168383148465317       68.479238344093162       3.0471375724443921      0.96011632203705988     0.051698432414877364      0.04847081453105595        1.011854388097722       1.0447038841822527       3.3231308392852967   2.1054989700538718e-09      0.04847081453105595       494.21972121109405       5.7934714303969193       5.7934714303969193        1892.351128300453                                                 1387.8432769566484                                              10.288130132710661        23.754069416256982               390.51770463308998                          69.040473485175767                      10.907473676571326
                       1       951.73341954269279     0.022029319654598603       0.1168383148465317       68.479238344093162       3.0471375724443921      0.96011632203705988     0.051698432414877364      0.04847081453105595       1.0118226764812139       1.0760348253548464       3.2733271824456063   2.1054989700538718e-09      0.04847081453105595       494.15288362795604       5.7934714303969193       5.7934714303969193       1891.8798962245917                                                 1387.4388824639248                                              10.288130132710661        23.759061036587809               390.51770463308998                          68.988628787570789                      10.887489170707475
                       2       950.31666660521887     0.022104881153815845        0.117171457147125       68.391447337478866       3.0408800193814081      0.96284005880103951     0.050058443844282381     0.049188899884893042       1.0097189377704352       1.0881474055898332       3.0792255563874198   2.0923648351554493e-09     0.049188899884893042       494.37063488904738       5.7934714303969193       5.7934714303969193       1889.0463903496438                                                 1384.2512791924423                                              10.424476268154123        23.134936166623561               391.20461275751131                          69.045732294090101                      10.985353670822418
                       2       949.51356707178547     0.022104881153815845        0.117171457147125       68.391447337478866       3.0408800193814081      0.96284005880103951     0.050058443844282381     0.049188899884893042       1.0089769277614158       1.0881474055898332       3.0792255563874198   2.0923648351554493e-09     0.049188899884893042       492.76443582218064       5.7934714303969193       5.7934714303969193       1887.4401912827771                                                 1384.2512791924423                                              10.424476268154123        23.243630452501066               391.12410174833309                          67.867325589287049                      10.529378032059432
                       1       949.17418095822518     0.022128651069374027      0.11699051195355753       68.418311384139571       3.0407847948407194      0.96306143313180292     0.050702283444574628     0.053937522820039316       1.0083836672507991       1.0876902828382853       3.1006335409445862   2.0921656001612494e-09     0.053937522820039316       492.79482504317178       5.7934714303969193       5.7934714303969193       1886.7614190556565                                                 1383.5988240605786                                              10.367769951906153        23.228736585312049               390.91714947737165                           67.78340616097546                       10.86553281951265
                       7       948.11621124100861      0.02213279953207491      0.11715849151307767        68.51924204231598       3.0446505225659259      0.96498204457738845     0.053412133234603386     0.036907082207071361       1.0073826047571786       1.0723054370413363       3.0367315299241464   2.1002689953960053e-09     0.036907082207071361       490.98219288459967       5.7934714303969193       5.7934714303969193       1884.6454796212233                                                 1383.3723409633228                                              10.290945773300999        22.946479820300397               390.28053498252643                          68.055570780235456                      9.6996073015373554
                       5       948.15908799456622     0.022265698973048947      0.11768838109476087       68.345665783700156       3.0523278972779733       0.9604293371213789     0.057543287224253802      0.03937590721208075       1.0063186311379133       1.1346646430580574       2.9690136861850895   2.1164556032908651e-09      0.03937590721208075       491.30044021680254       5.7934714303969193       5.7934714303969193       1884.7312331283385                                                  1382.205199976861                                               11.22559293467493        24.174984139792741               390.04061607026574                          68.434314722939149                      8.6505252838049298
                       9       946.46846374061658     0.022265698973048947      0.11768838109476087       68.345665783700156       3.0523278972779733       0.9604293371213789     0.057543287224253802      0.03937590721208075       1.0065648095171784       1.3237389032485782       2.3008267620181155   2.1164556032908651e-09      0.03937590721208075       491.67372981951564       5.7934714303969193       5.7934714303969193       1881.3499846204393                                                 1378.4506618662485                                               11.22559293467493        24.134277536002344               390.04307074536916                          68.782199972199379                      8.7141815659447452
                       2       946.02088214742832     0.022265698973048947      0.11768838109476087       68.345665783700156       3.0523278972779733       0.9604293371213789     0.057543287224253802      0.03937590721208075       1.0057679188854809       1.3237389032485782       2.3008267620181155   2.1164556032908651e-09      0.03937590721208075       490.77856663313895       5.7934714303969193       5.7934714303969193       1880.4548214340628                                                 1378.4506618662485                                               11.22559293467493        24.266728425396764               390.04186641144759                          67.945189750987794                      8.5247820453068108
                       7        946.5146466541787     0.022336502100207795      0.11743831007400295       68.398263673799633       3.0461281203842621      0.96558893629886311     0.057011748579641031     0.054384888232475948       1.0030282392047347       1.2867009124391235       2.2258593056472304    2.103374642164921e-09     0.054384888232475948       489.83094488172321       5.7934714303969193       5.7934714303969193       1881.4423504475635                                                 1380.6056493847925                                               11.00575618104771         23.12518460605952               390.06580796210022                          67.450378284572622                      9.1895740289908225
                       5       946.60262065588802     0.022336502100207795      0.11743831007400295       68.398263673799633       3.0461281203842621      0.96558893629886311     0.057011748579641031     0.054384888232475948       1.0030280859830054       1.3621425679870089       2.0419088903873464    2.103374642164921e-09     0.054384888232475948       489.83081945817275       5.7934714303969193       5.7934714303969193       1881.6182984509821                                                 1380.7817228117617                                               11.00575618104771        23.125207045840966               390.06580796210022                          67.450288346389783                      9.1895161038418092
                       1       946.76272407921795     0.022336502100207795      0.11743831007400295       68.398263673799633       3.0461281203842621      0.96558893629886311     0.057011748579641031     0.054384888232475948       1.0033351206615115       1.3621425679870089       2.0419088903873464    2.103374642164921e-09     0.054384888232475948       490.15102630483261       5.7934714303969193       5.7934714303969193        1881.938505297642                                                 1380.7817228117617                                               11.00575618104771        23.080421847963407               390.06830495408707                          67.693097746901273                      9.3092017558808351
                       6       947.00595999368591     0.022351469156853532      0.11740914559914774       68.432953461212449       3.0448990872157808      0.96605425786828492     0.056766455709102687      0.05501071361349482       1.0028654823435952       1.3548313113715131       2.0608503168070857   2.1007911129107372e-09      0.05501071361349482       490.07198249757596       5.7934714303969193       5.7934714303969193       1882.4249771265779                                                 1381.4781581796324                                              10.874836449369484        22.999486186950662               390.00660114480041                          67.625362902578033                      9.4405322632468565
                       1       947.29038622032965     0.022351469156853532      0.11740914559914774       68.432953461212449       3.0448990872157808      0.96605425786828492     0.056766455709102687      0.05501071361349482       1.0031175476187661       1.2873631048048411       2.0136859229844188   2.1007911129107372e-09      0.05501071361349482       490.41177251723616       5.7934714303969193       5.7934714303969193       1882.9938295798654                                                 1381.7072206132598                                              10.874836449369484        22.963471046684617               390.00118023351433                          67.896781786289125                      9.5503394507480728
                       3       946.34513870804722      0.02228790522921547      0.11730653390232208       68.540438451131635       3.0493463913091658       0.9670665129454904     0.058274912037795466     0.046152089994187809       1.0041239312459835       1.2556417695665916       2.0325447900254945   2.1101547759216774e-09     0.046152089994187809       489.98833194975435       5.7934714303969193       5.7934714303969193       1881.1033345553005                                                 1380.7174552039294                                              10.397547401616732        22.788989276582527               390.14289381204753                          67.862709040104377                      9.1937398210199124
                      15       945.97687247906708     0.022291289225821201      0.11745353207345936       68.591639606083277       3.0523186016782211      0.96487536169344945       0.0584967009904164     0.035561083689974064        1.005235432206032        1.264416118201253        2.013650459014042   2.1164359296581226e-09     0.035561083689974064        489.8401184812962       5.7934714303969193       5.7934714303969193       1880.3668020973403                                                 1380.1735354764296                                               10.35314813961447        23.279964916153631               390.17612239062441                          67.624859575662128                      8.7591715988560281
                       4       947.33703481021621     0.022279884725492187      0.11743689595152401       68.659290587556896       3.0559484507520946      0.96141060863432048     0.057492054281625758     0.039691751190167178       1.0080051319202095       1.2455694355117195       2.0827865880422878   2.1241322324156102e-09     0.039691751190167178        490.4184776955417       5.7934714303969193       5.7934714303969193       1883.0871267596385                                                  1382.389155555293                                              10.279493508803782        24.067193168478468               389.97517501370072                          67.598246891102733                      8.7778626222597609
                       3       947.23382708625491     0.022279884725492187      0.11743689595152401       68.659290587556896       3.0559484507520946      0.96141060863432048     0.057492054281625758     0.039691751190167178       1.0074923149500985       1.2455694355117195       2.0827865880422878   2.1241322324156102e-09     0.039691751190167178       490.21206224761903       5.7934714303969193       5.7934714303969193       1882.8807113117159                                                  1382.389155555293                                              10.279493508803782        24.151438308996319               389.99987513312868                          67.418483376721341                      8.6422654287727063
                       1       947.44902957564659     0.022285170827762397      0.11744657582654178        68.67747840606178        3.056088017017486       0.9613596434662931     0.057593734313630629     0.038959641129758582       1.0073991019786119       1.2425598006205636       2.0957888618621392   2.1244287103071608e-09     0.038959641129758582       490.27114341687883       5.7934714303969193       5.7934714303969193       1883.3111162904993                                                 1382.7605563127352                                              10.279416560885519        24.182533700936006               390.01434779695575                          67.448487861184191                      8.6257740578028663
                       2       948.27738774600436     0.022285170827762397      0.11744657582654178        68.67747840606178        3.056088017017486       0.9613596434662931     0.057593734313630629     0.038959641129758582       1.0068337984462159       1.4794634197145666        1.992713870202361   2.1244287103071608e-09     0.038959641129758582       490.49414618097541       5.7934714303969193       5.7934714303969193       1884.9678326312148                                                 1384.1942698893538                                              10.279416560885519        24.276646254251034               390.03683006319301                          67.678340027357237                      8.5023298361740967
                       2       947.97471793607349     0.022285170827762397      0.11744657582654178        68.67747840606178        3.056088017017486       0.9613596434662931     0.057593734313630629     0.038959641129758582       1.0068293402720307       1.3760986429026725       2.2486718102823993   2.1244287103071608e-09     0.038959641129758582       490.49751396340662       5.7934714303969193       5.7934714303969193       1884.3624930113531                                                  1383.585562487061                                              10.279416560885519        24.277392946753821               390.03683006319301                          67.681837986606183                      8.5014529668535861
                       4       948.26278075380401     0.022316170661880352      0.11756781745049062       68.679362215885774       3.0556223681964414      0.96038752854685683      0.05712471099650563     0.036532145377538058       1.0068206263467168       1.3865643309165601       2.2197928896363428   2.1234397028657575e-09     0.036532145377538058        491.0759329751026       5.7934714303969193       5.7934714303969193       1884.9386186468141                                                 1383.5784804451075                                              10.284205226604096        24.537584211521676               389.93491645151613                            68.1607513830307                      8.4426809290341058
                       1        949.0745546026227     0.022316170661880352      0.11756781745049062       68.679362215885774       3.0556223681964414      0.96038752854685683      0.05712471099650563     0.036532145377538058       1.0069082387161483       1.5702485727424556        1.697986721841463   2.1234397028657575e-09     0.036532145377538058       491.00665812918243       5.7934714303969193       5.7934714303969193       1886.5621663444515                                                 1385.2713029886647                                              10.284205226604096        24.522524100473163               389.93491645151613                          68.091157575732836                      8.4580600014603142
                       3       949.01490047025516     0.022347241987352207       0.1178101900974203       68.624673921012544       3.0593080312642882      0.96005706804960877     0.058396702126024588      0.02462053003247295       1.0074232861937162       1.6048658906077622       1.4121070601085119   2.1312804264122395e-09      0.02462053003247295        491.2790013648405       5.7934714303969193       5.7934714303969193       1886.4428580797164                                                 1384.7289530126684                                              10.434903702207498        24.639105921749831               390.09916258908305                          68.306417480898133                      8.2343153731094798
                       4       948.96199306607991     0.022386857420663236       0.1173125855538892        68.69830560175474       3.0578189123743322      0.96384150311631889     0.061257321043149314     0.034163086356224365       1.0041403954487915       1.5894214327453733       1.4918458745091974   2.1281090583275723e-09     0.034163086356224365       490.67170438458612       5.7934714303969193       5.7934714303969193       1886.3370432713659                                                 1385.3556919653367                                               10.30964692144323        23.841140507901912               390.72048485498607                          67.781606585953867                      8.3284724357442705
                       1       947.59565976051135     0.022386857420663236       0.1173125855538892        68.69830560175474       3.0578189123743322      0.96384150311631889     0.061257321043149314     0.034163086356224365       1.0046567683690588       1.2441730523280337       1.9003963273760998   2.1281090583275723e-09     0.034163086356224365       490.65994197306213       5.7934714303969193       5.7934714303969193       1883.6043766602288                                                 1382.6347877657236                                               10.30964692144323        23.758772599363908               390.72279436791479                          67.776310880700194                      8.4020641250832302
                       6       948.20163967570409     0.022405247444541778      0.11699556640364188       68.713501731627332       3.0529213708207106      0.96422740545555574     0.060210749817963774     0.046708939230790052       1.0033902466978812       1.2411894570632382       2.0550987589234215   2.1177120364888492e-09     0.046708939230790052       490.94064680953852       5.7934714303969193       5.7934714303969193       1884.8163364906143                                                 1383.5800999589262                                              10.295589722149515        23.640195372001131                390.4272074776689                          67.922980508341439                      8.9502634515270483
                       2       948.69954431218571     0.022399951098137208      0.11690030863891236       68.696324850767482       3.0547786084073554      0.96434914621868961     0.061281643319288842     0.052528965693753281       1.0033938289177771       1.2355329086033309       2.0829365887713838   2.1216487854882159e-09     0.052528965693753281       491.25981039428905       5.7934714303969193       5.7934714303969193       1885.8121457635775                                                 1384.2590902569284                                              10.293245112360102        23.636906421409378               390.72206363002857                          67.889306887244615                      9.0115334556064752
                       1       947.76602305311746     0.022292184898541328      0.11669087667617455       68.749760513723686        3.040057954800738      0.97123649900881392     0.056114743407437204     0.049786659302598277       1.0014680229736905       1.1886108600161993       2.1944643187355504   2.0906454829407343e-09     0.049786659302598277       490.66659195904782       5.7934714303969193       5.7934714303969193        1883.945103245441                                                 1382.8404914267792                                              10.438019859614183        22.047293452804865               390.13664514455252                           68.04141347714949                      10.441239884540948
                       1       947.77845020037307     0.022293935086534215      0.11669722548667928       68.765869970248659       3.0400343130746594      0.97106515513639313      0.05594518077899352      0.04923150896217799       1.0015850644593656       1.1858366069735111       2.2016433830650421   2.0905960570571578e-09      0.04923150896217799       490.60181120724218       5.7934714303969193       5.7934714303969193       1883.9699575399522                                                  1382.896870629505                                              10.471275703205267        22.079068870871936               390.12278575433345                          67.954622749639626                      10.445333832397155
                       4        947.7230991920253     0.022293935086534215      0.11669722548667928       68.765869970248659       3.0400343130746594      0.97106515513639313      0.05594518077899352      0.04923150896217799       1.0011328258014336       1.2308909193638575        2.471686130018568   2.0905960570571578e-09      0.04923150896217799       490.43245019093507       5.7934714303969193       5.7934714303969193       1883.8592555232567                                                 1382.9555296291164                                              10.471275703205267        22.134596485967506               390.11794855011675                          67.990428481745809                      10.189476673105005
                       5       947.92424221327644     0.022314449842268842      0.11669316698595869       68.758616076424943       3.0389891525173343      0.97132581813755114     0.055490866023271766     0.052068975215737411       1.0009988294252763       1.2316147271600995       2.4276680355635252   2.0884121899616952e-09     0.052068975215737411       490.57052877398922       5.7934714303969193       5.7934714303969193        1884.261541565759                                                 1383.2599483148465                                              10.431064476923398        22.083979513364795                390.1658737101796                          67.961265718568029                       10.35940983187678
                       9       949.08951489270066     0.022314449842268842      0.11669316698595869       68.758616076424943       3.0389891525173343      0.97132581813755114     0.055490866023271766     0.052068975215737411       1.0027466722694041       1.2316147271600995       2.4276680355635252   2.0884121899616952e-09     0.052068975215737411       492.90107413283766       5.7934714303969193       5.7934714303969193       1886.5920869246074                                                 1383.2599483148465                                              10.431064476923398        21.874890564018017               390.21118002121335                          69.338517990886913                      11.476485556719386
                      11       947.62860248900699     0.022207741260033487      0.11664017520922489       68.537229234030718       3.0465496982867513      0.96813871654663231     0.057213571966358873     0.059231071907519237       1.0056726525030983       1.2675862596413046       2.4357326603253169   2.1042615653751915e-09     0.059231071907519237       493.10715773891718       5.7934714303969193       5.7934714303969193       1883.6702621172201                                                 1380.2810046337243                                              10.282099744578778        22.347803765258845               390.12292421782621                           69.64490759870543                      10.991522157126713
                       3       949.02507561160701     0.022207277882693523      0.11661541350093073       68.680819623613104       3.0577883097720444      0.96101766764257124     0.061363186646879488      0.04032986813430664        1.007210017953952        1.300384832312492       2.6780266100076289   2.1280439336489327e-09      0.04032986813430664       493.41719636989632       5.7934714303969193       5.7934714303969193       1886.4632083624201                                                 1382.6476826099502                                              10.398329382573552        24.061713090205728               390.81845625817522                           69.11171449452327                      9.4253125269921103
                       2       948.47004138610885     0.022207277882693523      0.11661541350093073       68.680819623613104       3.0577883097720444      0.96101766764257124     0.061363186646879488      0.04032986813430664       1.0058819126231409        1.300384832312492       2.6780266100076289   2.1280439336489327e-09      0.04032986813430664       492.30712791889994       5.7934714303969193       5.7934714303969193       1885.3531399114238                                                 1382.6476826099502                                              10.398329382573552        24.281923097661263                390.8062392729658                          68.292536110029388                      8.9264294382434741
                       1       950.40130671671091     0.022198012251886893       0.1164868719727242        68.59323713959914       3.0576097181765816      0.96272187111026986     0.062868109887819393     0.037628174837389734       1.0047415542051534       1.3334950883698133       2.5589972625577659   2.1276639168225227e-09     0.037628174837389734       492.45351716302167       5.7934714303969193       5.7934714303969193       1889.2156705726279                                                 1386.4461418373478                                               10.31601157225842        23.853274178418701               391.25652864815783                          68.512806702260363                      8.8309076341847508
                       3       950.81946840082867     0.022272997703949658      0.11599384612100319       68.914500336394269       3.0591112112403049      0.96582109668313665      0.06468714375186263     0.033944152221758846       1.0037118737536497       1.2822132487623075        2.458958721228611   2.1308609890257904e-09     0.033944152221758846       492.52440660055947       5.7934714303969193       5.7934714303969193       1890.0519939408634                                                 1386.2632922655525                                              11.264295074751324        23.340538640372301               391.88254489450594                          68.318374785408537                      8.9829482802727174
                       1       950.90677560446113     0.022272997703949658      0.11599384612100319       68.914500336394269       3.0591112112403049      0.96582109668313665      0.06468714375186263     0.033944152221758846       1.0042174910227017       1.2822132487623075        2.458958721228611   2.1308609890257904e-09     0.033944152221758846       492.69902100782468       5.7934714303969193       5.7934714303969193       1890.2266083481284                                                 1386.2632922655525                                              11.264295074751324        23.264386037825375               391.88156714439089                          68.386426396725923                      9.1666414288825102
                       1       950.88346151695123     0.022270445983182945       0.1160209850086522       68.911011178118343       3.0599778618492874      0.96573923596099653     0.065007534552521631     0.033452537957248597       1.0043208642725627       1.2812710098965321        2.455876533609906   2.1327085014578373e-09     0.033452537957248597       492.69799784294651       5.7934714303969193       5.7934714303969193       1890.1799801731086                                                 1386.2419289595775                                              11.240053370584253        23.293522043632379               391.97026793115748                          68.356623673209896                       9.077584194946807
                       3       951.17591880395537     0.022241323639960724      0.11607478569852964       68.985840272446424        3.058390623332035      0.96531095587269611     0.064523197959295328     0.020085029851619175       1.0039366540772685       1.2831985102603294       2.5777504843293104   2.1293260694515534e-09     0.020085029851619175       492.45442616627719       5.7934714303969193       5.7934714303969193       1890.7648947471168                                                 1386.6129105831701                                              11.697557997669369        23.383155703355328               391.85297327414708                           68.26542742409508                      8.9528697646797166
                       2       951.63801264695235     0.022190749997233267      0.11555317409478005       69.149950066761136       3.0590545072178199       0.9644106850952503     0.063426694558992441     0.024348343889327113       1.0059617312022204       1.2513127709825436       2.6914077486180363   2.1307401640620192e-09     0.024348343889327113       493.31657731180348       5.7934714303969193       5.7934714303969193       1891.6890824331108                                                 1384.5745577445516                                              13.797947376755754        23.530084937626498               391.39232722602048                           68.80136793278858                      9.5927972153679253
                       2       951.07344729452132     0.022187326942917682      0.11541286309240077       69.298781421294294       3.0504227629117877      0.97062965086141562     0.060559475860634426     0.016136976109170566        1.004467007333794       1.2088482514740262       2.5243971584743177   2.1124273094254731e-09     0.016136976109170566       491.99683067798782       5.7934714303969193       5.7934714303969193       1890.5599517282487                                                 1382.9517275077465                                              15.611393542514538        22.187718094676768                 390.550778750522                          68.935316693194963                       10.32301713959405
                       1       948.83196631953081     0.022138894305005055      0.11605507298386313       69.199794288891084       3.0454445023655845      0.96966799460766684     0.056699559671112981    0.0049998007893482955       1.0051937884699589       1.2140820902724343       2.5723169504302144   2.1019372287363469e-09    0.0049998007893482955       491.30584658096484       5.7934714303969193       5.7934714303969193       1886.0769897782677                                                 1380.6727910058155                                              14.098352191487225        22.249546606441925               390.14213937229653                           68.77264763466782                      10.141512967558612
                       1       949.01326415141466     0.022131604129151751      0.11618071354685248       69.189089328817943       3.0440217195688799      0.97001937514869252     0.056483989692923967    0.0041078436321689404       1.0044817242838846       1.2075616903125157       2.6623133978535822   2.0989487550861302e-09    0.0041078436321689404       491.42631798253086       5.7934714303969193       5.7934714303969193       1886.4395854420354                                                 1381.0800392114518                                              13.933228248052886        22.192096826196178               390.12076744597908                           68.94315546391492                      10.170298246440655
                       1       950.33578111215024     0.022131604129151751      0.11618071354685248       69.189089328817943       3.0440217195688799      0.97001937514869252     0.056483989692923967    0.0041078436321689404       1.0018802835754204       1.2075616903125157       2.6623133978535822   2.0989487550861302e-09    0.0041078436321689404       494.07135190400186       5.7934714303969193       5.7934714303969193       1889.0846193635066                                                 1381.0800392114518                                              13.933228248052886         22.52853068614877               390.10871217455133                          72.430667998173703                      9.0034410451280706
                       3       950.25836174164328     0.022131604129151751      0.11618071354685248       69.189089328817943       3.0440217195688799      0.97001937514869252     0.056483989692923967    0.0041078436321689404       1.0019881903868213       1.1453298359012956       2.7234958154619697   2.0989487550861302e-09    0.0041078436321689404       493.76906847182016       5.7934714303969193       5.7934714303969193       1888.9297806224927                                                 1381.2274839026195                                              13.933228248052886        22.514174937504947               390.10871217455133                          72.104722546212585                      9.0414588135512677
                       3       953.62897017823366     0.022148165633371922      0.11571975807148251       69.252683913284812       3.0472913477444403      0.96717112523662874     0.059687045093105788    0.0064024829885141205       1.0008885335302575       1.1740580119345532       2.9802255379879199    2.105822768685221e-09    0.0064024829885141205       495.72499307859192       5.7934714303969193       5.7934714303969193       1895.6709974956734                                                 1385.0127175175319                                               14.93328689954952         23.19895530356996                390.3222482571224                          73.112214141370274                      9.0915753765292866
                       3       953.37138761259155     0.022148165633371922      0.11571975807148251       69.252683913284812       3.0472913477444403      0.96717112523662874     0.059687045093105788    0.0064024829885141205       1.0009179615654529       1.2006305823082426        2.890662155856992    2.105822768685221e-09    0.0064024829885141205       495.62670333675845       5.7934714303969193       5.7934714303969193       1895.1558323643892                                                 1384.5958421280814                                               14.93328689954952         23.19459152816313                390.3222482571224                          73.007365037980477                      9.1024985134924528
                       6       951.83827865469857     0.022148165633371922      0.11571975807148251       69.252683913284812       3.0472913477444403      0.96717112523662874     0.059687045093105788    0.0064024829885141205       1.0022042836243612       1.2006305823082426        2.890662155856992    2.105822768685221e-09    0.0064024829885141205       492.56048542097227       5.7934714303969193       5.7934714303969193       1892.0896144486032                                                 1384.5958421280814                                               14.93328689954952        23.006924656495357               390.33364696051666                          69.574401814784025                       9.645511989176228
                       3       950.26322378272766     0.022141995951352408      0.11602226495822456       69.149579624643081       3.0490532179002612       0.9674766910531446     0.060195889666094453    0.0080087605502817405        1.002340124139057        1.200044604898248       2.8346131042074978   2.1095362253284277e-09    0.0080087605502817405       491.63366123783049       5.7934714303969193       5.7934714303969193       1888.9395047046614                                                 1383.7176938232544                                              13.588149643576669        22.950342925599955               390.45262083357238                          68.991009650977944                      9.2396878276802266
                       1       950.01682063527062     0.022141995951352408      0.11602226495822456       69.149579624643081       3.0490532179002612       0.9674766910531446     0.060195889666094453    0.0080087605502817405       1.0033514043852678        1.200044604898248       2.8346131042074978   2.1095362253284277e-09    0.0080087605502817405       491.14085494291646       5.7934714303969193       5.7934714303969193       1888.4466984097473                                                 1383.7176938232544                                              13.588149643576669        22.807263415598413               390.45324922030409                          68.196877598324079                       9.683464708689888
