#                 weight             minuslogpost                 omegabh2                 omegach2                       H0                     logA                       ns                      tau                      mnu                       As            minuslogprior         minuslogprior__0                     chi2 chi2__sbt_spt_audit.likelihoods.candl_cobaya.CandlCobayaLikelihood chi2__sbt_spt_audit.likelihoods.desi_dr2_bao.DESIDR2BAOGaussian
                      11       1292.3451850274932     0.022876526655027693      0.11621316828525707       68.755408084690856                3.0111656                 1.027674     0.057775636382397133     0.051323895986644753   2.0311060705417641e-09       2.1045919762829826       2.1045919762829826       2580.4811861024205                                                 2569.3525206172817                                              11.128665485138583
                      35       1293.4426740001181     0.022876526655027693      0.11621316828525707       68.755408084690856       3.0093097367528854       1.0250470142715133     0.057775636382397133     0.051323895986644753   2.0273401110682442e-09       2.1045919762829826       2.1045919762829826       2582.6761640476702                                                 2571.5474985625315                                              11.128665485138583
                       9       1293.7683533874947     0.022876526655027693      0.11621316828525707       68.755408084690856       3.0165835086322028       1.0158028504699357     0.057775636382397133     0.051323895986644753   2.0421402818373234e-09       2.1045919762829826       2.1045919762829826       2583.3275228224234                                                 2572.1988573372846                                              11.128665485138583
                      46       1296.2301925793759     0.022876526655027693      0.11621316828525707       68.755408084690856       3.0359850366156946      0.99655177623762992     0.057775636382397133     0.051323895986644753   2.0821477719227889e-09       2.1045919762829826       2.1045919762829826       2588.2512012061857                                                 2577.1225357210469                                              11.128665485138583
                       8       1297.2474678620649     0.022945860569831788       0.1161867261050456       68.706880861101823       3.0359850366156946      0.99655177623762992     0.055412952195895863     0.056054272200386744   2.0821477719227889e-09       2.1045919762829826       2.1045919762829826       2590.2857517715638                                                 2578.6636159365976                                              11.622135834966389
                      15       1297.5303214547662     0.022945860569831788       0.1161867261050456       68.706880861101823       3.0365266298804978      0.99710458507888033     0.055412952195895863     0.056054272200386744   2.0832757545587145e-09       2.1045919762829826       2.1045919762829826       2590.8514589569663                                                 2579.2293231220001                                              11.622135834966389
                      16       1295.9009703663548     0.022945860569831788       0.1161867261050456       68.706880861101823       3.0307313638641267      0.99814006196567417     0.055412952195895863     0.056054272200386744    2.071237533414599e-09       2.1045919762829826       2.1045919762829826       2587.5927567801436                                                 2575.9706209451774                                              11.622135834966389
                       4       1293.1716299922764     0.022945860569831788       0.1161867261050456       68.706880861101823       3.0166886144346674       1.0174048259918047     0.055412952195895863     0.056054272200386744   2.0423549339107829e-09       2.1045919762829826       2.1045919762829826       2582.1340760319868                                                 2570.5119401970205                                              11.622135834966389
                      19       1293.3974505807805     0.022924425375905982      0.11609923096365618         68.7474085604549       3.0166886144346674       1.0174048259918047     0.057771374277551107     0.053015364814564411   2.0423549339107829e-09       2.1045919762829826       2.1045919762829826        2582.585717208995                                                 2571.2517415682883                                              11.333975640706596
                      10       1293.5253366047016     0.022924425375905982      0.11609923096365618         68.7474085604549       3.0239044465012745       1.0171181605831339     0.057771374277551107     0.053015364814564411   2.0571455231617928e-09       2.1045919762829826       2.1045919762829826       2582.8414892568371                                                 2571.5075136161304                                              11.333975640706596
                      19        1292.926662364714     0.022924425375905982      0.11609923096365618         68.7474085604549       3.0150597934079677       1.0214823738320633     0.057771374277551107     0.053015364814564411   2.0390310110230705e-09       2.1045919762829826       2.1045919762829826       2581.6441407768621                                                 2570.3101651361553                                              11.333975640706596
                      43       1293.5579605019034     0.022836047439517605      0.11530601460255364       69.058950275102177       3.0150597934079677       1.0214823738320633     0.055503093888678474     0.041486712851536878   2.0390310110230705e-09       2.1045919762829826       2.1045919762829826       2582.9067370512407                                                 2572.0101688275331                                              10.896568223707577
                       4       1292.9608832971846     0.022836047439517605      0.11530601460255364       69.058950275102177       3.0044207772664286       1.0295857660574623     0.055503093888678474     0.041486712851536878   2.0174527166293544e-09       2.1045919762829826       2.1045919762829826       2581.7125826418032                                                 2570.8160144180956                                              10.896568223707577
                      20       1293.7698572096047     0.022850300495637844      0.11530434319100973       69.007889136351167       3.0044207772664286       1.0295857660574623     0.057359688266065169      0.05051738263119214   2.0174527166293544e-09       2.1045919762829826       2.1045919762829826       2583.3305304666433                                                 2572.5470166730374                                              10.783513793605858
                      23       1293.3090750612673     0.022851773315644142      0.11537550294204015       69.015636932151807       3.0044207772664286       1.0295857660574623     0.056897338792560502     0.051128234673117008   2.0174527166293544e-09       2.1045919762829826       2.1045919762829826       2582.4089661699686                                                 2571.6446405677088                                              10.764325602259968
                       4       1293.2317686296008      0.02287968510090856       0.1154748997217557       68.988604616093838       3.0044207772664286       1.0295857660574623      0.05671712042742362     0.049952955985493888   2.0174527166293544e-09       2.1045919762829826       2.1045919762829826       2582.2543533066355                                                  2571.525067989819                                               10.72928531681627
                      29       1293.2118756346124     0.022880525222496319       0.1154730192044873       68.994698855888515       3.0044207772664286       1.0295857660574623     0.056689802087692004       0.0495725719563333   2.0174527166293544e-09       2.1045919762829826       2.1045919762829826       2582.2145673166588                                                  2571.481047789644                                              10.733519527014765
                      41       1292.6206929583514     0.022880525222496319       0.1154730192044873       68.994698855888515       3.0083042667108937       1.0286134982079411     0.056689802087692004       0.0495725719563333   2.0253027057682795e-09       2.1045919762829826       2.1045919762829826       2581.0322019641367                                                 2570.2986824371219                                              10.733519527014765
                      16       1291.7180676238772     0.022817069019582054      0.11635526690776131        69.10485984735891       3.0083042667108937       1.0286134982079411     0.054931574393721386     0.018434576848094172   2.0253027057682795e-09       2.1045919762829826       2.1045919762829826       2579.2269512951884                                                 2568.5445089047953                                              10.682442390393261
                      22       1291.7324378820033     0.022817069019582054      0.11635526690776131        69.10485984735891       3.0057348302550047       1.0311449434087698     0.054931574393721386     0.018434576848094172   2.0201054989675109e-09       2.1045919762829826       2.1045919762829826       2579.2556918114406                                                 2568.5732494210474                                              10.682442390393261
                       4       1292.4219309554899     0.022809542964149297      0.11660708162485893       69.026305876173581       3.0057348302550047       1.0311449434087698     0.056767371170475693     0.020962814748156249   2.0201054989675109e-09       2.1045919762829826       2.1045919762829826       2580.6346779584137                                                 2570.0759118140377                                              10.558766144376079
                       7        1292.292173544038     0.022786226714066507      0.11624834553996451       68.922320885214006       3.0057348302550047       1.0311449434087698     0.053496199346581952     0.025395165643856427   2.0201054989675109e-09       2.1045919762829826       2.1045919762829826       2580.3751631355099                                                 2569.7206867480982                                              10.654476387411899
                       4       1293.7524663556867     0.022581434831377888      0.11612716151774015       68.479945023330828       3.0057348302550047       1.0311449434087698     0.057930385733112787      0.05274471009103282   2.0201054989675109e-09       2.1045919762829826       2.1045919762829826       2583.2957487588073                                                 2571.9483735886083                                              11.347375170199216
                      11       1293.9021792890549     0.022514588159776618      0.11607627945202763       68.440801049170531       3.0057348302550047       1.0311449434087698     0.055517719353702435      0.03796431206054092   2.0201054989675109e-09       2.1045919762829826       2.1045919762829826       2583.5951746255437                                                 2572.1219879584346                                              11.473186667108999
                      13       1294.3547469312953     0.022485675527580368      0.11580413206114984       68.431120590953327       3.0057348302550047       1.0311449434087698     0.055129962473499113     0.046776723936195211   2.0201054989675109e-09       2.1045919762829826       2.1045919762829826       2584.5003099100245                                                 2573.2406008099156                                              11.259709100109029
                      13       1293.4969207596632     0.022621497737961665      0.11498084293956476       68.714771424673458       3.0057348302550047       1.0311449434087698     0.056390565359393706     0.071517597937820074   2.0201054989675109e-09       2.1045919762829826       2.1045919762829826       2582.7846575667604                                                 2572.1913307350324                                              10.593326831728024
                       2       1293.6766816084755     0.022621497737961665      0.11498084293956476       68.714771424673458       3.0009621599042293       1.0405613370123838     0.056390565359393706     0.071517597937820074    2.010487172156235e-09       2.1045919762829826       2.1045919762829826        2583.144179264385                                                 2572.5508524326569                                              10.593326831728024
                       6       1293.4137194731099     0.022649918986733453      0.11513332703840301       68.662672902008566       3.0009621599042293       1.0405613370123838     0.056748762656744223     0.075040376013082916    2.010487172156235e-09       2.1045919762829826       2.1045919762829826       2582.6182549936539                                                 2571.9763743297153                                              10.641880663938716
                      26       1293.3214360992131     0.022649918986733453      0.11513332703840301       68.662672902008566       3.0090551259126213       1.0298880370288561     0.056748762656744223     0.075040376013082916   2.0268239940063517e-09       2.1045919762829826       2.1045919762829826       2582.4336882458601                                                 2571.7918075819216                                              10.641880663938716
                       4       1294.7213409970789     0.022649918986733453      0.11513332703840301       68.662672902008566       3.0044076314573718       1.0271850804974465     0.056748762656744223     0.075040376013082916     2.01742619575548e-09       2.1045919762829826       2.1045919762829826       2585.2334980415917                                                 2574.5916173776532                                              10.641880663938716
                      11       1294.5189991322738     0.022624362258578983      0.11509022186824734       68.626523564007485       3.0044076314573718       1.0271850804974465     0.056204970679258968     0.076390976429829657     2.01742619575548e-09       2.1045919762829826       2.1045919762829826       2584.8288143119817                                                 2574.1686372705044                                              10.660177041477143
                       9       1292.8526288364217     0.022613504977731035      0.11567197029639628       68.672452251818768       3.0044076314573718       1.0271850804974465     0.053615376049248778     0.073583072743841307     2.01742619575548e-09       2.1045919762829826       2.1045919762829826       2581.4960737202773                                                 2570.9829379168013                                              10.513135803475841
                       1       1292.8455742983583     0.022616262484211041      0.11564278892843612       68.667158308314626       3.0044076314573718       1.0271850804974465     0.053691377097384724     0.073932291784656226     2.01742619575548e-09       2.1045919762829826       2.1045919762829826       2581.4819646441506                                                 2570.9548195329749                                              10.527145111175672
                      10       1293.5021623634984     0.022525592056158446      0.11529113905496889       68.623620693837182       3.0044076314573718       1.0271850804974465     0.053661708391088275     0.079783155103699155     2.01742619575548e-09       2.1045919762829826       2.1045919762829826       2582.7951407744308                                                 2572.3276213477152                                              10.467519426715413
                       9       1293.3360219979986      0.02261693630652294      0.11536586790989889       68.574189949907776       3.0044076314573718       1.0271850804974465     0.053248970477111753     0.078515161393129793     2.01742619575548e-09       2.1045919762829826       2.1045919762829826       2582.4628600434312                                                 2571.7235972449848                                              10.739262798446326
                      10       1295.3668568404566     0.023053955939165493       0.1154190626137168       68.953181171686097       3.0044076314573718       1.0271850804974465     0.057634717282198621     0.082008255838044497     2.01742619575548e-09       2.1045919762829826       2.1045919762829826       2586.5245297283473                                                 2575.7818610885161                                              10.742668639831026
                       8       1295.9687604799201       0.0230432610007846      0.11539630959595289       68.993648101326386       3.0044076314573718       1.0271850804974465     0.058033019423290172       0.0832026339914477     2.01742619575548e-09       2.1045919762829826       2.1045919762829826       2587.7283370072741                                                 2577.0561036533541                                              10.672233353920006
                       5       1292.9771392768487      0.02288807600177142      0.11528400388763671       69.039499569909353       3.0044076314573718       1.0271850804974465     0.054539975974979428     0.077079333312978462     2.01742619575548e-09       2.1045919762829826       2.1045919762829826       2581.7450946011313                                                 2571.0170575722718                                              10.728037028859305
                      10       1292.8706830797737      0.02288807600177142      0.11528400388763671       69.039499569909353        3.004962352515268       1.0272144871694819     0.054539975974979428     0.077079333312978462   2.0185456150030265e-09       2.1045919762829826       2.1045919762829826       2581.5321822069814                                                 2570.8041451781219                                              10.728037028859305
                      24       1293.0840679482631      0.02288807600177142      0.11528400388763671       69.039499569909353       3.0120312915519891       1.0202578547626189     0.054539975974979428     0.077079333312978462   2.0328651432055405e-09       2.1045919762829826       2.1045919762829826       2581.9589519439601                                                 2571.2309149151006                                              10.728037028859305
                       3       1293.3310831060562     0.022861058758011421       0.1151343451804876       69.059222773886759       3.0120312915519891       1.0202578547626189     0.055657772490348971     0.075292179205570242   2.0328651432055405e-09       2.1045919762829826       2.1045919762829826       2582.4529822595464                                                  2571.594845809565                                              10.858136449981535
                      12       1293.6095432611176     0.022910870564970029      0.11476249819793874       69.184241871677742       3.0120312915519891       1.0202578547626189     0.055371268916544696     0.069734383498045102   2.0328651432055405e-09       2.1045919762829826       2.1045919762829826       2583.0099025696691                                                  2571.626064521482                                              11.383838048186949
                       9       1293.1639136200608     0.022862526171774648      0.11511523082622234        69.01838318906583       3.0120312915519891       1.0202578547626189     0.055616785234596386     0.073798203551899005   2.0328651432055405e-09       2.1045919762829826       2.1045919762829826       2582.1186432875556                                                 2571.3443731055067                                              10.774270182048747
                      13       1293.6347180028954     0.022862526171774648      0.11511523082622234        69.01838318906583       3.0158275442992299       1.0235782463438385     0.055616785234596386     0.073798203551899005    2.040597079997595e-09       2.1045919762829826       2.1045919762829826       2583.0602520532248                                                 2572.2859818711759                                              10.774270182048747
                      44       1293.6162495024817     0.022927964547045529      0.11551195155387815       68.982010044521303       3.0158275442992299       1.0235782463438385     0.055016907847305715     0.070290919903681665    2.040597079997595e-09       2.1045919762829826       2.1045919762829826       2583.0233150523973                                                 2572.3932234690101                                              10.630091583387266
                      36       1293.1910130398508     0.022927964547045529      0.11551195155387815       68.982010044521303       3.0138200971710947       1.0249166706331529     0.055016907847305715     0.070290919903681665   2.0365047981436711e-09       2.1045919762829826       2.1045919762829826       2582.1728421271355                                                 2571.5427505437483                                              10.630091583387266
                      15       1293.5267897236361     0.022882723545920487       0.1147076097361744       68.958060261336044       3.0138200971710947       1.0249166706331529     0.058842356886197343     0.085185441267463552   2.0365047981436711e-09       2.1045919762829826       2.1045919762829826       2582.8443954947061                                                 2572.0681409628146                                              10.776254531891269
                       1       1292.8539174621792     0.022843534246296513      0.11501998719569875       68.907142017068963       3.0138200971710947       1.0249166706331529     0.057278151161315932     0.083663195296431847   2.0365047981436711e-09       2.1045919762829826       2.1045919762829826       2581.4986509717924                                                 2570.8575044658437                                              10.641146505948756
                      11       1293.7474520341616     0.022843534246296513      0.11501998719569875       68.907142017068963       3.0094853216670003        1.023722985158277     0.057278151161315932     0.083663195296431847   2.0276961126608682e-09       2.1045919762829826       2.1045919762829826       2583.2857201157572                                                 2572.6445736098085                                              10.641146505948756
                      21       1292.7065765859627     0.022730754176211173      0.11571612595022458       68.892811130057069       3.0094853216670003        1.023722985158277     0.055847800752263192      0.05497118776239128   2.0276961126608682e-09       2.1045919762829826       2.1045919762829826       2581.2039692193594                                                 2570.6483360190537                                              10.555633200305705
                      25       1292.6480890107939     0.022748918804530806      0.11571315707800175       68.907866956204003       3.0094853216670003        1.023722985158277     0.055761560459351288     0.055878062843302767   2.0276961126608682e-09       2.1045919762829826       2.1045919762829826       2581.0869940690218                                                 2570.5249194423491                                              10.562074626672739
                       6       1292.7901229790657     0.022752763309603741      0.11569661768489728       68.902322146093539       3.0094853216670003        1.023722985158277     0.056130025189602202     0.056120404476903411   2.0276961126608682e-09       2.1045919762829826       2.1045919762829826       2581.3710620055654                                                 2570.8059665342898                                              10.565095471275523
                       2       1292.9249895157238     0.022674011917891188      0.11621897259795896       68.761813379980566       3.0094853216670003        1.023722985158277     0.054045931425086825     0.014319878244816675   2.0276961126608682e-09       2.1045919762829826       2.1045919762829826       2581.6407950788816                                                 2570.7644611129858                                              10.876333965895997
                       4       1293.7280010314057     0.022664552960742247      0.11598802922057125       68.768970268269115       3.0094853216670003        1.023722985158277     0.054915253365833847     0.011978344420986418   2.0276961126608682e-09       2.1045919762829826       2.1045919762829826       2583.2468181102454                                                 2572.3632171492841                                              10.883600960961429
                      58       1293.6866826023777     0.022731708075367289      0.11611356371335183       68.831705909985445       3.0094853216670003        1.023722985158277     0.056413411137225804    0.0021461425198546248   2.0276961126608682e-09       2.1045919762829826       2.1045919762829826       2583.1641812521893                                                 2572.2084951905736                                              10.955686061615724
                       4       1293.7645472096156     0.022677278508601715      0.11590053296950904       68.810396481799231       3.0094853216670003        1.023722985158277     0.055413344088572104     0.011417808022747023   2.0276961126608682e-09       2.1045919762829826       2.1045919762829826       2583.3199104666651                                                   2572.48677969965                                              10.833130767014955
                       2       1292.9081095963616     0.022624176166730774      0.11682521027438152       68.560461494127196       3.0094853216670003        1.023722985158277     0.054654761331856164    0.0061922291308109598   2.0276961126608682e-09       2.1045919762829826       2.1045919762829826       2581.6070352401571                                                 2569.8168154180162                                              11.790219822140923
                      10       1293.3674341117971     0.022653561353130694      0.11756304030155522       68.397367101104081       3.0094853216670003        1.023722985158277     0.055778034444810075     0.013625111248466312   2.0276961126608682e-09       2.1045919762829826       2.1045919762829826       2582.5256842710282                                                 2569.0704788723615                                              13.455205398666942
                      33       1293.4303547526492     0.022655324293942607      0.11764202002932285       68.393840711832738       3.0094853216670003        1.023722985158277     0.055806602800670208     0.014344575158889409   2.0276961126608682e-09       2.1045919762829826       2.1045919762829826       2582.6515255527324                                                 2569.1304556250589                                              13.521069927673365
                      13       1293.3111177263554     0.022655324293942607      0.11764202002932285       68.393840711832738       3.0155472470044482       1.0274442392570466     0.055806602800670208     0.014344575158889409   2.0400251863102028e-09       2.1045919762829826       2.1045919762829826       2582.4130515001448                                                 2568.8919815724712                                              13.521069927673365
                       7       1292.5627935361899     0.022724274495382998      0.11789810154598399       68.490984240759957       3.0155472470044482       1.0274442392570466     0.057352906867709982      0.02132469029061676   2.0400251863102028e-09       2.1045919762829826       2.1045919762829826       2580.9164031198138                                                 2567.9273941725937                                              12.989008947220055
                      26       1292.8391448086447     0.022736356913655071       0.1178633424395726       68.381963350917403       3.0155472470044482       1.0274442392570466     0.057712892829595082     0.018997620924409334   2.0400251863102028e-09       2.1045919762829826       2.1045919762829826       2581.4691056647234                                                 2567.1592365409656                                              14.309869123757958
                       5       1293.0068585947058     0.022656247677818854      0.11824184028194897       68.413880081481622       3.0155472470044482       1.0274442392570466     0.058173266108983747    0.0065972018680576922   2.0400251863102028e-09       2.1045919762829826       2.1045919762829826       2581.8045332368456                                                 2568.0995647831505                                              13.704968453694901
                      12       1292.9573800919845     0.022656247677818854      0.11824184028194897       68.413880081481622       3.0153734722967767        1.028160738050248     0.058173266108983747    0.0065972018680576922   2.0396707123300072e-09       2.1045919762829826       2.1045919762829826        2581.705576231403                                                  2568.000607777708                                              13.704968453694901
                       5       1293.9427734088783     0.022642363328941154      0.11868649946337165       68.324977575565825       3.0153734722967767        1.028160738050248      0.05746734128289803    0.0058797937048455685   2.0396707123300072e-09       2.1045919762829826       2.1045919762829826       2583.6763628651906                                                 2568.7854120745837                                              14.890950790607016
                       5       1294.4358334166134     0.022642363328941154      0.11868649946337165       68.324977575565825       3.0115625829016119       1.0300512567167786      0.05746734128289803    0.0058797937048455685   2.0319125449908211e-09       2.1045919762829826       2.1045919762829826       2584.6624828806607                                                 2569.7715320900538                                              14.890950790607016
                      16       1295.1556305311572     0.022554829963341162      0.11815267266535807       68.391580851129888       3.0115625829016119       1.0300512567167786     0.052478944490417331      0.01582762998686019   2.0319125449908211e-09       2.1045919762829826       2.1045919762829826       2586.1020771097483                                                 2573.1251640604073                                              12.976913049340807
                      13       1294.7022510092818     0.022554829963341162      0.11815267266535807       68.391580851129888       2.9904659669751172       1.0436078208761137     0.052478944490417331      0.01582762998686019   1.9894950722060431e-09       2.1045919762829826       2.1045919762829826       2585.1953180659975                                                 2572.2184050166566                                              12.976913049340807
                      12       1294.4917596047151     0.022554829963341162      0.11815267266535807       68.391580851129888        3.015418214256512       1.0200754911785885     0.052478944490417331      0.01582762998686019   2.0397619732364727e-09       2.1045919762829826       2.1045919762829826       2584.7743352568641                                                 2571.7974222075231                                              12.976913049340807
                       4       1294.8920428899785     0.022554829963341162      0.11815267266535807       68.391580851129888        3.016257746705842       1.0210750677866161     0.052478944490417331      0.01582762998686019   2.0414751386302618e-09       2.1045919762829826       2.1045919762829826       2585.5749018273909                                                   2572.59798877805                                              12.976913049340807
                       2       1295.4891969031535     0.022489757305128529      0.11712191492571775         68.7878376009931        3.016257746705842       1.0210750677866161     0.056315103982979828     0.024790639993224176   2.0414751386302618e-09       2.1045919762829826       2.1045919762829826       2586.7692098537409                                                 2576.4137659381117                                              10.355443915629024
                       3       1295.1080087856203     0.022428622629868375      0.11696802514411304       68.858893679058681        3.016257746705842       1.0210750677866161     0.053534333756476017    0.0039147049858450078   2.0414751386302618e-09       2.1045919762829826       2.1045919762829826       2586.0068336186746                                                 2575.5904138950532                                              10.416419723621219
                      14       1298.7643744681563     0.022428622629868375      0.11696802514411304       68.858893679058681       3.0035334761389292       1.0207704206981167     0.053534333756476017    0.0039147049858450078   2.0156634224979556e-09       2.1045919762829826       2.1045919762829826       2593.3195649837467                                                 2582.9031452601253                                              10.416419723621219
                       6       1297.4021274968968     0.022421047766657327      0.11675726074666493       68.793217937936063       3.0035334761389292       1.0207704206981167     0.053793691330537664    0.0043857886726623814   2.0156634224979556e-09       2.1045919762829826       2.1045919762829826       2590.5950710412276                                                 2580.1692030396111                                              10.425868001616534
                       1       1295.3362761726235     0.022448773982635492      0.11637219336579309       68.883506274941709       3.0035334761389292       1.0207704206981167     0.052716655619537353    0.0029772800969481246   2.0156634224979556e-09       2.1045919762829826       2.1045919762829826       2586.4633683926809                                                 2575.8888953173296                                              10.574473075351234
                       2       1295.2006588804547     0.022448773982635492      0.11637219336579309       68.883506274941709       3.0032546051525122       1.0212858198770511     0.052716655619537353    0.0029772800969481246   2.0151013908218453e-09       2.1045919762829826       2.1045919762829826       2586.1921338083434                                                 2575.6176607329921                                              10.574473075351234
                      21       1295.3312097850512      0.02245080215633204      0.11643481913668033       68.866554803566871       3.0032546051525122       1.0212858198770511     0.052901597865621659     0.002451743949895164   2.0151013908218453e-09       2.1045919762829826       2.1045919762829826       2586.4532356175364                                                 2575.9173317749078                                              10.535903842628681
                       6       1295.1532063533623     0.022448642925005619      0.11637996217811303         68.8344243910134       3.0032546051525122       1.0212858198770511     0.052982876854721472    0.0033981071484727259   2.0151013908218453e-09       2.1045919762829826       2.1045919762829826       2586.0972287541586                                                 2575.5771616483066                                              10.520067105851703
                      31        1293.224647865329     0.022448642925005619      0.11637996217811303         68.8344243910134       3.0063787145951228       1.0235928451719041     0.052982876854721472    0.0033981071484727259   2.0214066321083569e-09       2.1045919762829826       2.1045919762829826       2582.2401117780919                                                   2571.72004467224                                              10.520067105851703
                      18        1293.309132105149     0.022444409498254145       0.1165113399493302       68.788992462866176       3.0063787145951228       1.0235928451719041     0.053279644177548352    0.0064415400929862584   2.0214066321083569e-09       2.1045919762829826       2.1045919762829826       2582.4090802577321                                                 2571.9371021574461                                              10.471978100286105
                      18       1295.5145110672395     0.022372970516971194      0.11697873167237627       68.828976443765228       3.0063787145951228       1.0235928451719041     0.051612509893715984    0.0072221311363594946   2.0214066321083569e-09       2.1045919762829826       2.1045919762829826       2586.8198381819129                                                 2576.4180454823436                                              10.401792699569297
                      10       1295.5005574138506     0.022372720987983586      0.11698493153761744       68.829813187407396       3.0063787145951228       1.0235928451719041     0.051976509718932612    0.0055112219448782878   2.0214066321083569e-09       2.1045919762829826       2.1045919762829826       2586.7919308751352                                                  2576.388581655327                                               10.40334921980827
                       1       1298.3244232240286     0.022372720987983586      0.11698493153761744       68.829813187407396       3.0078608724732936       1.0162016914576517     0.051976509718932612    0.0055112219448782878   2.0244048972754111e-09       2.1045919762829826       2.1045919762829826       2592.4396624954911                                                 2582.0363132756829                                               10.40334921980827
                       2       1294.1415791916038     0.022554398733240784      0.11602397494476462       68.907278075355208       3.0078608724732936       1.0162016914576517     0.050620081973176023     0.022047867570973115   2.0244048972754111e-09       2.1045919762829826       2.1045919762829826       2584.0739744306416                                                 2573.4615479261697                                              10.612426504471905
                      12       1293.9604338208212      0.02256158474438661      0.11608059762460812        68.78696962819852       3.0078608724732936       1.0162016914576517     0.050900894785847368     0.025436008672741501   2.0244048972754111e-09       2.1045919762829826       2.1045919762829826       2583.7116836890764                                                 2573.1650010591679                                              10.546682629908242
                       8        1294.018296358857     0.022656336625666566      0.11660886215295738       68.771546631512436       3.0078608724732936       1.0162016914576517     0.048179174821297251     0.020961664400155955   2.0244048972754111e-09       2.1045919762829826       2.1045919762829826        2583.827408765148                                                 2573.1215994353652                                              10.705809329782964
                       6       1294.0092652902376     0.022655708409215131      0.11661326239064947       68.772798618694338       3.0078608724732936       1.0162016914576517     0.048179832173982751     0.021548958970766974   2.0244048972754111e-09       2.1045919762829826       2.1045919762829826       2583.8093466279092                                                 2573.1140019638201                                              10.695344664088918
                      21       1293.4163300294867     0.022616679581699942      0.11643084639897563       68.781105368816526       3.0078608724732936       1.0162016914576517     0.049954364341256476     0.019660481766095111   2.0244048972754111e-09       2.1045919762829826       2.1045919762829826       2582.6234761064075                                                 2572.0001521744662                                              10.623323931941428
                       6       1293.4422513783261     0.022956209401726477      0.11581733082299848       69.329174773903588       3.0078608724732936       1.0162016914576517     0.049796072020920276     0.022219914039441742   2.0244048972754111e-09       2.1045919762829826       2.1045919762829826       2582.6753188040861                                                 2571.3388317850527                                               11.33648701903355
                       9       1292.9823574079294     0.022881382947753451      0.11637955782670209       69.083559859738443       3.0078608724732936       1.0162016914576517      0.04914063627101261     0.019167724454591532   2.0244048972754111e-09       2.1045919762829826       2.1045919762829826       2581.7555308632927                                                 2571.0927045797462                                              10.662826283546488
                      39       1292.8793877400813     0.022911820536445068      0.11628714142730417       69.001852996171806       3.0078608724732936       1.0162016914576517     0.050275691754447634     0.016804151392862697   2.0244048972754111e-09       2.1045919762829826       2.1045919762829826       2581.5495915275965                                                 2570.7462409399404                                              10.803350587655999
                      15       1292.6006596009918     0.022955604500869607       0.1164995635214415       69.122628500220472       3.0078608724732936       1.0162016914576517     0.052255926740719195    0.0092607143068965878   2.0244048972754111e-09       2.1045919762829826       2.1045919762829826       2580.9921352494175                                                 2570.2529084104262                                              10.739226838991321
                      41       1293.8317697944187     0.022955604500869607       0.1164995635214415       69.122628500220472       3.0145559271316151       1.0066120029394978     0.052255926740719195    0.0092607143068965878   2.0380038708525563e-09       2.1045919762829826       2.1045919762829826       2583.4543556362714                                                 2572.7151287972802                                              10.739226838991321
                       4       1294.7169678995731     0.022980031758895254      0.11611048177695854       69.362085633945824       3.0145559271316151       1.0066120029394978     0.052378082741050755     0.012686605529565709   2.0380038708525563e-09       2.1045919762829826       2.1045919762829826       2585.2247518465801                                                 2573.9549428127571                                              11.269809033822867
                      15       1295.2099177140678     0.023132864544076134      0.11529035810270472       69.559901122279371       3.0145559271316151       1.0066120029394978     0.052138055313024463     0.028586883443428045   2.0380038708525563e-09       2.1045919762829826       2.1045919762829826       2586.2106514755696                                                 2573.8182321504196                                               12.39241932515028
                       7       1294.7794645427375     0.023229907115810335      0.11593608072492434       69.227615999082516       3.0145559271316151       1.0066120029394978     0.053296261902782492     0.044602742791276836   2.0380038708525563e-09       2.1045919762829826       2.1045919762829826        2585.349745132909                                                 2574.4809791275929                                              10.868766005316065
                      13       1294.8320549981536     0.023272184379508142      0.11601695439225591       69.059206997317489       3.0145559271316151       1.0066120029394978     0.052479095126856487     0.052632244285680668   2.0380038708525563e-09       2.1045919762829826       2.1045919762829826       2585.4549260437411                                                 2574.2230482221867                                              11.231877821554368
                      13       1294.7429620524238     0.023269732100528667      0.11646260139891526       69.159658195355178       3.0145559271316151       1.0066120029394978     0.053012007387913174     0.042153007823272415   2.0380038708525563e-09       2.1045919762829826       2.1045919762829826       2585.2767401522815                                                 2574.3242660576479                                              10.952474094633581
                       2        1295.691305909857     0.023269732100528667      0.11646260139891526       69.159658195355178       3.0129366700558267       1.0062004601550552     0.053012007387913174     0.042153007823272415   2.0347064890390864e-09       2.1045919762829826       2.1045919762829826       2587.1734278671479                                                 2576.2209537725143                                              10.952474094633581
                       4       1297.2090759661976     0.023295356244328068      0.11726539296142263       69.089318208740906       3.0129366700558267       1.0062004601550552     0.054191027151655836     0.010198170204348177   2.0347064890390864e-09       2.1045919762829826       2.1045919762829826       2590.2089679798291                                                 2578.4991019876184                                               11.70986599221094
                       8       1294.9476726421919     0.023295356244328068      0.11726539296142263       69.089318208740906       3.0129908962428815       1.0250144002137642     0.054191027151655836     0.010198170204348177   2.0348168264053232e-09       2.1045919762829826       2.1045919762829826       2585.6861613318179                                                 2573.9762953396071                                               11.70986599221094
                      10       1292.9033889757186     0.023040853319388519      0.11680424270618295       69.069369624063938       3.0129908962428815       1.0250144002137642     0.053936316315092679     0.024610424503674063   2.0348168264053232e-09       2.1045919762829826       2.1045919762829826       2581.5975939988712                                                 2570.8315815532314                                              10.766012445639699
                      13       1293.5343078619387     0.022906139763814552       0.1154540910579482       69.232091486787056       3.0129908962428815       1.0250144002137642     0.057864580943864222    0.0095291436439880299   2.0348168264053232e-09       2.1045919762829826       2.1045919762829826       2582.8594317713114                                                 2571.5759807126724                                              11.283451058639073
                       9       1294.2126205997949     0.022906139763814552       0.1154540910579482       69.232091486787056       3.0128964295710698       1.0206963148758257     0.057864580943864222    0.0095291436439880299   2.0346246131110042e-09       2.1045919762829826       2.1045919762829826       2584.2160572470239                                                 2572.9326061883849                                              11.283451058639073
                      18         1293.66403802542     0.022824094975541921      0.11671815541967766       69.097792140031189       3.0128964295710698       1.0206963148758257      0.05772712281022515    0.0039157223385668655   2.0346246131110042e-09       2.1045919762829826       2.1045919762829826        2583.118892098274                                                 2572.4931883865165                                              10.625703711757611
                      11       1291.8420856577557     0.022824094975541921      0.11671815541967766       69.097792140031189       3.0076805512518687       1.0354101647907414      0.05772712281022515    0.0039157223385668655   2.0240398870222128e-09       2.1045919762829826       2.1045919762829826       2579.4749873629453                                                 2568.8492836511878                                              10.625703711757611
                      20       1294.9871851128037     0.022824094975541921      0.11671815541967766       69.097792140031189       2.9977988181417903       1.0383329303989834      0.05772712281022515    0.0039157223385668655   2.0041373627254521e-09       2.1045919762829826       2.1045919762829826       2585.7651862730413                                                 2575.1394825612838                                              10.625703711757611
                      22       1292.7656923468894      0.02286355410719916      0.11630370892266859       69.230068701995563       2.9977988181417903       1.0383329303989834     0.055337240761254881    0.0080143678483964535   2.0041373627254521e-09       2.1045919762829826       2.1045919762829826       2581.3222007412128                                                 2570.3833415829522                                              10.938859158260358
                      11       1292.4222398064639      0.02286355410719916      0.11630370892266859       69.230068701995563        3.009727544180945        1.022638683829713     0.055337240761254881    0.0080143678483964535   2.0281873257998317e-09       2.1045919762829826       2.1045919762829826       2580.6352956603619                                                 2569.6964365021013                                              10.938859158260358
                      16       1292.3663386592659      0.02286355434897732      0.11630369825525384       69.230061132436319        3.009727544180945        1.022638683829713     0.055337408911619555    0.0080145242515479737   2.0281873257998317e-09       2.1045919762829826       2.1045919762829826       2580.5234933659658                                                  2569.584650649595                                              10.938842716370978
                       9       1291.8166279692198     0.022852377468528095       0.1166556705693188       69.061328696467655        3.009727544180945        1.022638683829713     0.054637964127838404     0.010577351003833299   2.0281873257998317e-09       2.1045919762829826       2.1045919762829826       2579.4240719858735                                                 2568.7981123576087                                               10.62595962826491
                      11       1291.8810193603515      0.02283980764646491      0.11661186269155881       69.050279565380436        3.009727544180945        1.022638683829713     0.054947755919601236     0.010746098964165984   2.0281873257998317e-09       2.1045919762829826       2.1045919762829826        2579.552854768137                                                 2568.9238671273251                                              10.628987640811825
                      21       1291.7802210182592      0.02283980764646491      0.11661186269155881       69.050279565380436        3.014545366191737       1.0196034433161267     0.054947755919601236     0.010746098964165984   2.0379823477298569e-09       2.1045919762829826       2.1045919762829826       2579.3512580839524                                                 2568.7222704431406                                              10.628987640811825
                       1       1291.6826786564277      0.02283980764646491      0.11661186269155881       69.050279565380436       3.0049704882654678       1.0333740884778744     0.054947755919601236     0.010746098964165984   2.0185620374527214e-09       2.1045919762829826       2.1045919762829826       2579.1561733602894                                                 2568.5271857194775                                              10.628987640811825
                      35       1292.4451974230972     0.022861238181810829      0.11708475436429704       68.831553162185813       3.0049704882654678       1.0333740884778744     0.055561516848884371     0.034924424121284582   2.0185620374527214e-09       2.1045919762829826       2.1045919762829826       2580.6812108936283                                                 2569.7425983364906                                              10.938612557137779
                      26       1292.5003356188117     0.022853336432110179      0.11710607817092054       68.819986935597925       3.0049704882654678       1.0333740884778744     0.055565448797056986     0.035701436117702962   2.0185620374527214e-09       2.1045919762829826       2.1045919762829826       2580.7914872850574                                                 2569.8369512795475                                              10.954536005509738
                      24       1292.0812369755379     0.022787178477023225      0.11670014663524857       68.912578626742146       3.0049704882654678       1.0333740884778744     0.053529567916285957     0.019257106423409293   2.0185620374527214e-09       2.1045919762829826       2.1045919762829826       2579.9532899985097                                                 2569.3024130012732                                              10.650876997236701
                      12       1292.4776706984794     0.022773686259140901      0.11684052899267827       68.931966866102286       3.0049704882654678       1.0333740884778744     0.052750926223789116      0.01442156656076214   2.0185620374527214e-09       2.1045919762829826       2.1045919762829826       2580.7461574443928                                                 2570.1369568332871                                              10.609200611105909
                      13       1292.3058726784368     0.022781979102628466      0.11690273601693976       68.932177323203135       3.0049704882654678       1.0333740884778744     0.057413762595239337    0.0059833135377868798   2.0185620374527214e-09       2.1045919762829826       2.1045919762829826       2580.4025614043076                                                 2569.7215676955539                                              10.680993708753725
                       7         1292.88321989215      0.02274143443039053      0.11571172239093001       69.215754479090833       3.0049704882654678       1.0333740884778744     0.057573834010443366      0.02454530446201221   2.0185620374527214e-09       2.1045919762829826       2.1045919762829826        2581.557255831734                                                 2570.1439293042527                                              11.413326527481304
                       1       1292.3305056674044      0.02274143443039053      0.11571172239093001       69.215754479090833       3.0123695373852222       1.0284537142999057     0.057573834010443366      0.02454530446201221   2.0335528676731654e-09       2.1045919762829826       2.1045919762829826       2580.4518273822428                                                 2569.0385008547614                                              11.413326527481304
                       4       1292.8781320289943     0.022751330587852395      0.11578860108664121       69.304429544601021       3.0123695373852222       1.0284537142999057     0.057156400510507237     0.024020483076137574   2.0335528676731654e-09       2.1045919762829826       2.1045919762829826       2581.5470801054225                                                 2569.7115371211212                                              11.835542984301249
                       2       1293.2804492451176     0.022702547802620498      0.11623793495438764       69.142461848707114       3.0123695373852222       1.0284537142999057     0.055075739859772002     0.028248760058951473   2.0335528676731654e-09       2.1045919762829826       2.1045919762829826       2582.3517145376691                                                 2571.3975868716007                                              10.954127666068498
                      13       1293.0234977742805     0.022702547802620498      0.11623793495438764       69.142461848707114       3.0069619935983991       1.0295193549678567     0.055075739859772002     0.028248760058951473    2.022586020076631e-09       2.1045919762829826       2.1045919762829826       2581.8378115959949                                                 2570.8836839299265                                              10.954127666068498
                      15       1292.7801648182456     0.022732679910430844      0.11590507068442388       69.185129183080434       3.0069619935983991       1.0295193549678567     0.054493561989376826      0.03412998838042465    2.022586020076631e-09       2.1045919762829826       2.1045919762829826       2581.3511456839251                                                  2570.133892389279                                              11.217253294646243
                       1       1292.0403588469539     0.022759662196822211      0.11629754360146212       69.104240271685029       3.0069619935983991       1.0295193549678567     0.054663220618643323     0.023919156057785915    2.022586020076631e-09       2.1045919762829826       2.1045919762829826       2579.8715337413419                                                 2569.1451777062575                                              10.726356035084295
                      17       1292.0544800588284     0.022759088915184352      0.11630181993953077       69.105197132636661       3.0069619935983991       1.0295193549678567     0.054656303144024802     0.023905777371374191    2.022586020076631e-09       2.1045919762829826       2.1045919762829826       2579.8997761650908                                                 2569.1721489989563                                              10.727627166134608
                       4       1292.8824457210603     0.022651347851716047      0.11597623427924601       69.159179050482663       3.0069619935983991       1.0295193549678567     0.052969931576246451    0.0030135596340899809    2.022586020076631e-09       2.1045919762829826       2.1045919762829826       2581.5557074895546                                                 2570.3384531746774                                                 11.217254314877
                       3        1292.580638403917     0.022651347851716047      0.11597623427924601       69.159179050482663       3.0074950795252251       1.0249567403256779     0.052969931576246451    0.0030135596340899809   2.0236645196606635e-09       2.1045919762829826       2.1045919762829826       2580.9520928552679                                                 2569.7348385403907                                                 11.217254314877
                      10       1291.8929142980173     0.022752960642109306       0.1169305248607037       68.775151048129402       3.0074950795252251       1.0249567403256779      0.05324343413534062     0.028691493762223689   2.0236645196606635e-09       2.1045919762829826       2.1045919762829826       2579.5766446434686                                                 2568.6956113267756                                              10.881033316693154
                      12       1291.8973880202791     0.022752960642109306       0.1169305248607037       68.775151048129402       3.0077188768997694       1.0247669729465996      0.05324343413534062     0.028691493762223689   2.0241174611487894e-09       2.1045919762829826       2.1045919762829826       2579.5855920879922                                                 2568.7045587712992                                              10.881033316693154
                       1       1292.6548430628764     0.022758163797942814      0.11667915905016912       68.710904881655381       3.0077188768997694       1.0247669729465996      0.05189382992283309     0.024740398379932513   2.0241174611487894e-09       2.1045919762829826       2.1045919762829826       2581.1005021731867                                                 2569.8673769383649                                              11.233125234821655
                      12       1292.7831029633892     0.022758163797942814      0.11667915905016912       68.710904881655381       3.0082010558687915       1.0246795047012105      0.05189382992283309     0.024740398379932513   2.0250936833573809e-09       2.1045919762829826       2.1045919762829826       2581.3570219742123                                                 2570.1238967393906                                              11.233125234821655
                       3       1292.5251914948124     0.022758163797942814      0.11667915905016912       68.710904881655381       3.0066352317121003       1.0256871836997459      0.05189382992283309     0.024740398379932513   2.0219252240208717e-09       2.1045919762829826       2.1045919762829826       2580.8411990370587                                                  2569.608073802237                                              11.233125234821655
                      15       1292.9944759284481     0.022723803193312221      0.11590189508465125        69.29002147014009       3.0066352317121003       1.0256871836997459     0.052282565298765196    0.0090568059074508274   2.0219252240208717e-09       2.1045919762829826       2.1045919762829826       2581.7797679043301                                                 2570.0587354144918                                              11.721032489838285
                      19       1292.5839260018397     0.022702934119999914      0.11607162084085172       69.216599842861527       3.0066352317121003       1.0256871836997459      0.05420967492605433     0.006973643533001889   2.0219252240208717e-09       2.1045919762829826       2.1045919762829826       2580.9586680511134                                                 2569.6556192954531                                               11.30304875566023
                      34       1295.0213584473158     0.022702934119999914      0.11607162084085172       69.216599842861527       3.0194686210945707       1.0212006631629313      0.05420967492605433     0.006973643533001889   2.0480405936531446e-09       2.1045919762829826       2.1045919762829826       2585.8335329420656                                                 2574.5304841864054                                               11.30304875566023
                       2       1295.6514771821976     0.022786574058585394      0.11482871296618943       69.398537222704121       3.0194686210945707       1.0212006631629313     0.062008123171738094     0.031434255877204491   2.0480405936531446e-09       2.1045919762829826       2.1045919762829826       2587.0937704118292                                                 2574.0230133227687                                              13.070757089060494
                      29       1295.2177440293538     0.022786574058585394      0.11482871296618943       69.398537222704121       3.0172217981282681       1.0246507652299783     0.062008123171738094     0.031434255877204491   2.0434441746149754e-09       2.1045919762829826       2.1045919762829826       2586.2263041061415                                                 2573.1555470170811                                              13.070757089060494
                       2       1294.4851654423624     0.022804584185422659      0.11495310906548495       69.266461358348707       3.0172217981282681       1.0246507652299783     0.061067548593965987     0.021083583076053035   2.0434441746149754e-09       2.1045919762829826       2.1045919762829826       2584.7611469321587                                                 2572.8305295306091                                              11.930617401549831
                       6       1294.9776328190558     0.022804584185422659      0.11495310906548495       69.266461358348707       3.0172118109158887       1.0226136395640495     0.061067548593965987     0.021083583076053035   2.0434237664059288e-09       2.1045919762829826       2.1045919762829826       2585.7460816855455                                                 2573.8154642839959                                              11.930617401549831
                      32       1294.5402335253896     0.022841371411706144       0.1149402989278961       69.378050064537888       3.0172118109158887       1.0226136395640495     0.057421231341547502     0.016331874866992984   2.0434237664059288e-09       2.1045919762829826       2.1045919762829826       2584.8712830982131                                                 2572.3712021226024                                              12.500080975610818
                      58       1293.0813682200628     0.022793145547207665      0.11529555037958868       69.043295407261994       3.0172118109158887       1.0226136395640495     0.056706046333257425     0.054178559774644086   2.0434237664059288e-09       2.1045919762829826       2.1045919762829826       2581.9535524875596                                                 2571.0856291817731                                              10.867923305786491
                      31       1293.2080977624651     0.022793145547207665      0.11529555037958868       69.043295407261994       3.0187259957403474       1.0198110375819383     0.056706046333257425     0.054178559774644086   2.0465202313814769e-09       2.1045919762829826       2.1045919762829826       2582.2070115723641                                                 2571.3390882665776                                              10.867923305786491
                       1       1293.1289343151693     0.022777833745589355      0.11538820002231154       69.043326053773967       3.0187259957403474       1.0198110375819383     0.056574326315322651     0.054112289623818539   2.0465202313814769e-09       2.1045919762829826       2.1045919762829826       2582.0486846777726                                                 2571.1992310895052                                              10.849453588267259
                      66       1294.7411738864337     0.022772858859301987      0.11523483247105261       69.280002634127101       3.0187259957403474       1.0198110375819383     0.055040385025712034     0.043062260934292211   2.0465202313814769e-09       2.1045919762829826       2.1045919762829826       2585.2731638203013                                                 2573.2596133549691                                               12.01355046533237
                       2       1295.4217741541888     0.022794979161918798      0.11468552761695142       69.465655726771246       3.0187259957403474       1.0198110375819383     0.056133443989275812     0.040426567047099578   2.0465202313814769e-09       2.1045919762829826       2.1045919762829826       2586.6343643558116                                                 2572.8002485708471                                              13.834115784964464
                       6       1294.0343569869931     0.022737235682112437      0.11559106005245093       68.975272177643888       3.0187259957403474       1.0198110375819383     0.060534432595113194     0.028808364964294755   2.0465202313814769e-09       2.1045919762829826       2.1045919762829826       2583.8595300214201                                                 2573.1007298976647                                              10.758800123755506
                       1       1292.9360543597293     0.022737235682112437      0.11559106005245093       68.975272177643888       3.0205243996789624       1.0231084624265272     0.060534432595113194     0.028808364964294755   2.0502040128967837e-09       2.1045919762829826       2.1045919762829826       2581.6629247668925                                                  2570.904124643137                                              10.758800123755506
                       4       1293.1775856467937     0.022738857162589565      0.11576879349042905       68.880229146543556       3.0205243996789624       1.0231084624265272     0.060948142672858932      0.02616922434930153   2.0502040128967837e-09       2.1045919762829826       2.1045919762829826       2582.1459873410213                                                  2571.414815294052                                              10.731172046969172
                      12       1293.4348610585544     0.022738857162589565      0.11576879349042905       68.880229146543556       3.0140420745124388       1.0285475653193106     0.060948142672858932      0.02616922434930153   2.0369569062414179e-09       2.1045919762829826       2.1045919762829826       2582.6605381645427                                                 2571.9293661175734                                              10.731172046969172
                      16        1293.177509225362     0.022739128301935252      0.11575468798941553       68.901375158112813       3.0140420745124388       1.0285475653193106     0.060610878035413603     0.025296838888273391   2.0369569062414179e-09       2.1045919762829826       2.1045919762829826       2582.1458344981579                                                 2571.4225028373453                                              10.723331660812567
                      17       1292.3516855603366     0.022730282368724979       0.1159459894901016       68.946534608413685       3.0140420745124388       1.0285475653193106      0.06008276054325272     0.023263832804528622   2.0369569062414179e-09       2.1045919762829826       2.1045919762829826       2580.4941871681071                                                 2569.8293385781344                                               10.66484858997257
                       5        1292.367021721338     0.022722131109023609      0.11600187154496096       68.919011361710488       3.0140420745124388       1.0285475653193106     0.060047124771961558     0.021105423316506427   2.0369569062414179e-09       2.1045919762829826       2.1045919762829826         2580.52485949011                                                 2569.8612224850121                                              10.663637005097963
                       2       1292.9209597024803     0.022742745438587692      0.11603499292454074       68.895244198279713       3.0140420745124388       1.0285475653193106     0.060858206239633776     0.020297241918299239   2.0369569062414179e-09       2.1045919762829826       2.1045919762829826       2581.6327354523946                                                  2570.926450355169                                              10.706285097225642
                       5       1293.7482681604372      0.02272985087222593      0.11580781124515477       68.876802615630623       3.0140420745124388       1.0285475653193106     0.061443627208614654     0.023849193585844666   2.0369569062414179e-09       2.1045919762829826       2.1045919762829826       2583.2873523683083                                                 2572.5557970135428                                              10.731555354765405
                      11       1292.7537352344366     0.022665394899833748      0.11588535253766111       68.997472831717573       3.0140420745124388       1.0285475653193106     0.060528823982709409      0.02570933874366145   2.0369569062414179e-09       2.1045919762829826       2.1045919762829826       2581.2982865163071                                                  2570.570011054127                                              10.728275462180108
                      13        1292.223145789693     0.022722134417361234      0.11594306705938669       69.108003821680953       3.0140420745124388       1.0285475653193106     0.056860874796738979     0.020472468744273095   2.0369569062414179e-09       2.1045919762829826       2.1045919762829826         2580.23710762682                                                  2569.317958515207                                              10.919149111613246
                      13       1292.1084858507486     0.022712024384151947      0.11592903447454689        69.00284854599488       3.0140420745124388       1.0285475653193106     0.058305500742500418     0.013829137602788175   2.0369569062414179e-09       2.1045919762829826       2.1045919762829826       2580.0077877489312                                                 2569.2667037935398                                              10.741083955391243
                       6       1291.5785521514485     0.022671410775928463      0.11660674205192016       68.991674773091631       3.0140420745124388       1.0285475653193106     0.057994785043066654     0.004198456365224491   2.0369569062414179e-09       2.1045919762829826       2.1045919762829826       2578.9479203503311                                                  2568.375969799366                                              10.571950550965248
                       2        1292.024089084573     0.022671410775928463      0.11660674205192016       68.991674773091631       3.0115527450621462       1.0280534798226104     0.057994785043066654     0.004198456365224491   2.0318925554597222e-09       2.1045919762829826       2.1045919762829826         2579.83899421658                                                 2569.2670436656149                                              10.571950550965248
                      54        1292.368023964968     0.022671410775928463      0.11660674205192016       68.991674773091631       3.0062596695986303        1.043308882266359     0.057994785043066654     0.004198456365224491   2.0211660080857545e-09       2.1045919762829826       2.1045919762829826       2580.5268639773699                                                 2569.9549134264048                                              10.571950550965248
                       2       1292.8132138325254     0.022712168220328007      0.11660948558773747        69.12060343617037       3.0062596695986303        1.043308882266359     0.058635421326775038     0.010931661821930417   2.0211660080857545e-09       2.1045919762829826       2.1045919762829826       2581.4172437124848                                                 2570.6931294631468                                              10.724114249338012
                      33       1292.6754105777989     0.022712168220328007      0.11660948558773747        69.12060343617037       3.0066777025920692       1.0420455659735637     0.058635421326775038     0.010931661821930417   2.0220110987879427e-09       2.1045919762829826       2.1045919762829826       2581.1416372030317                                                 2570.4175229536936                                              10.724114249338012
                      10        1293.050146757462     0.022720984363492579      0.11686245319526672       69.053406215965722       3.0066777025920692       1.0420455659735637     0.058661345310448011     0.016649267726095113   2.0220110987879427e-09       2.1045919762829826       2.1045919762829826        2581.891109562358                                                 2571.3748537499719                                               10.51625581238615
                      45         1292.69640451997     0.022706977880881222      0.11681940850495497       69.026791183310294       3.0066777025920692       1.0420455659735637     0.058713554575793712     0.015330367343684962   2.0220110987879427e-09       2.1045919762829826       2.1045919762829826       2581.1836250873739                                                  2570.675853109235                                               10.50777197813893
                       4       1292.7902959075273     0.022774405737599854      0.11639220361672378       68.788857001260155       3.0066777025920692       1.0420455659735637     0.057964087346685948     0.053356651968669906   2.0220110987879427e-09       2.1045919762829826       2.1045919762829826       2581.3714078624885                                                 2570.7027633781049                                              10.668644484383359
                       4       1292.8438351354544     0.022516759062723646      0.11535323261110428       68.816628229266954       3.0066777025920692       1.0420455659735637     0.058550458960467337      0.05830656235965033   2.0220110987879427e-09       2.1045919762829826       2.1045919762829826       2581.4784863183427                                                 2570.8609333169293                                              10.617553001413235
                       2       1293.1750565192726     0.022517186208586892       0.1153261854669531       68.778753809255363       3.0066777025920692       1.0420455659735637      0.05809428388828472     0.058474315268257665   2.0220110987879427e-09       2.1045919762829826       2.1045919762829826       2582.1409290859792                                                 2571.5770835747212                                              10.563845511257796
                      27       1293.2826437575459     0.022702292914125146      0.11598403471537791       69.089725646619883       3.0066777025920692       1.0420455659735637     0.057759742288843396      0.04400095964188161   2.0220110987879427e-09       2.1045919762829826       2.1045919762829826       2582.3561035625257                                                  2571.472846759309                                              10.883256803216637
                      10       1295.2174837927969      0.02280505279759442      0.11588455699286973       68.713262624405758       3.0066777025920692       1.0420455659735637     0.060166067308272009      0.11224885194177352   2.0220110987879427e-09       2.1045919762829826       2.1045919762829826       2586.2257836330277                                                 2575.7148454072799                                              10.510938225747811
                       3       1295.2900638569884     0.022846960082189893      0.11544459475417565       68.676122334967673       3.0066777025920692       1.0420455659735637     0.062533210552297866      0.11727563148773254   2.0220110987879427e-09       2.1045919762829826       2.1045919762829826       2586.3709437614107                                                 2575.6997853649227                                              10.671158396488176
                       3       1293.5455406712997     0.022846960082189893      0.11544459475417565       68.676122334967673       3.0166076549149667       1.0356797997012261     0.062533210552297866      0.11727563148773254    2.042189592529345e-09       2.1045919762829826       2.1045919762829826       2582.8818973900334                                                 2572.2107389935454                                              10.671158396488176
                      13       1293.5981028359095     0.022846960082189893      0.11544459475417565       68.676122334967673       3.0162015642716034       1.0351948602345995     0.062533210552297866      0.11727563148773254   2.0413604468093987e-09       2.1045919762829826       2.1045919762829826       2582.9870217192529                                                 2572.3158633227649                                              10.671158396488176
                      51       1293.6626771153799     0.022847297675218477      0.11540276487686571       68.683782520897793       3.0162015642716034       1.0351948602345995     0.062854310955135037      0.11753211236258376   2.0413604468093987e-09       2.1045919762829826       2.1045919762829826       2583.1161702781937                                                 2572.4689233439249                                              10.647246934268795
                       7       1294.5637251190067     0.022860258522582989      0.11562002768735037       68.676045885278853       3.0162015642716034       1.0351948602345995      0.06308192012648664       0.1208494118192157   2.0413604468093987e-09       2.1045919762829826       2.1045919762829826       2584.9182662854473                                                 2574.2400926679975                                              10.678173617449913
                       9       1294.4726433039361     0.022854829769419095      0.11547011896452118       68.720512681032062       3.0162015642716034       1.0351948602345995     0.064031306586420561      0.11359885531436281   2.0413604468093987e-09       2.1045919762829826       2.1045919762829826       2584.7361026553062                                                 2574.1438214437826                                              10.592281211523735
                      20       1293.9630603849498     0.022691265093445889      0.11495084403721084       68.715915767349145       3.0162015642716034       1.0351948602345995     0.064679847561454187     0.092001009690629132   2.0413604468093987e-09       2.1045919762829826       2.1045919762829826       2583.7169368173336                                                 2573.1727313016222                                              10.544205515711214
                       1       1294.0387600510417     0.022687368045366328      0.11487772550338403       68.706169200657641       3.0162015642716034       1.0351948602345995     0.064680192090296712     0.093307915756567592   2.0413604468093987e-09       2.1045919762829826       2.1045919762829826       2583.8683361495173                                                 2573.3151174952736                                              10.553218654243681
                       7       1294.7391431117082     0.022673378827988765      0.11489673033923833       68.726119964981478       3.0162015642716034       1.0351948602345995     0.065491418683057356     0.093331794693315984   2.0413604468093987e-09       2.1045919762829826       2.1045919762829826       2585.2691022708505                                                 2574.7415327930494                                              10.527569477800895
                       4       1294.3323952319342     0.022673378827988765      0.11489673033923833       68.726119964981478       3.0152850874360912       1.0474500590650984     0.065491418683057356     0.093331794693315984   2.0394904442848541e-09       2.1045919762829826       2.1045919762829826       2584.4556065113024                                                 2573.9280370335014                                              10.527569477800895
                       8       1294.7225237984235     0.022673378827988765      0.11489673033923833       68.726119964981478       3.0179521908445599       1.0329761774859207     0.065491418683057356     0.093331794693315984   2.0449372365506687e-09       2.1045919762829826       2.1045919762829826       2585.2358636442809                                                 2574.7082941664798                                              10.527569477800895
                      23       1294.9118306490886     0.022673378827988765      0.11489673033923833       68.726119964981478       3.0358627390366051       1.0170260224391228     0.065491418683057356     0.093331794693315984   2.0818931458613692e-09       2.1045919762829826       2.1045919762829826       2585.6144773456112                                                 2575.0869078678102                                              10.527569477800895
                       5        1295.618056499211     0.022673378827988765      0.11489673033923833       68.726119964981478       3.0333180328184799       1.0155118540207329     0.065491418683057356     0.093331794693315984   2.0766020743940624e-09       2.1045919762829826       2.1045919762829826       2587.0269290458559                                                 2576.4993595680548                                              10.527569477800895
                       5       1294.3987042187644     0.022673378827988765      0.11489673033923833       68.726119964981478        3.034059729747455       1.0212631659744489     0.065491418683057356     0.093331794693315984   2.0781428551008693e-09       2.1045919762829826       2.1045919762829826       2584.5882244849627                                                 2574.0606550071616                                              10.527569477800895
                      24       1294.2189828773594      0.02272037953798943      0.11511453517212944       68.674615982447193        3.034059729747455       1.0212631659744489     0.064635305358948805     0.095332054195540125   2.0781428551008693e-09       2.1045919762829826       2.1045919762829826       2584.2287818021528                                                 2573.6352083975316                                              10.593573404621145
                      12        1293.888420035059     0.022741711119795994      0.11523094501929841       68.715058599451424        3.034059729747455       1.0212631659744489       0.0647502566601314     0.093967736978375002   2.0781428551008693e-09       2.1045919762829826       2.1045919762829826       2583.5676561175519                                                 2573.0129625520208                                              10.554693565531034
                      21       1294.0369875833667     0.022766133688891955      0.11501305036955725       68.749085532139304        3.034059729747455       1.0212631659744489      0.06523128303340528     0.093973407031772954   2.0781428551008693e-09       2.1045919762829826       2.1045919762829826       2583.8647912141673                                                  2573.289736872056                                              10.575054342111558
