#        weight    minuslogpost        omegabh2        omegach2              H0            logA              ns             tau             mnu              As   minuslogprior minuslogprior__0            chi2 chi2__sbt_spt_audit.likelihoods.candl_cobaya.CandlCobayaLikelihood chi2__sbt_spt_audit.likelihoods.desi_dr2_bao.DESIDR2BAOGaussian
              1       725.27083     0.021800869       0.1161932       68.737324       3.0586745      0.94605171     0.050901841     0.032353796   2.1299307e-09        2.104592         2.104592       1446.3325                                                           1434.219                                                       12.113509
              8       710.68235     0.021800869       0.1161932       68.737324       3.0459195      0.96127961     0.050901841     0.032353796   2.1029359e-09        2.104592         2.104592       1417.1555                                                           1405.042                                                       12.113509
              1       704.32213     0.021800869       0.1161932       68.737324       3.0365064      0.97306331     0.050901841     0.032353796   2.0832337e-09        2.104592         2.104592       1404.4351                                                          1392.3216                                                       12.113509
              6       704.32068     0.021801176      0.11619714       68.730102       3.0363247      0.97305286     0.050802776     0.033173887   2.0828551e-09        2.104592         2.104592       1404.4322                                                          1392.3696                                                        12.06254
              4        704.4413     0.021789127      0.11622885       68.712869       3.0362555      0.97337881      0.05084586     0.032653916    2.082711e-09        2.104592         2.104592       1404.6734                                                          1392.6997                                                       11.973674
              4       703.35062     0.021789127      0.11622885       68.712869       3.0274071      0.98109635      0.05084586     0.032653916   2.0643636e-09        2.104592         2.104592       1402.4921                                                          1390.5184                                                       11.973674
              6       703.67065     0.021789127      0.11622885       68.712869       3.0275367       0.9804621      0.05084586     0.032653916   2.0646311e-09        2.104592         2.104592       1403.1321                                                          1391.1584                                                       11.973674
             10       702.88291     0.021848846      0.11611764       68.766607       3.0266545       0.9785662     0.049930669     0.035113949   2.0628106e-09        2.104592         2.104592       1401.5566                                                          1389.4103                                                       12.146381
              1       703.45033     0.021848846      0.11611764       68.766607       3.0363117      0.97317294     0.049930669     0.035113949   2.0828281e-09        2.104592         2.104592       1402.6915                                                          1390.5451                                                       12.146381
              7       703.38174     0.021848846      0.11611764       68.766607       3.0361551      0.97285029     0.049930669     0.035113949    2.082502e-09        2.104592         2.104592       1402.5543                                                          1390.4079                                                       12.146381
              2       702.51795     0.022017912      0.11597732       69.102701       3.0343166      0.96728533     0.047432588     0.013532455   2.0786768e-09        2.104592         2.104592       1400.8267                                                          1386.7575                                                        14.06918
             17        702.1981     0.022017912      0.11597732       69.102701       3.0330352      0.96853644     0.047432588     0.013532455   2.0760149e-09        2.104592         2.104592        1400.187                                                          1386.1178                                                        14.06918
             13        703.2001     0.022017912      0.11597732       69.102701       3.0345699      0.96440683     0.047432588     0.013532455   2.0792034e-09        2.104592         2.104592        1402.191                                                          1388.1218                                                        14.06918
              2       703.49427     0.022031773      0.11575721       69.107329       3.0347541       0.9645593     0.047720937     0.024927221   2.0795863e-09        2.104592         2.104592       1402.7794                                                          1388.4243                                                       14.355016
              7       703.39027     0.022031773      0.11575721       69.107329       3.0360457      0.96462388     0.047720937     0.024927221   2.0822741e-09        2.104592         2.104592       1402.5713                                                          1388.2163                                                       14.355016
              1       704.11916     0.022031773      0.11575721       69.107329       3.0343986      0.96378687     0.047720937     0.024927221   2.0788471e-09        2.104592         2.104592       1404.0291                                                          1389.6741                                                       14.355016
              5       702.67933     0.022031773      0.11575721       69.107329       3.0323242      0.96719307     0.047720937     0.024927221   2.0745393e-09        2.104592         2.104592       1401.1495                                                          1386.7945                                                       14.355016
              2       705.05055     0.021987274      0.11517767       68.926124       3.0354794      0.97075557     0.050711631     0.076381542   2.0810952e-09        2.104592         2.104592       1405.8919                                                          1392.0275                                                       13.864426
              2        705.1796     0.021979113      0.11518568       68.930328       3.0353608      0.97107787     0.050732943     0.075268514   2.0808484e-09        2.104592         2.104592         1406.15                                                          1392.1976                                                       13.952435
              2       703.41099     0.021979113      0.11518568       68.930328        3.025439      0.98300819     0.050732943     0.075268514   2.0603048e-09        2.104592         2.104592       1402.6128                                                          1388.6604                                                       13.952435
              2       703.73494     0.021979113      0.11518568       68.930328       3.0222794      0.98468873     0.050732943     0.075268514   2.0538053e-09        2.104592         2.104592       1403.2607                                                          1389.3083                                                       13.952435
              1       703.59713     0.021983978      0.11521809       68.939671       3.0225611      0.98444268     0.050774012     0.073250839   2.0543838e-09        2.104592         2.104592       1402.9851                                                          1389.0192                                                       13.965912
              1       701.59358     0.021930207       0.1160572       68.699563       3.0146831       0.9832893     0.046023128     0.049423489   2.0382631e-09        2.104592         2.104592        1398.978                                                          1387.5479                                                       11.430114
             17        701.4805     0.021930207       0.1160572       68.699563       3.0231077      0.97643594     0.046023128     0.049423489   2.0555072e-09        2.104592         2.104592       1398.7518                                                          1387.3217                                                       11.430114
             18       698.75045     0.022149046      0.11692579       68.699523       3.0239824      0.96601429     0.042763161     0.025772065   2.0573058e-09        2.104592         2.104592       1393.2917                                                          1382.8648                                                        10.42693
              4       698.87638     0.022179974       0.1171627       68.675654       3.0223873      0.96448056     0.041294471     0.022153129   2.0540269e-09        2.104592         2.104592       1393.5436                                                          1383.2229                                                       10.320681
              8       700.61247     0.022179974       0.1171627       68.675654       3.0310295      0.95645508     0.041294471     0.022153129   2.0718551e-09        2.104592         2.104592       1397.0158                                                          1386.6951                                                       10.320681
             13       702.32985     0.022359451      0.11663451       69.193265       3.0373152      0.95308124     0.043520056     0.014673414   2.0849192e-09        2.104592         2.104592       1400.4505                                                          1388.1422                                                       12.308301
              3       701.13645     0.022359451      0.11663451       69.193265       3.0273825      0.96396003     0.043520056     0.014673414   2.0643128e-09        2.104592         2.104592       1398.0637                                                          1385.7554                                                       12.308301
              8       700.74836     0.022359451      0.11663451       69.193265       3.0221902      0.96766074     0.043520056     0.014673414   2.0536221e-09        2.104592         2.104592       1397.2875                                                          1384.9792                                                       12.308301
              3       698.80731     0.022402859      0.11695184       69.108211       3.0340842      0.96461023     0.048452624     0.012157034   2.0781937e-09        2.104592         2.104592       1393.4054                                                          1382.0706                                                       11.334853
              9       699.50267     0.022469518      0.11648291       68.889964       3.0309416      0.96308586     0.046841801     0.062177809   2.0716731e-09        2.104592         2.104592       1394.7962                                                          1384.2216                                                       10.574577
             19       698.98311     0.022507957      0.11667933       69.022323        3.034155        0.960829     0.047699185     0.036960772   2.0783408e-09        2.104592         2.104592        1393.757                                                          1382.9461                                                       10.810954
              2         698.785     0.022507957      0.11667933       69.022323       3.0346272      0.95954116     0.047699185     0.036960772   2.0793225e-09        2.104592         2.104592       1393.3608                                                          1382.5499                                                       10.810954
              5       702.64103     0.022524488      0.11716023       68.920242       3.0556228      0.95980925     0.057540812      0.05882451   2.1234405e-09        2.104592         2.104592       1401.0729                                                          1390.6481                                                       10.424744
              8         701.218      0.02254315      0.11752042       69.022043       3.0575796      0.95775412     0.057721429     0.027152335   2.1275998e-09        2.104592         2.104592       1398.2268                                                          1387.7347                                                       10.492119
              3       703.84052      0.02254315      0.11752042       69.022043       3.0737496      0.94441337     0.057721429     0.027152335   2.1622828e-09        2.104592         2.104592       1403.4718                                                          1392.9797                                                       10.492119
              1       704.53485     0.022730331      0.11742865       69.189565       3.0802151      0.93673302     0.058962598     0.015563645   2.1763084e-09        2.104592         2.104592       1404.8605                                                          1394.2262                                                       10.634349
              8       703.70729      0.02260745       0.1160552        69.26127       3.0739575      0.94399147     0.059154653     0.048444726   2.1627323e-09        2.104592         2.104592       1403.2054                                                          1391.0117                                                       12.193673
              1       703.04131      0.02260745       0.1160552        69.26127       3.0692061      0.94978951     0.059154653     0.048444726   2.1524808e-09        2.104592         2.104592       1401.8734                                                          1389.6798                                                       12.193673
              1       701.34072      0.02260745       0.1160552        69.26127       3.0640249      0.95265174     0.059154653     0.048444726   2.1413571e-09        2.104592         2.104592       1398.4722                                                          1386.2786                                                       12.193673
              3       701.66803     0.022602558      0.11594515       69.231483       3.0639397      0.95331041     0.059354297     0.058818776   2.1411747e-09        2.104592         2.104592       1399.1269                                                          1386.9857                                                       12.141153
              2       702.20374     0.022602558      0.11594515       69.231483       3.0659669      0.95236342     0.059354297     0.058818776   2.1455197e-09        2.104592         2.104592       1400.1983                                                          1388.0571                                                       12.141153
              4       702.56893     0.022602558      0.11594515       69.231483       3.0605418      0.95864142     0.059354297     0.058818776   2.1339117e-09        2.104592         2.104592       1400.9287                                                          1388.7875                                                       12.141153
              7       700.51483     0.022488625      0.11655658       69.113947       3.0600882       0.9607337     0.059366854     0.032226651   2.1329438e-09        2.104592         2.104592       1396.8205                                                          1385.4787                                                       11.341756
              5       699.29123     0.022451017      0.11661322       69.020901       3.0505784      0.96164561     0.054887857     0.032058435   2.1127561e-09        2.104592         2.104592       1394.3733                                                           1383.413                                                       10.960295
              4       697.91362     0.022451017      0.11661322       69.020901       3.0480943      0.96123677     0.054887857     0.032058435   2.1075143e-09        2.104592         2.104592       1391.6181                                                          1380.6578                                                       10.960295
              3       698.49662     0.022451017      0.11661322       69.020901       3.0468058      0.96367088     0.054887857     0.032058435   2.1048005e-09        2.104592         2.104592       1392.7841                                                          1381.8238                                                       10.960295
              3       698.70059     0.022451017      0.11661322       69.020901        3.043926       0.9659387     0.054887857     0.032058435   2.0987479e-09        2.104592         2.104592        1393.192                                                          1382.2317                                                       10.960295
              3       698.75209     0.022451017      0.11661322       69.020901       3.0456819      0.96492878     0.054887857     0.032058435   2.1024363e-09        2.104592         2.104592        1393.295                                                          1382.3347                                                       10.960295
              4        698.8435     0.022383176      0.11652839       68.727605       3.0442104      0.96805452     0.055058524     0.072013443   2.0993447e-09        2.104592         2.104592       1393.4778                                                          1383.1292                                                       10.348595
              1       698.83553     0.022382757      0.11653553       68.726546       3.0442097        0.968053     0.055051988     0.071811272   2.0993433e-09        2.104592         2.104592       1393.4619                                                          1383.1155                                                       10.346363
              3       699.10309     0.022366288      0.11644869       68.743232       3.0450815      0.96900718     0.055812464     0.073932935   2.1011745e-09        2.104592         2.104592        1393.997                                                           1383.588                                                       10.408966
              8        698.4461     0.022416003      0.11729376        68.86339       3.0583567      0.96353775     0.060472127     0.013863917   2.1292538e-09        2.104592         2.104592        1392.683                                                          1382.3199                                                       10.363099
              8       697.46558     0.022416003      0.11729376        68.86339       3.0644243       0.9547382     0.060472127     0.013863917   2.1422126e-09        2.104592         2.104592        1390.722                                                          1380.3589                                                       10.363099
              4       697.45038     0.022412461      0.11725629       68.848363       3.0641783       0.9549505     0.060442518     0.016968062   2.1416856e-09        2.104592         2.104592       1390.6916                                                          1380.3379                                                       10.353663
              4       697.44973     0.022418681      0.11725646       68.862294       3.0641485      0.95466512     0.060353876     0.015057042   2.1416217e-09        2.104592         2.104592       1390.6903                                                          1380.3247                                                       10.365598
              5       697.37208     0.022418681      0.11725646       68.862294       3.0625724          0.9565     0.060353876     0.015057042   2.1382491e-09        2.104592         2.104592        1390.535                                                          1380.1694                                                       10.365598
              4       697.64498     0.022482794      0.11722984       68.763252       3.0561972      0.95522065     0.056624499     0.041938615   2.1246606e-09        2.104592         2.104592       1391.0808                                                          1380.7703                                                       10.310481
             11       697.78824     0.022502072      0.11712603       68.823884       3.0560186      0.95479902     0.056487322      0.04044583   2.1242812e-09        2.104592         2.104592       1391.3673                                                          1381.0544                                                       10.312886
             13       696.58166     0.022386138       0.1172555        68.81486       3.0512114      0.95831422     0.055087069     0.021077714   2.1140938e-09        2.104592         2.104592       1388.9541                                                          1378.6206                                                       10.333539
              1       697.48132     0.022386138       0.1172555        68.81486       3.0432885      0.96490115     0.055087069     0.021077714   2.0974104e-09        2.104592         2.104592       1390.7535                                                          1380.4199                                                       10.333539
              2       697.63716     0.022366434      0.11719127       68.707217       3.0423007      0.96594442     0.054919998      0.03748291   2.0953394e-09        2.104592         2.104592       1391.0651                                                           1380.771                                                       10.294163
             11       697.51872     0.022361731      0.11730378       68.708918       3.0432952      0.96578483     0.055292692     0.031760791   2.0974243e-09        2.104592         2.104592       1390.8283                                                          1380.5304                                                       10.297903
              2       696.65765     0.022361731      0.11730378       68.708918       3.0518369      0.95832398     0.055292692     0.031760791   2.1154168e-09        2.104592         2.104592       1389.1061                                                          1378.8082                                                       10.297903
              5       696.44005     0.022342884      0.11734162       68.660881        3.041091      0.95862085      0.05002395     0.027933858   2.0928064e-09        2.104592         2.104592       1388.6709                                                          1378.3364                                                       10.334563
             25       696.90569     0.022382016      0.11689982       68.946229       3.0416478      0.95807457     0.050525191     0.011911282    2.093972e-09        2.104592         2.104592       1389.6022                                                          1378.9321                                                       10.670135
              3       696.81363      0.02236323      0.11695255       68.948843       3.0410241      0.95847708     0.050318099    0.0059982396   2.0926663e-09        2.104592         2.104592       1389.4181                                                          1378.7314                                                       10.686683
              8       696.75448     0.022367111      0.11701584       68.884765       3.0435895      0.95896217     0.051553745     0.020700892   2.0980417e-09        2.104592         2.104592       1389.2998                                                          1378.7893                                                       10.510502
             12       699.19026     0.022175639      0.11911941       68.207757       3.0365175      0.96202401     0.047039724     0.010667061   2.0832567e-09        2.104592         2.104592       1394.1713                                                          1381.4217                                                       12.749682
              1       699.01359     0.022213511      0.11790967       68.516033       3.0460968      0.96432093     0.053333333      0.03775011   2.1033088e-09        2.104592         2.104592        1393.818                                                          1383.3672                                                       10.450743
              1       698.92831     0.022199315      0.11781219       68.554432       3.0420562      0.96516819     0.051619955     0.035499439   2.0948274e-09        2.104592         2.104592       1393.6474                                                          1383.2973                                                         10.3501
              1       699.66796     0.021914633       0.1170614       68.176586        3.043229      0.97466562     0.056092732     0.066556339   2.0972856e-09        2.104592         2.104592       1395.1267                                                          1384.5251                                                       10.601593
              3       700.24826     0.021914633       0.1170614       68.176586       3.0461134      0.97111631     0.056092732     0.066556339   2.1033436e-09        2.104592         2.104592       1396.2873                                                          1385.6857                                                       10.601593
              1       698.22465      0.02198955      0.11709337       68.497641       3.0497142      0.96744395     0.056944636     0.022346949    2.110931e-09        2.104592         2.104592       1392.2401                                                          1381.9571                                                       10.283009
              7       697.92733     0.022162145      0.11753911       68.174462       3.0452069      0.95895681     0.052035577     0.044839651   2.1014379e-09        2.104592         2.104592       1391.6455                                                          1379.8387                                                        11.80677
              3       698.57171     0.022162145      0.11753911       68.174462        3.050657      0.95475189     0.052035577     0.044839651   2.1129223e-09        2.104592         2.104592       1392.9342                                                          1381.1275                                                        11.80677
              1        698.2344     0.022168003      0.11720243       68.265687        3.051364      0.95649328     0.052961677     0.060238808   2.1144165e-09        2.104592         2.104592       1392.2596                                                          1381.2574                                                       11.002256
              2       697.97526     0.022168003      0.11720243       68.265687       3.0511472      0.95787384     0.052961677     0.060238808   2.1139582e-09        2.104592         2.104592       1391.7413                                                          1380.7391                                                       11.002256
             11       698.57317     0.022168003      0.11720243       68.265687       3.0312347      0.97539111     0.052961677     0.060238808   2.0722803e-09        2.104592         2.104592       1392.9371                                                          1381.9349                                                       11.002256
              9       698.79248     0.022322569      0.11699628       68.463511       3.0263411      0.97128831     0.049276178     0.064973761   2.0621642e-09        2.104592         2.104592       1393.3758                                                          1382.8226                                                       10.553167
              8       700.46192     0.022322569      0.11699628       68.463511       3.0414563      0.96346648     0.049276178     0.064973761   2.0935711e-09        2.104592         2.104592       1396.7147                                                          1386.1615                                                       10.553167
             19       698.97467     0.022322569      0.11699628       68.463511       3.0308137      0.97115818     0.049276178     0.064973761   2.0714081e-09        2.104592         2.104592       1393.7402                                                           1383.187                                                       10.553167
              8       699.47095     0.022322569      0.11699628       68.463511       3.0500972       0.9492039     0.049276178     0.064973761   2.1117397e-09        2.104592         2.104592       1394.7327                                                          1384.1795                                                       10.553167
              1       699.78888     0.022388606      0.11669823        68.49278       3.0551818      0.94685725      0.05148588     0.074311448   2.1225044e-09        2.104592         2.104592       1395.3686                                                          1384.8487                                                       10.519854
              1       698.00841     0.022388606      0.11669823        68.49278       3.0360291      0.96487532      0.05148588     0.074311448   2.0822394e-09        2.104592         2.104592       1391.8076                                                          1381.2878                                                       10.519854
              4       697.27124     0.022328745      0.11686865       68.779066       3.0447783      0.96643263     0.056230135     0.026471002   2.1005373e-09        2.104592         2.104592       1390.3333                                                          1379.9522                                                       10.381131
              8       697.28303     0.022328745      0.11686865       68.779066       3.0447094       0.9665276     0.056230135     0.026471002   2.1003926e-09        2.104592         2.104592       1390.3569                                                          1379.9758                                                       10.381131
              3       697.32558     0.022328745      0.11686865       68.779066       3.0575404      0.95386064     0.056230135     0.026471002   2.1275165e-09        2.104592         2.104592        1390.442                                                          1380.0608                                                       10.381131
              7       697.35467     0.022287026      0.11677133       68.776596       3.0557485      0.95565671     0.055932286     0.027505103   2.1237076e-09        2.104592         2.104592       1390.5002                                                           1380.064                                                         10.4362
              9       697.32845     0.022300429      0.11680385       68.810276       3.0554295      0.95497978     0.055567157     0.021598596   2.1230302e-09        2.104592         2.104592       1390.4477                                                          1379.9721                                                        10.47557
              8       697.27823     0.022300429      0.11680385       68.810276       3.0528145      0.95652637     0.055567157     0.021598596   2.1174858e-09        2.104592         2.104592       1390.3473                                                          1379.8717                                                        10.47557
              1       698.05948     0.022300429      0.11680385       68.810276       3.0518963      0.95592555     0.055567157     0.021598596   2.1155423e-09        2.104592         2.104592       1391.9098                                                          1381.4342                                                        10.47557
              1          698.08     0.022298488       0.1168487       68.775889        3.053847      0.95578286     0.056485513     0.023501697   2.1196732e-09        2.104592         2.104592       1391.9508                                                          1381.5466                                                       10.404238
              4       697.77305      0.02228698      0.11710595       68.796887       3.0536657      0.95549122     0.056121527     0.007781519   2.1192889e-09        2.104592         2.104592       1391.3369                                                          1380.9416                                                       10.395357
             17       698.00872      0.02228698      0.11710595       68.796887       3.0622574      0.95111085     0.056121527     0.007781519   2.1375756e-09        2.104592         2.104592       1391.8083                                                          1381.4129                                                       10.395357
              1       699.88364     0.021997362      0.11739861       68.481183       3.0430886      0.96308634     0.049436898     0.027907089    2.096991e-09        2.104592         2.104592       1395.5581                                                          1385.2736                                                       10.284474
              5       700.22907     0.022026874      0.11736502       68.654754       3.0471653       0.9627905     0.051290335      0.01812216   2.1055574e-09        2.104592         2.104592       1396.2489                                                          1385.8168                                                       10.432136
              7       700.31566     0.022026874      0.11736502       68.654754       3.0474327       0.9623288     0.051290335      0.01812216   2.1061204e-09        2.104592         2.104592       1396.4221                                                            1385.99                                                       10.432136
              7       701.34754     0.022026874      0.11736502       68.654754       3.0476206      0.95949215     0.051290335      0.01812216   2.1065162e-09        2.104592         2.104592       1398.4859                                                          1388.0538                                                       10.432136
              1       698.93742     0.022026874      0.11736502       68.654754        3.041086      0.96816352     0.051290335      0.01812216   2.0927958e-09        2.104592         2.104592       1393.6656                                                          1383.2335                                                       10.432136
              8       698.73944     0.022055388      0.11717106       68.743656       3.0509017       0.9671991     0.056145933     0.016773901   2.1134392e-09        2.104592         2.104592       1393.2697                                                          1382.6059                                                       10.663797
              3       698.76554     0.022000399      0.11712737       68.596887       3.0460766      0.96904794     0.054357319      0.02872524   2.1032663e-09        2.104592         2.104592       1393.3219                                                          1382.9138                                                       10.408133
              9       698.80516     0.022000399      0.11712737       68.596887       3.0463987      0.96889512     0.054357319      0.02872524   2.1039438e-09        2.104592         2.104592       1393.4011                                                           1382.993                                                       10.408133
              2       698.66695     0.022036647      0.11755478       68.691129       3.0449668      0.96664859     0.052620123    0.0016203188   2.1009335e-09        2.104592         2.104592       1393.1247                                                          1382.6989                                                       10.425809
              3       699.68106     0.022036647      0.11755478       68.691129       3.0382057      0.97645241     0.052620123    0.0016203188   2.0867767e-09        2.104592         2.104592       1395.1529                                                          1384.7271                                                       10.425809
              1       700.70899     0.022036647      0.11755478       68.691129       3.0275227      0.98494436     0.052620123    0.0016203188   2.0646024e-09        2.104592         2.104592       1397.2088                                                           1386.783                                                       10.425809
              2       699.52943     0.022036647      0.11755478       68.691129        3.029485      0.98110078     0.052620123    0.0016203188   2.0686577e-09        2.104592         2.104592       1394.8497                                                          1384.4239                                                       10.425809
              1       699.51881      0.02226241      0.11722778       68.755109       3.0230652        0.974725     0.047590022     0.034089928   2.0554197e-09        2.104592         2.104592       1394.8284                                                          1384.4586                                                       10.369863
              9        699.2203     0.022257457      0.11727347        68.79451       3.0221889      0.97457261     0.047110706      0.02407804   2.0536195e-09        2.104592         2.104592       1394.2314                                                          1383.8081                                                       10.423346
              5       699.87654     0.022277932      0.11687211       68.641058        3.022103      0.97476765     0.047447835     0.062376541    2.053443e-09        2.104592         2.104592       1395.5439                                                          1385.2526                                                       10.291248
             13       699.79277     0.022277932      0.11687211       68.641058       3.0383366      0.95771432     0.047447835     0.062376541   2.0870498e-09        2.104592         2.104592       1395.3764                                                          1385.0851                                                       10.291248
             10       699.62712     0.022256969      0.11710171       68.578312       3.0405492      0.95795383     0.048439255     0.059895731   2.0916727e-09        2.104592         2.104592        1395.045                                                          1384.7593                                                       10.285777
             16       698.32468     0.022290293      0.11735294       68.882929       3.0484072      0.95591933     0.051613942     0.013234071   2.1081739e-09        2.104592         2.104592       1392.4402                                                          1381.8917                                                       10.548447
              3       699.88913     0.022430955      0.11711282        68.34818       3.0397406      0.94915101     0.045872318     0.077146766    2.089982e-09        2.104592         2.104592       1395.5691                                                          1384.1749                                                       11.394205
              1        698.8661     0.022396084       0.1174575       68.512977       3.0385683      0.94876048     0.045048408     0.029432767   2.0875334e-09        2.104592         2.104592        1393.523                                                          1382.6374                                                       10.885668
              1       698.85515     0.022388504      0.11757347       68.516821       3.0381199      0.94858736      0.04471193     0.021419204   2.0865977e-09        2.104592         2.104592       1393.5011                                                          1382.5681                                                       10.933046
              3       698.60656     0.022332445      0.11748996       68.460665       3.0371622      0.95102339     0.044982213      0.02943981   2.0846003e-09        2.104592         2.104592       1393.0039                                                           1382.081                                                       10.922969
              1       698.62848     0.022332445      0.11748996       68.460665       3.0383831      0.95320454     0.044982213      0.02943981   2.0871469e-09        2.104592         2.104592       1393.0478                                                          1382.1248                                                       10.922969
              1       698.26503     0.022332445      0.11748996       68.460665       3.0358858       0.9555558     0.044982213      0.02943981   2.0819411e-09        2.104592         2.104592       1392.3209                                                          1381.3979                                                       10.922969
              2       699.32662     0.022309846      0.11667717        68.05015       3.0445795      0.95737986     0.050691693      0.10847555   2.1001198e-09        2.104592         2.104592       1394.4441                                                          1381.9365                                                       12.507536
              4       697.94796     0.022304876       0.1166901       68.360764       3.0510229      0.95951848     0.054176561     0.090572356   2.1136954e-09        2.104592         2.104592       1391.6867                                                          1381.0116                                                       10.675149
              6       696.63891     0.022278436        0.117706       68.479575       3.0512874      0.95713944     0.052965469      0.02022588   2.1142546e-09        2.104592         2.104592       1389.0686                                                          1378.2917                                                       10.776947
              9       696.67005     0.022273442      0.11772264       68.449345       3.0509905      0.95737969      0.05285658     0.023890449   2.1136269e-09        2.104592         2.104592       1389.1309                                                          1378.2607                                                       10.870264
              3       696.72894     0.022323778      0.11806902       68.424494       3.0517576      0.95491794     0.052202378     0.018465248   2.1152489e-09        2.104592         2.104592       1389.2487                                                          1377.9185                                                       11.330191
              7       696.32018     0.022323778      0.11806902       68.424494       3.0440835      0.96103412     0.052202378     0.018465248   2.0990784e-09        2.104592         2.104592       1388.4312                                                           1377.101                                                       11.330191
              2       697.22659     0.022348281      0.11780076       68.389884       3.0339729      0.96050535     0.047247658     0.029966438   2.0779625e-09        2.104592         2.104592        1390.244                                                          1378.7857                                                       11.458311
              4       697.65546     0.022348281      0.11780076       68.389884       3.0386221      0.95779782     0.047247658     0.029966438   2.0876458e-09        2.104592         2.104592       1391.1017                                                          1379.6434                                                       11.458311
              4       698.00854     0.022348281      0.11780076       68.389884       3.0382131      0.95880692     0.047247658     0.029966438   2.0867922e-09        2.104592         2.104592       1391.8079                                                          1380.3496                                                       11.458311
              1       697.86069     0.022283031      0.11698045        68.70452       3.0349224      0.96398826     0.047627558     0.027428367   2.0799365e-09        2.104592         2.104592       1391.5122                                                          1381.1965                                                       10.315706
              2       697.94968     0.022335952      0.11699396       68.791876       3.0358901      0.96202997     0.047523213     0.020208973   2.0819502e-09        2.104592         2.104592       1391.6902                                                          1381.3181                                                       10.372086
              1       698.48502     0.022340764      0.11678278       68.893077       3.0335661      0.96232915     0.046621282     0.015606416   2.0771173e-09        2.104592         2.104592       1392.7609                                                          1382.1376                                                        10.62321
              3       698.34674     0.022328386      0.11688705       68.896708       3.0329654      0.96241417     0.046283874    0.0082625615   2.0758698e-09        2.104592         2.104592       1392.4843                                                           1381.872                                                       10.612324
              2       698.28174     0.022328386      0.11688705       68.896708       3.0320309      0.96319234     0.046283874    0.0082625615   2.0739309e-09        2.104592         2.104592       1392.3543                                                           1381.742                                                       10.612324
              7       698.25738     0.022326811      0.11689182       68.898506       3.0320855      0.96322658     0.046319694     0.007601198   2.0740443e-09        2.104592         2.104592       1392.3056                                                          1381.6877                                                       10.617885
              1       699.88732     0.022326811      0.11689182       68.898506       3.0387279      0.95847275     0.046319694     0.007601198   2.0878667e-09        2.104592         2.104592       1395.5655                                                          1384.9476                                                       10.617885
              7       700.49061     0.022070474      0.11692227        68.31321       3.0366621      0.96874249     0.048108301     0.070560615    2.083558e-09        2.104592         2.104592        1396.772                                                          1386.3128                                                       10.459194
              1       700.49532     0.022067337      0.11697655       68.309734       3.0360748        0.968695     0.047762864     0.067885107   2.0823346e-09        2.104592         2.104592       1396.7815                                                          1386.3014                                                       10.480025
              5       698.79093     0.022067337      0.11697655       68.309734       3.0315083      0.97078695     0.047762864     0.067885107   2.0728474e-09        2.104592         2.104592       1393.3727                                                          1382.8927                                                       10.480025
              4       698.96066      0.02235629      0.11783814       68.160318       3.0381115      0.95574364     0.046392921      0.04967877   2.0865801e-09        2.104592         2.104592       1393.7121                                                          1380.5279                                                       13.184284
              2        700.6479     0.022318896      0.11708172       67.780387       3.0391465      0.95954698     0.048519713      0.13477514   2.0887407e-09        2.104592         2.104592       1397.0866                                                          1381.6195                                                       15.467143
              5       700.89131     0.022314119      0.11726683       67.748342       3.0377936      0.95935684     0.047624721      0.13086343    2.085917e-09        2.104592         2.104592       1397.5734                                                          1381.4798                                                       16.093583
             17       700.32019     0.022321797      0.11823346        67.85148       3.0368704      0.95605696     0.045549148     0.069026439    2.083992e-09        2.104592         2.104592       1396.4312                                                          1379.7128                                                       16.718377
              6       701.70249      0.02225937      0.11974661       67.743597       3.0351489      0.95487594     0.043105619     0.013835483   2.0804075e-09        2.104592         2.104592       1399.1958                                                          1378.5324                                                       20.663346
              1       702.59238      0.02225937      0.11974661       67.743597        3.041686      0.94880333     0.043105619     0.013835483   2.0940519e-09        2.104592         2.104592       1400.9756                                                          1380.3122                                                       20.663346
              3       702.75876     0.022272317      0.11978721       67.746793       3.0412904       0.9482874     0.042713396      0.01310726   2.0932236e-09        2.104592         2.104592       1401.3083                                                          1380.4738                                                       20.834544
              6       702.66328     0.022264413      0.11987177       67.761901       3.0409436      0.94834903     0.042495077    0.0065400217   2.0924978e-09        2.104592         2.104592       1401.1174                                                          1380.4119                                                       20.705489
              2       702.20373     0.022296626      0.11859332       67.763186       3.0419736       0.9518875     0.044770112      0.08139283   2.0946543e-09        2.104592         2.104592       1400.1983                                                          1382.3161                                                       17.882138
              1       702.82522     0.022296626      0.11859332       67.763186       3.0228253        0.965734     0.044770112      0.08139283   2.0549267e-09        2.104592         2.104592       1401.4413                                                          1383.5591                                                       17.882138
             12       702.82967     0.022324719       0.1183415       67.865835       3.0169606      0.96525517     0.041903009     0.078671594   2.0429105e-09        2.104592         2.104592       1401.4502                                                          1385.0425                                                       16.407664
              3       702.36507     0.022323053      0.11858951       67.891075       3.0177247       0.9646488     0.041922937     0.064138801   2.0444721e-09        2.104592         2.104592        1400.521                                                          1383.9948                                                       16.526145
             10       701.29174     0.022314911      0.11871624       67.992025       3.0181431      0.96420563     0.041980475     0.040768473   2.0453278e-09        2.104592         2.104592       1398.3743                                                          1382.7923                                                       15.581997
             10       700.61453     0.022314911      0.11871624       67.992025       3.0195861      0.96480953     0.041980475     0.040768473   2.0482812e-09        2.104592         2.104592       1397.0199                                                          1381.4379                                                       15.581997
              5       700.68595     0.022314911      0.11871624       67.992025       3.0229855       0.9591717     0.041980475     0.040768473    2.055256e-09        2.104592         2.104592       1397.1627                                                          1381.5807                                                       15.581997
              2       703.31573     0.022497119      0.11847791       68.052034        3.020345       0.9527424     0.039016672     0.053079549   2.0498363e-09        2.104592         2.104592       1402.4223                                                          1386.3668                                                       16.055459
              6       702.34152     0.022438491      0.11635694       68.460983       3.0393766       0.9572207     0.052051574     0.065963998   2.0892216e-09        2.104592         2.104592       1400.4739                                                          1389.6924                                                       10.781442
              1       701.20005     0.022250137      0.11665302       68.487129       3.0227557      0.96426232     0.045409534     0.038342178   2.0547838e-09        2.104592         2.104592       1398.1909                                                          1387.7356                                                       10.455346
              2       700.92166     0.022250137      0.11665302       68.487129       3.0206314      0.96817346     0.045409534     0.038342178   2.0504234e-09        2.104592         2.104592       1397.6341                                                          1387.1788                                                       10.455346
              6       700.16525      0.02230205       0.1166853       68.389082       3.0225601      0.96667613     0.045821988     0.059127489   2.0543818e-09        2.104592         2.104592       1396.1213                                                          1385.3574                                                       10.763964
             10        699.4002     0.022297935      0.11712169       68.485057        3.034131      0.96490121     0.050905621     0.022702292   2.0782909e-09        2.104592         2.104592       1394.5912                                                          1383.8811                                                       10.710123
              2       698.97234     0.022317235      0.11735195       68.349029       3.0463915      0.96364137      0.05649105     0.035946495   2.1039287e-09        2.104592         2.104592       1393.7355                                                          1382.3466                                                       11.388914
              5       699.07882     0.022319021      0.11728493       68.323889       3.0463666      0.96373919     0.056560275     0.042206767   2.1038763e-09        2.104592         2.104592       1393.9485                                                          1382.4777                                                       11.470791
