#                 weight             minuslogpost                 omegabh2                 omegach2                       H0                     logA                       ns                      tau                      mnu                       As            minuslogprior         minuslogprior__0                     chi2 chi2__sbt_spt_audit.likelihoods.candl_cobaya.CandlCobayaLikelihood chi2__sbt_spt_audit.likelihoods.desi_dr2_bao.DESIDR2BAOGaussian
                       1       700.43423460727092     0.022025161814899111      0.11753467266904283        68.12455503467713       3.0232983714098944      0.97900513709534387     0.048816944440686925     0.054585035046629642   2.0558991162471061e-09       3.4908863374028734       3.4908863374028734        1393.886696539736                                                 1382.4768847975777                                              11.409811742158368
                       6       699.29479450512645     0.022162723103009357      0.11818990853570727        68.14397104047309       3.0315425985128206      0.97128301553784246     0.050382274345396071     0.029684184375550256    2.072918474794139e-09       3.4908863374028734       3.4908863374028734       1391.6078163354471                                                 1379.0774833792304                                              12.530332956216535
                      10       698.50583437537421     0.022162723103009357      0.11818990853570727        68.14397104047309       3.0365625996248786      0.96679640717921023     0.050382274345396071     0.029684184375550256   2.0833506908027918e-09       3.4908863374028734       3.4908863374028734       1390.0298960759426                                                  1377.499563119726                                              12.530332956216535
                       2       698.45534100427346     0.022180135678359813      0.11807527884762083       68.185749975248385       3.0346560243072598      0.96696052967766954     0.049462269012783659     0.034914008708062487   2.0793824099130299e-09       3.4908863374028734       3.4908863374028734       1389.9289093337411                                                  1377.776525755799                                              12.152383577942144
                       3       699.27092036165004     0.022180135678359813      0.11807527884762083       68.185749975248385        3.030043402194659      0.96951001480972154     0.049462269012783659     0.034914008708062487   2.0698130914201742e-09       3.4908863374028734       3.4908863374028734       1391.5600680484943                                                 1379.4076844705521                                              12.152383577942144
                       2       700.09020073542331     0.022180922411672927      0.11812049432721175       68.000037894131111       3.0379861567387061      0.96981173458219283     0.053447945988535146     0.059115351137930705   2.0863185714718967e-09       3.4908863374028734       3.4908863374028734       1393.1986287960408                                                 1379.5751360542151                                              13.623492741825649
                       2       700.62955677126854     0.022101896129005743      0.11866595582258642       68.010249482052643       3.0395414108219727      0.97181155528729657      0.05428641932993572     0.037237487023310194   2.0895658514673619e-09       3.4908863374028734       3.4908863374028734       1394.2773408677313                                                 1380.6718621615935                                               13.60547870613782
                       3       700.03919004202373     0.022101896129005743      0.11866595582258642       68.010249482052643       3.0526704453861746      0.96216302582511204      0.05428641932993572     0.037237487023310194   2.1171807153396543e-09       3.4908863374028734       3.4908863374028734       1393.0966074092416                                                 1379.4911287031039                                               13.60547870613782
                       5       700.14986925726555     0.022096191752529689      0.11871947386158582        67.99628207552955         3.05287561704111      0.96222190457154733     0.054367636414817566     0.036286353862693986   2.1176151453756584e-09       3.4908863374028734       3.4908863374028734       1393.3179658397253                                                 1379.5524565258988                                              13.765509313826483
                       4        700.2741071241029     0.022088485753069025      0.11876419384664094       67.967028227830127       3.0509187337279564      0.96239470261719817     0.053396151623731784     0.036907768327853731   2.1134752715800662e-09       3.4908863374028734       3.4908863374028734          1393.5664415734                                                 1379.5079247874467                                              14.058516785953389
                       2       699.77587879087366     0.022155665711482232      0.11877134167364238       68.178960542255638       3.0481678529303866      0.96048458197821174     0.051325251209288915     0.022907080187172659   2.1076693424101594e-09       3.4908863374028734       3.4908863374028734       1392.5699849069415                                                 1380.0198653662158                                              12.550119540725827
                       6       699.73270435861184     0.022152828871468081      0.11875643293698251       68.183808062243784       3.0480110778516161      0.96060170492630292     0.051296715101868375     0.022486440658420377    2.107338938283224e-09       3.4908863374028734       3.4908863374028734       1392.4836360424179                                                 1379.9960027456402                                              12.487633296777611
                       2       700.29145669785623     0.022152828871468081      0.11875643293698251       68.183808062243784       3.0411544417301903      0.96297938195276511     0.051296715101868375     0.022486440658420377   2.0929391056207433e-09       3.4908863374028734       3.4908863374028734       1393.6011407209066                                                  1381.113507424129                                              12.487633296777611
                       5       700.48734868199222     0.022166981499662414      0.11881158776646439       68.190587192952734       3.0407932583106896       0.9624988949481651     0.050896011150083131     0.022221208010585046   2.0921833072169105e-09       3.4908863374028734       3.4908863374028734       1393.9929246891786                                                 1381.4495933145565                                              12.543331374622115
                       4       701.88663894510671     0.022149905388562079      0.11745882305656852       68.234999556221396       3.0319634741430779      0.96791541258167169     0.048854532074424126     0.077248701533906963       2.073791099284e-09       3.4908863374028734       3.4908863374028734       1396.7915052154076                                                 1385.7345934166015                                              11.056911798806119
                       6       701.55258722855285     0.022299814137579196      0.11703479942609382       68.296759404402351       3.0357600855555327      0.96341347649191333     0.049806876225962519      0.09640229427831154   2.0816794432515719e-09       3.4908863374028734       3.4908863374028734       1396.1234017822999                                                 1385.1330431484907                                              10.990358633809137
                       3       702.70900341487265     0.022229851110551899      0.11545798823924082       68.270380196323799       3.0405434578454442      0.96943291590610181     0.055349321034892665      0.14911126970639349   2.0916607441243587e-09       3.4908863374028734       3.4908863374028734       1398.4362341549395                                                 1388.0665365588995                                              10.369697596039909
                       2       701.68656308116579       0.0223432841210718      0.11563688843029978       68.323966124366322       3.0465965316393588      0.96354493980533373     0.056774596891554202       0.1337612065820368   2.1043601173068017e-09       3.4908863374028734       3.4908863374028734       1396.3913534875257                                                  1385.897872053341                                              10.493481434184709
                       4       701.46084871947983       0.0223432841210718      0.11563688843029978       68.323966124366322       3.0495707933012866      0.96113977568004494     0.056774596891554202       0.1337612065820368   2.1106283519907967e-09       3.4908863374028734       3.4908863374028734       1395.9399247641538                                                  1385.446443329969                                              10.493481434184709
                       4       701.58671776067126     0.022371492738845471      0.11578429555893666       68.257769772029832       3.0507569261667813      0.95889460774969282     0.056759371429332676      0.12987206098359971   2.1131333229664496e-09       3.4908863374028734       3.4908863374028734       1396.1916628465367                                                 1385.3321792117333                                              10.859483634803379
                       2       701.47342126013098     0.022340190348031294      0.11664482654071366       68.002276010381607       3.0430705466503785      0.95839581823969655     0.051959517222849416      0.12681897464756781    2.096953241062869e-09       3.4908863374028734       3.4908863374028734       1395.9650698454561                                                  1383.078943899962                                              12.886125945494026
                       3       701.81494254784764     0.022340190348031294      0.11664482654071366       68.002276010381607       3.0364091869119001      0.97011130445909088     0.051959517222849416      0.12681897464756781   2.0830311028362852e-09       3.4908863374028734       3.4908863374028734       1396.6481124208894                                                 1383.7619864753954                                              12.886125945494026
                       3       701.36353813353912     0.022199739107266719      0.11680787299811811       68.130102934275598       3.0270043722571116      0.97390061435216491      0.04836144003697862     0.086859364158200086   2.0635324158845815e-09       3.4908863374028734       3.4908863374028734       1395.7453035922724                                                 1384.1630555196193                                               11.58224807265313
                       8        700.4758780957518     0.022199739107266719      0.11680787299811811       68.130102934275598       3.0292731842787188      0.97082610728089236      0.04836144003697862     0.086859364158200086   2.0682194980803669e-09       3.4908863374028734       3.4908863374028734       1393.9699835166978                                                 1382.3877354440447                                               11.58224807265313
                       4       701.35987531224862     0.022178003808668294      0.11663897196422846       68.192914403493532       3.0224848358092302      0.97177075458992612     0.045397996329683908     0.080903887524668192   2.0542272492785229e-09       3.4908863374028734       3.4908863374028734       1395.7379779496914                                                 1384.6345949436889                                              11.103383006002671
                       1       701.11727090640795     0.022178003808668294      0.11663897196422846       68.192914403493532       3.0224034442501351      0.96814499891454253     0.045397996329683908     0.080903887524668192   2.0540600593239863e-09       3.4908863374028734       3.4908863374028734       1395.2527691380101                                                 1384.1493861320075                                              11.103383006002671
                       3       706.56148089317821     0.022471957961643106      0.11885320769070871        67.52701117875786       3.0346593204927377       0.9514845530362761     0.045022586412573444     0.090471680216949721   2.0793892639544285e-09       3.4908863374028734       3.4908863374028734       1406.1411891115506                                                 1381.1964815852439                                              24.944707526306754
                       1       706.89042401296274     0.022471957961643106      0.11885320769070871        67.52701117875786       3.0354804984081936      0.94994301128383318     0.045022586412573444     0.090471680216949721   2.0810975137881485e-09       3.4908863374028734       3.4908863374028734       1406.7990753511197                                                 1381.8543678248129                                              24.944707526306754
                       1       707.40184984483244     0.022471957961643106      0.11885320769070871        67.52701117875786       3.0477421603341446      0.94023183964213075     0.045022586412573444     0.090471680216949721   2.1067723141184664e-09       3.4908863374028734       3.4908863374028734       1407.8219270148591                                                 1382.8772194885523                                              24.944707526306754
                       2       705.84336188445809     0.022475236368611189      0.11917711068516469       67.628006377887232       3.0642589449249389      0.93846035998097721     0.052725370446185645     0.063461254443718751   2.1418583754393965e-09       3.4908863374028734       3.4908863374028734       1404.7049510941104                                                 1380.7293538849926                                              23.975597209117662
                       4       704.74569040568247     0.022557352894215746      0.11833897044642508       67.965134286361177       3.0602730656709367      0.93717769421616859     0.051068541485076821      0.05914041227413995   2.1333381780948336e-09       3.4908863374028734       3.4908863374028734       1402.5096081365591                                                 1384.7118076444865                                              17.797800492072664
                       1       704.31509354166565     0.022557352894215746      0.11833897044642508       67.965134286361177       3.0587039143346955      0.94038611812239692     0.051068541485076821      0.05914041227413995   2.1299932726597669e-09       3.4908863374028734       3.4908863374028734       1401.6484144085255                                                 1383.8506139164529                                              17.797800492072664
                       5       705.23522970380895     0.022548233078617669      0.11855532399976505       67.902287301037831        3.050357922055861      0.94022101802727909     0.046631145215656825     0.056038149584354185   2.1122903422712285e-09       3.4908863374028734       3.4908863374028734       1403.4886867328121                                                 1384.4472983585229                                               19.04138837428912
                       2        705.3451430312856     0.022419843288913735      0.11868039316179245       67.533306654614293       3.0609506895886023      0.94518501802770827     0.053237977062734525     0.090173502266799904   2.1347842689663267e-09       3.4908863374028734       3.4908863374028734       1403.7085133877654                                                 1379.9026987026032                                              23.805814685162137
                       1       704.54559799923209     0.022400067240661237      0.11871221491194525       67.601628186190553       3.0637231728347096      0.94568446292647868     0.054779850292163472     0.079502256542548708   2.1407111348577977e-09       3.4908863374028734       3.4908863374028734       1402.1094233236583                                                   1379.70267373354                                              22.406749590118405
                       3       703.75840375171651     0.022074483479872533      0.11877353913061654       67.668663023530328       3.0367281916477737      0.96036307763389428     0.044855078927350474     0.069296326901854721   2.0836957056231441e-09       3.4908863374028734       3.4908863374028734       1400.5350348286272                                                 1383.0987401700825                                               17.43629465854476
                       8       703.78252555373012     0.022074140301392695      0.11877755076949377       67.665554478240352        3.036696973400788      0.96035978054518789     0.044836398049984363     0.069401771398945475   2.0836306573113158e-09       3.4908863374028734       3.4908863374028734       1400.5832784326544                                                 1383.0994574376862                                              17.483820994968312
                       2       705.31337282648849     0.022074140301392695      0.11877755076949377       67.665554478240352       3.0384745098385491      0.96121575876748033     0.044836398049984363     0.069401771398945475   2.0873376804357918e-09       3.4908863374028734       3.4908863374028734       1403.6449729781712                                                 1386.1611519832029                                              17.483820994968312
                       2       706.42209247618246     0.021944057900677022      0.11800360000591623       67.689730518913876       3.0334590980203648      0.96859220092412057     0.044961400237682247     0.091725260369150269   2.0768950313474517e-09       3.4908863374028734       3.4908863374028734       1405.8624122775591                                                 1391.0384706926354                                              14.823941584923716
