#                 weight             minuslogpost                 omegabh2                 omegach2                       H0                     logA                       ns                      tau               mnu_sample                 A_planck               TT_tSZ_Amp               TT_kSZ_Amp                       As                      mnu                chi2__CMB            minuslogprior         minuslogprior__0                     chi2 chi2__sbt_spt_audit.likelihoods.candl_cobaya.CandlCobayaLikelihood chi2__sbt_spt_audit.likelihoods.desi_dr2_bao.DESIDR2BAOGaussian chi2__planck_2018_lowl.TT chi2__planck_2018_lowl.EE_sroll2 chi2__planck_2018_highl_plik.TT_lite_native chi2__planckpr4lensing.PlanckPR4Lensing
                      17       1520.7755014177205     0.022874495554180557      0.11665484940236061       68.764588600740254       3.0293658068090084      0.97994957644217751     0.053875916728697834     0.065888338690713227      0.99332129981548412        2.255902401354315       9.4828338478223824   2.0684110706753056e-09     0.065888338690713227       499.11124271678005       5.7934714303969193       5.7934714303969193       3029.9640599746472                                                 2519.9601249837451                                               10.89269227412173        21.253807876757378               390.66823578755009                          78.237761496487792                      8.9514375559848087
                       5       1518.9590986400613     0.022846450774244124      0.11629060690776981       68.794194149495823       3.0322731756731161      0.98078378649421194     0.055458783160187063     0.047165098733484082      0.99483861214059477       2.2573280487209884       9.2001813688759047    2.074433455024571e-09     0.047165098733484082       496.91296462731867       5.7934714303969193       5.7934714303969193       3026.3312544193286                                                 2518.5411860239142                                              10.877103768095632        21.036914164615268               390.43592834502982                          76.658013473787349                      8.7821086438862572
                       1       1519.7972333935304     0.022632970278846885      0.11790967654198541       68.326730799149885       3.0330777519773671      0.97437458769647134     0.053113799713695155     0.041968975611963541      0.99636671290462364       1.6827048202267583       9.9093752354037061   2.0761031666423578e-09     0.041968975611963541       493.30147856990868       5.7934714303969193       5.7934714303969193       3028.0075239262669                                                 2521.1229677630781                                              13.583077593279762        21.872281419712863               390.59855256264632                          72.486527223334434                      8.3441173642151156
                       8       1519.6542209320253     0.022538447999609416      0.11830193532117141       68.151251459492059       3.0336161278627976      0.97449272823156052     0.052881944066784495     0.022797663727734452      0.99770735221708984       1.6833714577698982        9.785096673103812   2.0772211914547383e-09     0.022797663727734452       492.64876418686015       5.7934714303969193       5.7934714303969193       3027.7214990032567                                                 2519.5035919194092                                               15.56914289698709        21.683249252080543                390.7213659534529                          71.910810076971657                      8.3333389043550703
                       1       1519.4026246405804     0.022503300786027504      0.11795680097171359       68.313917024076389       3.0351207122608841      0.97626580220493675     0.053381794756224392     0.018150532022595964      0.99841959111657042        2.982100301680219       9.5681716144451432   2.0803488984102844e-09     0.018150532022595964       492.54084145331638       5.7934714303969193       5.7934714303969193       3027.2183064203668                                                 2521.4631528991408                                              13.214312067909763        21.408361686971489               390.63160913183305                          72.172314718384044                      8.3285559161278329
                       1        1520.132614696317     0.022501183400741774      0.11780239523479531       68.180502432945929       3.0346041711492191      0.97641703794469681     0.052652744964532275     0.032385232188304733      0.99908373028995856       2.9826956487475651       9.4583935545383415    2.079274590163723e-09     0.032385232188304733       493.03813043486451       5.7934714303969193       5.7934714303969193       3028.6782865318401                                                 2521.2908202561407                                              14.349335840834568        21.345129444149052                390.8578688983585                           72.49632864652348                      8.3388034458334985
                      19       1516.6385585254454     0.022532902941132596      0.11740785389990277       68.175087198120522       3.0350395772326753      0.97842258774677293     0.053715785472440387     0.058047089313904877       1.0000592030369959       2.1412098398097341       9.8751094078460273    2.080180116090899e-09     0.058047089313904877       494.15100491383589       5.7934714303969193       5.7934714303969193        3021.690174190097                                                 2513.5876640574543                                              13.951505218806856        20.956358082426448               390.68092496067828                          73.440907192447341                      9.0728146782838142
                       3       1517.2729694999903     0.022564994537127878      0.11718001979940543       68.043341218159966       3.0369899942786098      0.98016545324365323     0.054778753513553678     0.085511264578864835      0.99926547010496647       2.1439177221406207       9.7312554952465486   2.0842412940558659e-09     0.085511264578864835       493.85236338477478       5.7934714303969193       5.7934714303969193       3022.9589961391866                                                 2513.9247103078987                                               15.18192244651312        20.827616822780669               390.49217386251439                          73.279136586372715                      9.2534361131070053
                       1        1517.070756562051     0.022562224177508656      0.11708018199407105       68.028898843231033       3.0378610063895484      0.97929894201289314     0.055130924840319881     0.089330326812222555      0.99956065347163181       2.1423560206921928       9.7899775428999565   2.0860574843121381e-09     0.089330326812222555       493.38575189807574       5.7934714303969193       5.7934714303969193       3022.5545702633081                                                 2513.9633699961046                                              15.205448369127573        20.918887496184652               390.42217266590279                          72.660046434465599                      9.3846453015227365
                       6       1515.5721330320598     0.022570985550017113      0.11682844670498366       68.310152283895349       3.0440703444190569      0.98065747922722035     0.059348221380482347     0.077089190898064916      0.99843717509081498       2.1419383083585304       9.8580228774055385   2.0990508186362675e-09     0.077089190898064916       492.80680947642168       5.7934714303969193       5.7934714303969193       3019.5573232033257                                                 2514.4697418069582                                               12.28077191994595        20.876691658351717               390.38329572124582                          72.624440321503641                      8.9223817753204973
                       7       1517.0944474029486     0.022734778661478064      0.11646230488526071       68.828334128471468       3.0498251265805369      0.97813394511526752     0.062453261744057152     0.051019958689077285        0.996508987246703       2.1515587614705374       9.8109572102502849   2.1111652232900626e-09     0.051019958689077285       494.90338360543569       5.7934714303969193       5.7934714303969193       3022.6019519451033                                                 2517.2036040289308                                              10.494964310736902        21.555450780333103               390.90354255943265                          74.169183880153938                      8.2752063855160429
                       6       1521.3536774063564     0.022734509338082538      0.11642894842763492       68.857025493172088       3.0506039339575084      0.97831510218496753     0.062602307541387889     0.049505988016819873      0.99679433248043403       1.3444678816975975        9.594920887757489   2.1128100547602696e-09     0.049505988016819873       494.79568612388022       5.7934714303969193       5.7934714303969193       3031.1204119519189                                                 2525.8573461757364                                              10.467379652302119        21.532544285105701                390.8809238793396                          74.118203792286451                      8.2640141671484528
                       8       1521.6645452870446      0.02275173230026057       0.1162365236648024       68.781092323825646       3.0507377649125722      0.97863735351420467     0.062541631752823887     0.068940950910186399      0.99706194285514538       1.3447618194069508       9.5717996303417259   2.1130928330695901e-09     0.068940950910186399        495.1340786099608       5.7934714303969193       5.7934714303969193       3031.7421477132953                                                  2526.098192762794                                              10.509876340540298        21.470261941059391               390.88929631296782                          74.333918338453032                      8.4406020174805843
                       4       1519.8640986036276     0.022774154942009895      0.11636199705821637       68.821878702355562       3.0465788209510043      0.97931946066419628     0.061209057990319476     0.069854458623173993      0.99879752395611343       2.7067747472221946       9.0895097780275371   2.1043228479706122e-09     0.069854458623173993       492.48153826321754       5.7934714303969193       5.7934714303969193       3028.1412543464612                                                 2525.2003811084514                                              10.459334974792149        21.094792317655106               390.54022982598963                          71.284231424727082                      9.5622846948457685
                       3       1522.9796482240215     0.022757938536514557      0.11536553862779871       69.458959399509325        3.044965293195196      0.98901713136045455     0.063366804992943893     0.040632809044006221      0.99640737749420616       2.7154503037650923       8.7380270066226142   2.1009302024481429e-09     0.040632809044006221       495.89325535425547       5.7934714303969193       5.7934714303969193       3034.3723535872491                                                 2524.9602298454224                                              13.518868387571404        20.208523393989424               390.97267989075118                          75.005919290612752                      9.7061327789021679
                       4       1520.9381898242325     0.022752177440562887      0.11615434635393722       68.660717337578504       3.0594259954580103      0.98407217507960154     0.069429034957494404     0.075178065259843413      0.99685735392917885       2.7243195702547971       9.1863983508427438   2.1315318560188905e-09     0.075178065259843413       496.24541092546906       5.7934714303969193       5.7934714303969193       3030.2894367876711                                                  2523.231826198944                                              10.812199663258298         20.68971553973887               393.39771837455123                          73.682494519274698                       8.475482491904252
                       3       1520.0654434399139     0.022645411508082344      0.11734929429804196       68.571327399306341        3.051513847408073      0.98273367281074508     0.065532290414739403     0.029319811690470154      0.99549612466915849        2.068246531840491       9.2707837299555571   2.1147334039555335e-09     0.029319811690470154       496.08297613110511       5.7934714303969193       5.7934714303969193       3028.5439440190339                                                 2520.9370422060929                                              11.523925681835674        20.794432585226446               391.90514771861427                          75.012948322768167                      8.3704475044962035
                       5       1520.3169721840998     0.022704337935959995      0.11716197135558476        68.74326005598239       3.0484805549756047      0.98468426065206438     0.064823586439607894     0.021099348159976994      0.99466114482348067         2.12900171489866       9.0387391860472199   2.1083285179815779e-09     0.021099348159976994       496.58609023466403       5.7934714303969193       5.7934714303969193       3029.0470015074056                                                 2521.5551495626764                                              10.905761710065443         20.59849027411758               391.58468635552526                          76.070175995985565                      8.3327376090356307
                       4       1518.5407493481871     0.022748158497830236      0.11563878163820035       68.812088092593697       3.0596655543123785      0.98495253270285754     0.070470416282535323     0.081636577615100347       0.9959334873435457       2.3556658297713096       9.8529927554789971   2.1320425445159013e-09     0.081636577615100347       496.50629776244199       5.7934714303969193       5.7934714303969193       3025.4945558355803                                                 2518.5274849991042                                               10.46077307403405        20.656934795882137                 393.798945114182                          73.336915336785921                      8.7135025155919514
                       9       1520.2350136087184      0.02269926174240576      0.11479453423811536        68.78020942960292       3.0631155816965356      0.98670169273222885     0.072286634156752239      0.11226190386765954      0.99699503047729021       2.3542031725923271       9.8210314450749081   2.1394108528027961e-09      0.11226190386765954       498.79708962817159       5.7934714303969193       5.7934714303969193       3028.8830843566429                                                 2519.5775037603466                                              10.508490968124923        20.450499294640849               394.64092140434514                          73.845620809143128                      9.8600481200424603
                       2        1520.404061481066     0.022675736246236314      0.11613697561630101       68.950910908223875       3.0655582331439843      0.98398119832783459     0.069887552161097072     0.031160677821330141      0.99921584781032735        2.444571675478576       9.0966687189673152   2.1446430754656885e-09     0.031160677821330141       496.64812284491126       5.7934714303969193       5.7934714303969193       3029.2211801013382                                                 2522.0058771324038                                              10.567180124023867        20.755660837639482               393.61578731685336                          73.995368544967931                      8.2813061454505199
                       1       1524.3161691283465     0.022674093493888547      0.11605879717348813       68.964029282779336       3.0668761287078015      0.98415584626384811     0.070268511039896314     0.033386129875226378        1.002934081934258       2.4444051199558858       9.0509764456724113   2.1474713543395486e-09     0.033386129875226378       503.59303128398625       5.7934714303969193       5.7934714303969193        3037.045395395899                                                 2522.8532076872175                                              10.599156424695543        20.484540182437001               393.77093312614414                          80.962251779168653                      8.3753061962364637
                       3       1524.8816616960023     0.022608437858936441       0.1153736612681284       68.732272594499591       3.0633649323392369       0.9883782909833837     0.070900889749990398     0.053961268951669736      0.99942321857776084       1.6783191183165975       9.1167949828774582    2.139944382789203e-09     0.053961268951669736       502.33983219536157       5.7934714303969193       5.7934714303969193       3038.1763805312107                                                 2525.2543248834336                                              10.582223452415773        20.202383575810984                393.9361023241521                          79.836167214946428                      8.3651790804520552
                       1       1526.1261633087699     0.022649386227900373      0.11542174096692175       68.752288488734109        3.065753286560037       0.9894236680598556      0.07260409282645118     0.053373158441112144      0.99871104853202564        1.689706542372486       9.0006367520341986   2.1450614362237925e-09     0.053373158441112144        503.7620668933821       5.7934714303969193       5.7934714303969193        3040.665383756746                                                 2526.2984324784961                                              10.604884384867457        20.158531176195424                394.8406083013528                          80.500091758793545                      8.2628356570403625
                       6       1528.0587440088593     0.022455940564088728      0.11605724750639651       68.445298384751524       3.0743101900140606      0.98374594846186469     0.074747841160241565     0.039657329675470768      0.99838848445081863       1.6792574217991183       9.3302121855367446   2.1634952756507177e-09     0.039657329675470768       504.88596197970918       5.7934714303969193       5.7934714303969193       3044.5305451569247                                                  2528.517576958553                                              11.127006218662368        20.847237797784828               396.61380493052951                          78.408399276623825                      9.0165199747710538
                       1       1527.4962749417111     0.022423554917112325      0.11644975134910884       68.336270151180884       3.0737326176450277      0.98336924179324603     0.075073602670967993     0.032798958718904717      0.99872300711292905       1.6793432163988022       9.4669312437964361   2.1622460613495273e-09     0.032798958718904717        504.4914730429885       5.7934714303969193       5.7934714303969193       3043.4056070226284                                                   2527.12400455446                                              11.790129425179456        20.781663662081257                396.8457789314661                          77.877281147299001                      8.9867493021421083
                       1        1528.810468032435      0.02255353189872876      0.11733159816025607       67.923267925956651       3.0487618728445125      0.98489169899625484     0.061798048043025515     0.033888944154911498      0.99806544182309054       1.6727275748961465       8.8261109562233848   2.1089217119013269e-09     0.033888944154911498       501.86683680894117       5.7934714303969193       5.7934714303969193       3046.0339932040761                                                 2525.8309057568904                                              18.336250638244124        20.436114628675739               390.86448317772579                          81.998169145700388                      8.5680698568392835
                       4       1520.4768001370428     0.022572852702493026      0.11676634805992334       67.675617965967504        3.040274961566952      0.98197455714887361      0.05812796900117706      0.12747274646993342      0.99727650177776739       1.8643727186215751       9.7879988231212316   2.0910992163861205e-09      0.12747274646993342       495.55650922946739       5.7934714303969193       5.7934714303969193       3029.3666574132917                                                 2513.9943181707454                                              19.815830013079147        20.683525515175404               390.31293494878901                          74.920130372638113                      9.6399183928649137
                      14       1516.6536755323295     0.022619441622771051      0.11689707405793036       68.278016785443327       3.0283174743484991      0.98041557745194241     0.052842874876188911     0.065675560511550379      0.99707827543516014       1.8626095469605737        9.994682724951458   2.0662438244040317e-09     0.065675560511550379       495.09851017290134       5.7934714303969193       5.7934714303969193       3021.7204082038652                                                 2513.5038032945836                                              13.118094736379936        20.796341539812886               391.03102717698823                          73.598257249485499                      9.6728842066147571
                       1       1517.7202904906005     0.022602713243225627      0.11706304567328477       68.320339071789277       3.0302322682931297       0.9794174523155702     0.052951366861495361     0.053713159211395647      0.99528320697460215       1.8611132422276306       9.9622733313794569   2.0702040458611722e-09     0.053713159211395647       497.39790222801366       5.7934714303969193       5.7934714303969193       3023.8536381204071                                                 2513.5966204797492                                              12.859115412644833        21.142739935587656               390.89324466212929                          76.890844715595193                      8.4710729147015069
                       7       1518.0309014602628     0.022521065390240565      0.11696979515930327       68.082956248671891       3.0341933311693219      0.98320052053506901     0.055382554938341495     0.070392922750458678      0.99766961964002454       1.8649436379071658       9.7591356081103164   2.0784205164887186e-09     0.070392922750458678       496.74863694519593       5.7934714303969193       5.7934714303969193       3024.4748600597318                                                 2513.2481835990088                                              14.478039515527254        20.507545638251884               390.53664640124771                          76.586478103959138                      9.1179668017372286
                       2       1519.6558606307756     0.022476783435381037      0.11707670993673067        67.98625646636836        3.036747774599621      0.98304058090239443     0.056253063213251804      0.07172052263265162      0.99579016999543357       1.7781983957159797       9.8163978422051752   2.0837365109353544e-09      0.07172052263265162       498.82802443126678       5.7934714303969193       5.7934714303969193       3027.7247784007573                                                 2513.5273892752703                                              15.369364694220083        20.684471588303609               390.42845574764715                          79.306005495311908                      8.4090916000041283
                       2       1519.3096826281253     0.022454538720411879       0.1170820724986458       67.967662009061343       3.0363917432041827      0.98203819246905444     0.055600031764680723     0.070878149847870331      0.99643281565048458       2.4324474713407458       9.7876176351213093   2.0829947673674746e-09     0.070878149847870331       498.18148000320014       5.7934714303969193       5.7934714303969193       3027.0324223954567                                                 2513.4150681829083                                              15.435874209348039        20.765102978032246               390.45263940014115                          78.536330437763084                      8.4274071872636469
                       2       1520.6189115882089      0.02260174938653604      0.11788772425291534       68.328734440236531       3.0475215479542692      0.98202113116966683     0.058602873468625485     0.032561586438301877      0.99697716179030171       2.4644258700207882        9.304869796090129     2.10630758532874e-09     0.032561586438301877       499.27546179020368       5.7934714303969193       5.7934714303969193       3029.6508803156239                                                 2516.8888627053061                                              13.486555820114194        20.997521200570759               390.33354025748855                          78.812520905867004                      9.1318794262773508
                       3       1519.5333989450908     0.022538406781660143      0.11789759042811657       68.291801520702364       3.0473707052580927      0.98288724793617233     0.058833918170342683     0.036148865284142379       1.0003158740006297       2.4636322506025903       9.4162029177507307   2.1059898881753424e-09     0.036148865284142379       497.38123790081869       5.7934714303969193       5.7934714303969193       3027.4798550293876                                                 2516.7523895991949                                              13.346227529374179        20.597061873565622                390.3778143887651                          77.951877400698237                      8.4544842377896749
                       4       1520.5243689429797     0.022597173879879449      0.11746249283746447       68.481181827372893        3.045319093416623      0.98558385814242477     0.058867699993122066     0.038044540861772162      0.99600069187588436       2.4672590402917649       9.2845104790299704   2.1016736435260252e-09     0.038044540861772162       500.81699296646713       5.7934714303969193       5.7934714303969193       3029.4617950251654                                                  2516.821524382271                                              11.823277676427496        20.604732503777939               390.39745808747853                          81.112565787856724                       8.702236587353914
                       2       1518.7405144768402     0.022705541686803082      0.11750130211025331        68.59732371451031       3.0445265014789147       0.9827600540689162     0.057420027278422943     0.040302236264758921      0.99672931743965132       1.8576729027873429       9.6005437202669661   2.1000085339038722e-09     0.040302236264758921       498.06019349507682       5.7934714303969193       5.7934714303969193       3025.8940860928865                                                  2516.300363152141                                              11.533529445668583        20.943009198313405               390.28867164445552                          78.290803565343253                      8.5377090869646342
                      15       1520.4536322946979      0.02259215455644345      0.11789423551622671       68.247732426279399       3.0402992374236093      0.97939517032997081      0.05474621722454763     0.048587772866991785      0.99627168953107803       1.8524882402307521       9.9418529303280359   2.0911499802271186e-09     0.048587772866991785       501.20650657714668       5.7934714303969193       5.7934714303969193       3029.3203217286018                                                 2514.0931351931131                                              14.020679958341841        21.352929535165572               390.42852557819498                          80.774870053829588                      8.6501814099565539
                       3       1520.6438964504937     0.022585175694114716      0.11809086770073696       68.359471141486722       3.0352989671287882      0.98175797299773915     0.053841930660893052     0.027028223760788696      0.99425633838202254       1.8563308262765843       9.9547916166484427   2.0807197637816617e-09     0.027028223760788696       503.60890558186247       5.7934714303969193       5.7934714303969193       3029.7008500401935                                                 2512.8572139471185                                              13.234730511212447        21.062286006399461               390.67412609922826                          82.975767347092955                      8.8967261291418094
                       5       1521.3770578519325     0.022585635625004121      0.11807917355280521       68.551598796815867        3.035211997459871      0.98415517750183157     0.055184378722568192    0.0035292107657276528      0.99279188378572558       2.4757371042725715         9.79513653502935   2.0805388121414625e-09    0.0035292107657276528       505.46447292463444       5.7934714303969193       5.7934714303969193       3031.1671728430711                                                 2513.8241831781943                                              11.878516740242661         20.81979204229151               390.51607092410006                          84.949489873295875                      9.1791200849469856
                       3       1519.7251989059039     0.022586692379266179      0.11809047017606207       68.557017839818513       3.0349587192454077       0.9843490062787098     0.055194223384874758     0.002430489984269521       0.9934654024860019       2.4760832615944088       9.7941438109469079   2.0800119237134983e-09     0.002430489984269521       502.13369935735716       5.7934714303969193       5.7934714303969193       3027.8634549510139                                                 2513.8717829889342                                              11.857972604722178        20.733729291555903               390.52616638521545                          81.945449408893509                      8.9283542716922746
                       3       1519.9268313196387     0.022625416786269972      0.11721921236936236       68.727874845866268       3.0343959766532351      0.98831102973698892     0.056157776484815423     0.031102059617650689      0.99295813625251006       2.4787316358220659       9.7337682640763408    2.078841741698309e-09     0.031102059617650689       503.69674874183585       5.7934714303969193       5.7934714303969193       3028.2667197784835                                                 2513.9218353371461                                              10.648135699501248        20.377431782589156               390.52708207694468                          84.341956524678551                      8.4502783576234677
                       5       1518.4679477453808     0.022670480464955737      0.11737190062336254        68.78119371540194       3.0335038738296221      0.98849869021219727     0.055407925899707035     0.026957230818698118      0.99479929981480342       2.4803569928229816        9.638593904689829   2.0769880280852088e-09     0.026957230818698118       499.67194839079298       5.7934714303969193       5.7934714303969193       3025.3489526299677                                                 2515.0502678510393                                              10.626736388134633        20.271573446158811               390.69258029536451                          80.205029891941891                      8.5027647573277925
                       4       1518.3583644797193     0.022811557168018966      0.11760160191609338       68.870719644278907        3.035124337588067      0.98580779310713917     0.055751372000727162     0.018591450574539741      0.99390445541875805       2.4807968589927452       9.5634604846784814   2.0803564403693662e-09     0.018591450574539741       497.95385911889383       5.7934714303969193       5.7934714303969193       3025.1297860986447                                                 2516.4021308707015                                              10.773796109049115         20.60137998700219               390.48725139854969                          78.438736718239298                       8.426491015102652
                      17       1518.4982902252418     0.022785770899966893      0.11795580127045191       68.873155758785131       3.0320932354870962      0.98442136545920056     0.053461784168150867    0.0035455293578269993      0.99397554288734014       2.2875242758533978       9.8357242602499788   2.0740602146642652e-09    0.0035455293578269993       499.00734493091085       5.7934714303969193       5.7934714303969193       3025.4096375896897                                                 2515.5630917710309                                              10.839200887748031        20.741905426638539               390.95426866024809                            78.7915182188638                      8.5196526251604201
                      50       1519.3294212350404     0.022728251977732778      0.11804675120324361       68.815520475487219       3.0326143251135362       0.9839441858249296     0.053551844903507104   1.5727397886055369e-05      0.99382800796781201       2.0010601293202726       9.7688258098292184   2.0751412675650032e-09   1.5727397886055369e-05       499.96485386870148       5.7934714303969193       5.7934714303969193       3027.0718996092869                                                 2516.1807423418518                                               10.92630339873363        20.804406736321425                390.8810042624105                           79.65715798285261                      8.6222848871169671
                       1       1518.4236500245709     0.022730326554110818      0.11802467266582821       68.810580770193098       3.0324982456397396      0.98408662250903001     0.053608956084871345    0.0019213790048959447      0.99428065413332911       2.0012242393880633       9.7761712963956793   2.0749004002387571e-09    0.0019213790048959447       498.51102756247633       5.7934714303969193       5.7934714303969193       3025.2603571883478                                                 2515.8021531793261                                              10.947176446545047        20.745618824259736               390.88427045183937                          78.342514795927741                       8.538623490449492
                       8        1519.001803467499     0.022718939987059497       0.1169227674794019       69.118632790889464       3.0405027338526622      0.98812185830721566     0.057644515089713841     0.017303228147732441      0.99556512126336605       2.0015569852966322       9.5380075222110676   2.0915755650817394e-09     0.017303228147732441       498.78050933483212       5.7934714303969193       5.7934714303969193       3026.4166640742042                                                 2517.0163048696791                                              10.619849869693306        20.383236083217184               390.41644712926734                          79.595114547118584                      8.3857115752290472
                       5       1519.7482617473283     0.022828698292490374      0.11593795093588319       69.197001402895012       3.0360694273350224      0.99027440027990399     0.056202309255625069     0.055971320541975081      0.99564352659499333       2.0044744382655026       9.4038724575814125   2.0823234932855299e-09     0.055971320541975081       499.20917077857416       5.7934714303969193       5.7934714303969193       3027.9095806338628                                                 2517.6180931664921                                               11.08231668879678        20.215473229649433               390.63780845792331                          79.319317092121054                      9.0365719988803992
                       6         1520.74345856234     0.022841030714441435      0.11595900602962321       69.176473221164514        3.036126713055503      0.99008745636084194     0.056310386689118204     0.058545218810850112       0.9991057004291003       1.9857653264181654       9.1984324959600201   2.0824427841039144e-09     0.058545218810850112       499.93786118416904       5.7934714303969193       5.7934714303969193       3029.8999742638862                                                 2518.9979136479533                                              10.964199431764039        20.064268271398134               390.68044007967234                           78.35205546261885                      10.841097370479686
                       7       1520.7635145754632     0.022865998119009055      0.11606484796272473       69.221315420934019       3.0338976171194592      0.99163409731589403     0.056251391778764238     0.049303246127424274      0.99465886976458895        1.318435534638521       9.7543609653191137   2.0778059892071234e-09     0.049303246127424274       499.45803465945255       5.7934714303969193       5.7934714303969193       3029.9400862901325                                                 2519.4565329501843                                              11.025518680495679        20.126209724620878               390.68583684938045                          79.603489719209236                      9.0424983662420164
                       2       1518.2496112621875     0.022750776343335607      0.11549603710229397       69.081207878046115       3.0353326657185056      0.99313333845966989     0.057836816100669347     0.067368782595358709      0.99656782119018139        2.232134666383994       9.8609047338500329   2.0807898822847387e-09     0.067368782595358709       501.18586934696651       5.7934714303969193       5.7934714303969193       3024.9122796635811                                                 2512.7301447906443                                              10.996265525970653        19.973448062226169               390.56618670948615                          80.015136456127735                      10.631098119126454
                       3       1520.9103450167149     0.022775334692853928      0.11553592774746821       69.051117048560926       3.0376279300860736      0.99307631301556609       0.0587311856624591     0.068721981631709464      0.99697403166367748       2.2030274034790236       8.8374371364660842   2.0855713304025377e-09     0.068721981631709464       500.90235590899653       5.7934714303969193       5.7934714303969193        3030.233747172636                                                 2518.5064483948463                                              10.824942868793341        19.971528794858443               390.49451010962878                           80.00562313712534                      10.430693867383972
                       1       1517.5602681519961     0.022694004005846993      0.11562248745019625       68.945271000104952       3.0417707752984469      0.99059885170297379     0.060089221923726135     0.065895789924353271      0.99800657027277861       2.4164409390128996        9.859415807067716   2.0942294518488549e-09     0.065895789924353271       499.11737758535418       5.7934714303969193       5.7934714303969193       3023.5335934431982                                                 2513.7890328828771                                              10.627182974966653         20.05952824298646               390.54120016942261                          78.553059808317599                      9.9635893646275377
                       3       1521.3037035199779     0.022705112847574885      0.11540785804211522       68.506531165993934        3.040443387008533      0.98947801112521139     0.057459884335024435       0.1195908609798387      0.99909089091516279       1.7509506599818463        9.131213030525501   2.0914514403559359e-09       0.1195908609798387       499.12416399484283       5.7934714303969193       5.7934714303969193        3031.020464179162                                                 2521.0606475483241                                              10.835652635995508        20.133685964244307               390.49417171127794                          77.206501501291527                      11.289804818029042
                       3       1519.7138176873973     0.022624902352563786      0.11515894920756305       68.530824665999646       3.0375062434965305      0.98964780224832127     0.056257623167735429      0.11960247436227171      0.99931817518562771       2.3723214743461494       9.8528264265196359   2.0853175597806461e-09      0.11960247436227171       500.84171000138349       5.7934714303969193       5.7934714303969193       3027.8406925140007                                                 2516.4613100246884                                              10.537672487929282        20.099829112919565               390.60244923439132                          77.927367013253118                      12.212064640819479
                       3       1520.0994560001204     0.022622422135206564      0.11573131135433437       68.424007852995544       3.0359322368704911       0.9901170636687755     0.055323518649102427      0.10705169584751996      0.99803627460814259       2.3752959077882387       9.7478044420739671   2.0820378379532237e-09      0.10705169584751996        501.5788099397397       5.7934714303969193       5.7934714303969193        3028.611969139447                                                  2515.936827082226                                              11.096332117481291        20.115250961190952               390.75690162739562                          80.279504854213101                      10.427152496940051
                       5       1518.6217399656957     0.022648908803075022      0.11621861079103542       68.953552880444121       3.0345885637291192      0.98719382305889347     0.053390280540765389     0.019541110584167673      0.99897546059682296       2.3735431212259468       9.5655479324416355   2.0792421383049369e-09     0.019541110584167673       498.31851571141419       5.7934714303969193       5.7934714303969193       3025.6565370705976                                                 2516.7488436745612                                              10.589177684622383        20.300410276286186               391.20095918409191                          78.283304513178933                      8.5338417378572089
                       2       1518.1749863178038     0.022648474267144926      0.11614015928472221       68.948530642541186       3.0348985341283115      0.98720534753220968     0.053679678771598176     0.020975149897726537      0.99896000719594102       2.3971909428040368        9.951752762348379   2.0798867417193924e-09     0.020975149897726537        498.3461762238785       5.7934714303969193       5.7934714303969193       3024.7630297748137                                                 2515.8155371478388                                              10.601316403096453        20.298739442875217                391.1613169119795                          78.334940469329993                      8.5511793996937815
                       5       1518.1675025089064      0.02284440728026458      0.11607924960462745       68.594591154840302       3.0365294317333533      0.98858322771571905     0.055797169686532325     0.087127456184864394      0.99702007605891529       2.4039316808839111       9.8725277272005094   2.0832815915990135e-09     0.087127456184864394       498.37697417474146       5.7934714303969193       5.7934714303969193       3024.7480621570189                                                 2515.0292954929951                                              11.341792489281737        20.255154076303597                390.6515177382214                          78.143675816802485                      9.3266265434139779
                       2       1517.4150708874988     0.022804680940200127      0.11626568528010821       68.560221943801736       3.0366340608282796      0.98756300880410608     0.055158077999573625     0.088595865815118191      0.99846231180336653       2.3809863796664672       9.9466611339011415   2.0834995748699163e-09     0.088595865815118191       497.07956449713396       5.7934714303969193       5.7934714303969193       3023.2431989142037                                                 2514.7838109402487                                              11.379823476821139        20.268653661566191               390.72158952540116                          76.347248445404972                      9.7420728647616279
                       5       1517.8575946981266     0.022825234198530518      0.11626792444711732       68.598004101781925       3.0369701408665808      0.98677285874172616     0.054894553165528548     0.086445306289309617      0.99998767018397094       2.3803133088478909       9.9244214274598868    2.084199915165444e-09     0.086445306289309617       497.46768647846193       5.7934714303969193       5.7934714303969193       3024.1282465354593                                                 2515.3873939663977                                              11.273166090599803        20.265722683549086               390.78211264004989                          76.140139764727422                      10.279711390135489
                       2       1519.5818963599709     0.022785665257736724      0.11658508094091175       68.621393054345234       3.0357055936443889      0.98889764399938951     0.054361618797515082     0.070535874818738312      0.99701849929840547       2.1435519080246537        9.277828181605793   2.0815660116509004e-09     0.070535874818738312       499.49510225359899       5.7934714303969193       5.7934714303969193       3027.5768498591478                                                 2516.8730276939705                                              11.208719911577525        20.258197638389277               390.95827467181044                          79.566474306643457                      8.7121556367558384
                       3        1518.311153932101     0.022679146621124576      0.11623970450093536        68.51552023463249       3.0374288275927426      0.98968124682125891     0.056469453752954459     0.077051566082340733      0.99806148216787927       2.2537559757554009       9.5308765687483064   2.0851561292857951e-09     0.077051566082340733        499.4811731535371       5.7934714303969193       5.7934714303969193       3025.0353650034081                                                 2514.3204322200309                                              11.233759629840394        20.115925999420028               390.57470813316854                          79.381260429968208                      9.4092785909803194
                       7       1518.6462904727962      0.02268521697142023      0.11625421707568803       68.514379939482566       3.0377640113437021      0.98990898544694628     0.056726417351222073     0.076577345286972992      0.99676053287757682       2.2543158672150616       9.5070490943646018   2.0858551568833468e-09     0.076577345286972992       500.07766325156348       5.7934714303969193       5.7934714303969193       3025.7056380847985                                                 2514.3544428392247                                              11.273531994010817        20.158670575130827               390.52331954067955                          80.481303797823941                      8.9143693379291218
                      14       1518.9463051585456     0.022605750403776579      0.11569249238398641       68.780390859189339       3.0305804544775916      0.99153869333069333     0.054876918248861407      0.06590278676096531      0.99536149109395455       2.2520997609951339       9.8052189009387067   2.0709249878126882e-09      0.06590278676096531       503.96166906726694       5.7934714303969193       5.7934714303969193       3026.3056674562972                                                 2511.8932457956871                                               10.45075259334366        20.072914760877779               390.98782892415807                           83.28091763905779                      9.6200077431732733
                       2       1517.0881172691043     0.022696308150759747      0.11547456394213479       69.038371534944631       3.0292731089917173      0.98916090450592509     0.054424390535898967      0.05715417309990057      0.99544788495592651       2.2494996882039793       9.9490938028774636   2.0682193423703283e-09      0.05715417309990057        500.2119208654147       5.7934714303969193       5.7934714303969193       3022.5892916774146                                                 2511.4341306573988                                              10.943240154601114        20.207565377728088               390.94558823143188                          79.035240102532441                      10.023527153722295
                       4       1518.8128218164227     0.022695866798345409      0.11548435317686953       69.038442392527031       3.0293365299333583      0.98913972511524062     0.054454589172597573     0.056841380181680064      0.99543939584896179       1.9465596325901269       9.4145089054155164    2.068350514948042e-09     0.056841380181680064       500.18922970555957       5.7934714303969193       5.7934714303969193       3026.0387007720515                                                 2514.9093635005265                                              10.940107565965224        20.209111094232412               390.96489193434451                          79.012724317607947                      10.002502359374743
                       2       1519.3838794387407     0.022684319688765737      0.11572835982094097       69.027363955664924       3.0271737775926271      0.98902380476763918     0.053203148693597817     0.045879639786921778      0.99859977178014181       2.0520930754795046       9.4707744715981992   2.0638820188973137e-09     0.045879639786921778       502.56869941978522       5.7934714303969193       5.7934714303969193       3027.1808160166875                                                 2513.7894900996139                                              10.822626497288832        20.064101248470365               391.46163196051356                          79.411867838656875                      11.631098372144448
                       5       1521.0019781899862     0.022840037899537369      0.11520076186028474       69.104232668975456       3.0161268909147614      0.98715031900688288     0.048029329164695052     0.067633543292507037       0.9972535794264985       2.0525097797001477       9.5272116014806798   2.0412080172635948e-09     0.067633543292507037       503.82820245365724       5.7934714303969193       5.7934714303969193       3030.4170135191785                                                 2515.5681767390211                                              11.020634326500117        20.217655376976154               394.22196641689419                          75.229879111958041                      14.158701547828864
                       2       1520.8199643349449     0.022777333984679377         0.11507338965947       69.159435228046206       3.0137664725242055      0.98724506974842718     0.047990394621975331     0.068523951083384646      0.99620930645229555       2.0497809818215198       9.8551031513081817   2.0363955942210197e-09     0.068523951083384646       504.19187077998612       5.7934714303969193       5.7934714303969193       3030.0529858090958                                                 2514.3689063530514                                              11.492208676058462        20.209510391244066               394.21892969924471                          74.678882428988956                      15.084548260508353
                      10       1522.8649265794679     0.022728990421657425      0.11543153049817401       69.006128194059869       3.0074834868483387      0.98780359476289481     0.044932016742411103     0.065180735798475581      0.99564683164624257       2.1060819289271353       9.7200428779924337   2.0236410601077403e-09     0.065180735798475581         507.837687943253       5.7934714303969193       5.7934714303969193       3034.1429102981419                                                 2515.5062998484109                                              10.798922506478613        20.166344902542392               396.81282082968409                          75.881612695907179                      14.976909515119342
                       3       1523.1536094155033     0.022770834624053743      0.11543093514820937       69.059655642281939       3.0075191709156268      0.98838774727141487     0.044957003446160902     0.063912809265024351      0.99549771975317802       2.1078482517042847       9.6181683577908181   2.0237132731399157e-09     0.063912809265024351       507.87352479933594       5.7934714303969193       5.7934714303969193       3034.7202759702127                                                  2515.949927470574                                               10.89682370030263        20.146297756178683               396.83640776151395                          76.070226096282468                      14.820593185360854
                       1       1520.4837865642162     0.022714289636632322      0.11531950412594846       69.096143727009746       3.0141523110448332      0.98703376657072328     0.048459590991683857     0.067064495795649673      0.99574418903721362       2.1028198947313714       9.8889538740543781   2.0371814656844986e-09     0.067064495795649673       503.20857659266119       5.7934714303969193       5.7934714303969193       3029.3806302676385                                                  2514.940658932419                                               11.23139474255812        20.220365564823965               393.78853600238943                          74.588608007515987                      14.611067017931802
                       1       1520.7425914219982     0.022722851517718311      0.11523859496219754        69.08833225541747       3.0149751082251872      0.98722049816593538     0.048575813609578015     0.074456553545060186      0.99609979206369859       2.1028441086945708        9.850473493657816   2.0388583426205377e-09     0.074456553545060186       503.42696873437706       5.7934714303969193       5.7934714303969193       3029.8982399832025                                                 2515.2422777351476                                              11.228993513677935        20.209585767432429               393.71968270462133                          74.417512328696148                      15.080187933627119
                       2        1518.772593547485     0.022648465818830361      0.11502436368703085       68.714904644896038       3.0295711222276602      0.98619210387962197     0.054230701702036102     0.090965607287210079      0.99719874390909902       2.1011285187665107        9.525935638234948   2.0688357909595449e-09     0.090965607287210079       500.10765236587662       5.7934714303969193       5.7934714303969193       3025.9582442341762                                                 2515.3575196049505                                              10.493072263349479        20.330061394884922               390.92773696676045                           76.79089214545138                      12.058961858779867
                       2       1519.1676048784416     0.022594375960611354      0.11493182836556459       68.745829882469124       3.0287808699507686      0.98568927268903239     0.053598867169179241     0.085170552406747937      0.99763480310932351       2.0987960909829502       9.6031708177963413   2.0672015345876831e-09     0.085170552406747937       500.67623337390739       5.7934714303969193       5.7934714303969193       3026.7482668960893                                                 2515.5356035639406                                              10.536429958240976         20.35168410656695               391.08451590403206                          77.114392849924371                      12.125640513384063
                       3       1518.8444933652922      0.02255107414236986      0.11521680756057365       68.878841665557161       3.0312146678516991      0.98585514605500191     0.054074105142821544      0.05603624537881878      0.99816626764635075       2.0984902801223955       9.4941200734258722   2.0722388127153574e-09      0.05603624537881878       499.26824283600155       5.7934714303969193       5.7934714303969193       3026.1020438697906                                                 2516.0545696520862                                              10.779231381702848         20.35050028931812               390.97000976570536                          77.538556740242981                      10.409176040735058
                       2       1517.6230233211654     0.022535664467072457      0.11529329251254203       68.961736988566599       3.0315646056106882      0.98491348472169993      0.05488554070097252     0.045093679846734847      0.99754765509719445        2.096429538709534       9.6938944534749396   2.0729640942158588e-09     0.045093679846734847       498.03057456437091       5.7934714303969193       5.7934714303969193       3023.6591037815369                                                 2514.5739923549568                                              11.054536862209353        20.437550140937674               390.73542513948269                          76.730341116803032                      10.127258167147509
                       3       1516.6188273482762     0.022510728884931684      0.11541400740121839       68.887750833170159       3.0363181259661371      0.98164839419018846     0.055789518963531702     0.043898379921891398        1.000230442082475       2.0916595643735909       9.7537309250087727   2.0828414286900919e-09     0.043898379921891398       495.13619391879217       5.7934714303969193       5.7934714303969193       3021.6507118357586                                                 2515.7197457965513                                              10.794772120415081        20.665105852956231               390.48212712529141                          73.764623734038267                        10.2243372065063
                       6       1516.1307812468169     0.022582056390944218      0.11530446486296066        68.83788760750943       3.0371568444871229      0.98076226003961475     0.056996596508280713     0.059889802628697107       0.9991515492442169       2.0917973741813807       9.8582766002536371   2.0845890791635721e-09     0.059889802628697107       494.89474545017799       5.7934714303969193       5.7934714303969193       3020.6746196328399                                                 2515.1582821222246                                              10.621592060436896          20.8140392348717               390.32687685110977                          73.177203550690379                       10.57662581350616
                       1       1515.7514784443597     0.022491336012990581      0.11621194528080811       68.589796735878139       3.0394671584171946      0.97902963902868789     0.056810327975182748     0.037950264854778523        1.000812829465394       2.0908952941671828       9.8197589221947492   2.0894107019381325e-09     0.037950264854778523       493.95710969750832       5.7934714303969193       5.7934714303969193       3019.9160140279255                                                 2515.2783910134685                                              10.680513316948566        20.905722620128302               390.28165185837867                          73.510765419756524                      9.2589697992448219
                       8       1516.8056405751877     0.022408373994839359      0.11633148735791901       68.753498746015623       3.0392040573151551      0.97546837085720484     0.055011331438714499    0.0063123629859532029       1.0037867527654707       2.0839382735735317       9.9598100511545606   2.0888610479902899e-09    0.0063123629859532029       494.73263202846772       5.7934714303969193       5.7934714303969193       3022.0243382895815                                                 2516.8072185003589                                              10.484487760754943        21.205022023262302               390.40712797310596                          73.730803097080795                      9.3896789350186509
                       4       1515.8828779824566     0.022395527353279213      0.11637841608979783       68.663453802260562       3.0398553651213502       0.9764624040138753     0.054815497646947035     0.017207309053886059       1.0020640850325164       2.0851076197121197       9.8603581809127299   2.0902219826424748e-09     0.017207309053886059        492.4398064924826       5.7934714303969193       5.7934714303969193       3020.1788131041194                                                 2517.2619150287483                                              10.477091582888299        21.273244143279442               390.42588864971219                          72.103750503607259                      8.6369231958837176
                       4       1515.8122778873239     0.022411844800692207      0.11622265229561951       68.735037920550809       3.0397187575925688      0.97561556568626406     0.054286453607672182     0.024064935691254948       1.0028433983739538       2.0830874697673631       9.9274282302686885   2.0899364620853946e-09     0.024064935691254948       492.01122568907795       5.7934714303969193       5.7934714303969193        3020.037612913854                                                 2517.5878017852478                                              10.438585439528023        21.374382928452064               390.49620791369125                           71.16344460053925                      8.9771902463953648
                       4       1516.2501686099092       0.0224704864693532      0.11630754000450468       68.711745937785892       3.0428004534318456      0.97607884710176773     0.054948351947383518      0.03141205934437994       1.0034188791421961       2.0853353121350611       9.6964824734434121   2.0963869446927243e-09      0.03141205934437994       491.54806911495052       5.7934714303969193       5.7934714303969193       3020.9133943590246                                                 2518.9241122826866                                              10.441212961387125        21.351622826388564               390.38166900526795                          71.028939960988978                      8.7858373223050563
                       1       1515.9763370194908     0.022485116311525648      0.11632173944547285       68.799635085247147       3.0407603515256949      0.97555132978594283     0.053791020456425732     0.023489637579304203        1.004075022088895        1.870730345562551       9.9105121779676431   2.0921144613234052e-09     0.023489637579304203       491.70707102278476       5.7934714303969193       5.7934714303969193       3020.3657311781876                                                 2518.2050134377118                                              10.453646717691417        21.358065643808459                 390.572921482391                          70.747941676203624                      9.0281422203816604
                       6       1516.2030905298868     0.022473338243117324      0.11638313103927628       68.653043885687637       3.0377321344855046       0.9758083778637674     0.052349900559508646     0.038591511186168735       1.0038475146764219       1.8712625545539034       9.9651248705484505   2.0857886674340338e-09     0.038591511186168735        492.4877122751401       5.7934714303969193       5.7934714303969193       3020.8192381989797                                                 2517.8527743913805                                              10.478751532459361        21.287311652112919               390.99356206523447                          70.777824064776738                      9.4290144930159929
                      11       1515.6928628926189     0.022508622069057706       0.1162791579388787       68.696075837853002       3.0364388057073906      0.97652321412594911      0.05261079097672907     0.041349940335154198       1.0029583009411973       1.8727215658558347       9.9977849751533121   2.0830928006222232e-09     0.041349940335154198       492.83002337261979       5.7934714303969193       5.7934714303969193       3019.7987829244439                                                 2516.5160242243128                                              10.452735327511427        21.206824310882894               390.98906742686319                          70.945929676907497                      9.6882019579662284
                       3       1516.0674005154242     0.022484035621353073       0.1161535841665749       68.704501211788596       3.0386616276477705      0.97674013757445122     0.053720473199643029     0.042005230156245958       1.0015882456370344       1.8719387071584437       9.9979764515617653   2.0877282950339944e-09     0.042005230156245958       493.25512368270944       5.7934714303969193       5.7934714303969193       3020.5478581700545                                                 2516.8649175977916                                              10.427816889553476        21.342465156128242               390.59599616663655                           72.34113616225055                      8.9755261976940552
                       1       1517.1992245306476      0.02245336078276897      0.11597166661094882       68.770931328312557       3.0376606980557943      0.97929643087001939     0.053738573317136218     0.044153534776916886       1.0007366274329867       1.8737183372477664       9.9532834574294267   2.0856396714604352e-09     0.044153534776916886       495.23720858765148       5.7934714303969193       5.7934714303969193       3022.8115062005013                                                 2517.1190270301986                                              10.455270582650737         21.04727693408438                390.7347198717647                          74.412815434728458                      9.0423963470739341
                       2        1516.459291273816     0.022447640463269657      0.11586628428317329       68.786231079633566       3.0383021589998735      0.97909442900542476     0.054007283010290598     0.045605594099070224       1.0024244866334495       1.8729076021764262       9.9703148098996568   2.0869779570361752e-09     0.045605594099070224       493.45651469423524       5.7934714303969193       5.7934714303969193       3021.3316396868381                                                  2517.374785105701                                              10.500339886901493        20.938768397098158               390.68530445330168                          72.071749445302657                      9.7606923985327363
                       5        1516.654272756103     0.022463290917991308      0.11581892114337441        68.78849746200224       3.0388618551219726      0.97947748622443864     0.054561522298381529     0.049476703994278254       1.0012470362642165       1.8735700865407603       9.9651233858619861   2.0881463574497236e-09     0.049476703994278254       494.18351485206301       5.7934714303969193       5.7934714303969193        3021.721602651412                                                 2517.0378138322385                                              10.500273967110589        20.985878284064313               390.59172644254221                          73.191081770988845                      9.4148283544676588
                       8       1515.5237135485281     0.022571513817879005      0.11624587771837031       68.698169543695855       3.0377701900195113      0.98032479716323373     0.054828591627480848     0.054623921414801088      0.99948991213158422       1.8789635415581647       9.8665205811654531   2.0858680447459615e-09     0.054623921414801088       493.72165849608734       5.7934714303969193       5.7934714303969193       3019.4604842362623                                                 2515.2759260775501                                              10.462899662624576        20.943054316658674               390.53669957287167                          73.152070861256462                      9.0898337453005347
                       4       1516.3569803481798     0.022540555142716863      0.11638537953083093       68.601327206220205       3.0373617885479329      0.97843208445125329     0.053699591825778464     0.055116098419617517       1.0017278857713121       1.9706474039294974       9.6193766039376154   2.0850163470960935e-09     0.055116098419617517       492.75948662085733       5.7934714303969193       5.7934714303969193       3021.1270178355658                                                 2517.7402374266685                                              10.627293788040033        21.019363450059643               390.73589969070258                          71.408551190986969                      9.5956722891080872
                      12       1516.6601657953931     0.022490534560851025      0.11645808162059296       68.759583470473615       3.0431123334591401      0.97561376121227117     0.055418379432571163     0.030125978943620874       1.0043443260293055       1.9649521067437421        9.711646557464757   2.0970408678777445e-09     0.030125978943620874       492.25732203479981       5.7934714303969193       5.7934714303969193       3021.7333887299924                                                 2519.0633290167934                                              10.412737678399127        21.299484484449977               390.35191181370442                          71.352012903475725                      9.2539128331696929
                       2       1515.6871779924634     0.022564732910226183      0.11634710084683517       68.970646159114651       3.0484961786815092      0.97802337307275633     0.059629326744395375     0.017205951696999341       1.0027404452399478       1.9930914658231074       9.7707623024913719   2.1083614581436159e-09     0.017205951696999341       492.39696554439075       5.7934714303969193       5.7934714303969193       3019.7874131241329                                                 2516.7568110001862                                              10.633636579555954        21.101128545222309                390.3469844395982                          72.213942739722981                      8.7349098198472497
                       2       1515.7316372412292     0.022658569954697561      0.11661722028052325       68.785926876766581       3.0471859780736512        0.977225745572886     0.059780029535218673     0.042357558791848909       1.0017086071131134       1.9949631677980493       9.9074590552209081   2.1056008905231639e-09     0.042357558791848909       493.40920754067247       5.7934714303969193       5.7934714303969193       3019.8763316216646                                                 2515.9740985727435                                              10.493025508247978         21.20433389584332               390.35697419508392                          72.744296885048527                      9.1036025646967182
                      14       1516.5678570008913     0.022703780897453396       0.1165266706008548       68.772935757381305       3.0466350326656468       0.9792277996717329     0.060245567223304951     0.051115435822539357      0.99679901548335514       1.9987694892417347       9.7878980864839864   2.1044411388906945e-09     0.051115435822539357       495.16011067244153       5.7934714303969193       5.7934714303969193       3021.5487711409887                                                 2515.8425274644096                                              10.546133004137401        21.357662791106577               390.42486816191342                          75.087768362788267                      8.2898113566332423
                       3       1514.8273922489086     0.022686571518454227      0.11638565692517966       68.756830135642616       3.0473077331277221      0.97931227761445505      0.06085952707836572     0.055232194771898835      0.99888941767915651       1.9980759408517959       9.8360074821690571   2.1058572736810973e-09     0.055232194771898835        491.8403709502756       5.7934714303969193       5.7934714303969193       3018.0678416370233                                                 2515.6998224409599                                              10.527648245788187        21.132388416773779               390.52189891826623                          71.441091401023201                      8.7449922142123899
                       2       1515.6409795330251     0.022785720298235456      0.11594754513764548       68.769409003403624       3.0416963932023275      0.98543705054411379     0.060683553925924637     0.083927459745840871      0.99640996957968164       2.1868594072959922       9.7946090763621942   2.0940736844656957e-09     0.083927459745840871       494.70935969513016       5.7934714303969193       5.7934714303969193       3019.6950162052563                                                 2514.4742662732101                                               10.51139023691643        20.462100063453079               390.49012733540087                          73.732219081559805                      10.024913214716413
                       8       1517.0295329091487     0.022697393736918071       0.1160941242450656       68.901544036849614       3.0434862586447458      0.98691499318732634     0.061405137103445362     0.060415318169908881      0.99807290565130435       2.1864534534694089       9.7674444484585408   2.0978251508959368e-09     0.060415318169908881       497.68626153051548       5.7934714303969193       5.7934714303969193       3022.4721229575034                                                 2514.3345501849362                                              10.451311242052212        20.254145977218968                390.6691324489376                          76.841789397138314                      9.9211937072205849
                       6       1516.0145202366241     0.022653385907775481       0.1166172370491514       69.141199366431209       3.0428617644393086      0.98481336600001734      0.06001661355928975    0.0071193069258652236      0.99804688892684923       2.1838389745655431        9.760765757321618   2.0965154802286168e-09    0.0071193069258652236       494.80967004433228       5.7934714303969193       5.7934714303969193       3020.4420976124543                                                 2514.7430885529102                                              10.889339015211496        20.462183977671714               390.42735594525107                          75.293144708527649                      8.6269854128818277
                       2       1516.5996081622989     0.022652836645550064      0.11645454393530781       69.222620433237822       3.0475499176730967      0.98408069588937352     0.061927364459164316     0.011762104902765802      0.99707953656227688       1.9313460074866935       9.8008297546868164   2.1063673415303298e-09     0.011762104902765802       493.44656863591575       5.7934714303969193       5.7934714303969193       3021.6122734638038                                                 2516.8321448023289                                              11.333560025559301        20.684736922252682               390.76445533645563                          73.666728435499863                      8.3306479417075998
                       3       1516.5208298599828      0.02269957291133767      0.11664661494210637       68.921247959417215       3.0500125730535586      0.98340518429416035      0.06181840473415607     0.029323041680289513      0.99811974277637427       1.9619378722818686       9.3665812327122939   2.1115609908565928e-09     0.029323041680289513       493.72383669935175       5.7934714303969193       5.7934714303969193       3021.4547168591716                                                 2517.2715005517016                                              10.459379608118144        20.751651279104919               390.75571999980411                          73.947335567588539                      8.2691298528541886
