#                 weight             minuslogpost                 omegabh2                 omegach2                       H0                     logA                       ns                      tau               mnu_sample                 A_planck               TT_tSZ_Amp               TT_kSZ_Amp                       As                      mnu                chi2__CMB            minuslogprior         minuslogprior__0                     chi2 chi2__sbt_spt_audit.likelihoods.candl_cobaya.CandlCobayaLikelihood chi2__sbt_spt_audit.likelihoods.desi_dr2_bao.DESIDR2BAOGaussian chi2__planck_2018_lowl.TT chi2__planck_2018_lowl.EE_sroll2 chi2__planck_2018_highl_plik.TT_lite_native chi2__planckpr4lensing.PlanckPR4Lensing
                       2       1521.4347339710203     0.022720488170682791      0.11674073825226007       68.527431924488141       3.0373236806345871      0.97443911748255563     0.050414645245171218     0.079049613794663368       1.0068956195610692       2.2283243518299036       9.9815123563824866   2.0849368929877388e-09     0.079049613794663368       500.98803703103476       5.7934714303969193       5.7934714303969193       3031.2825250812466                                                 2518.8831319346177                                              11.411356115593893        21.326488988025517               391.77552234693809                          75.673094795386731                      12.212930900684457
                      21       1518.5789433112932     0.022720488170682791      0.11674073825226007       68.527431924488141       3.0373236806345871      0.97443911748255563     0.050414645245171218     0.079049613794663368       1.0049896207250795       2.2283243518299036       9.9815123563824866   2.0849368929877388e-09     0.079049613794663368       495.27645571158075       5.7934714303969193       5.7934714303969193       3025.5709437617925                                                 2518.8831319346177                                              11.411356115593893        21.521596631999216               391.73560058349449                          71.158876723182928                       10.86038177290413
                       2       1520.3456098922725      0.02281441944412119      0.11680660111423789        68.37502476235673       3.0316901187481813      0.97499962021271602     0.048563685444789173     0.086866631447035131       1.0036389627903801       2.2336034019585442       9.8347973687492072   2.0732242947721872e-09     0.086866631447035131       498.78492123335184       5.7934714303969193       5.7934714303969193       3029.1042769237511                                                 2517.2034095138206                                              13.115946176578596        21.425028949575051               392.80506583730715                          73.314116982859645                      11.240709463609932
                       3       1519.9043504212775     0.022780719275457301      0.11675862090586302       68.365667732318968       3.0323064383113687      0.97438626897702718     0.048790065398483351     0.083241712007971883       1.0039411686612247       2.2319624010812493       9.8867674103382406   2.0745024573017575e-09     0.083241712007971883       498.33586097158388       5.7934714303969193       5.7934714303969193       3028.2217579817611                                                 2516.8688849528658                                               13.01701205731136        21.493167288001871               392.56230654374207                          73.157238232017008                       11.12314890782296
                       7       1520.9083301878377     0.022780719275457301      0.11675862090586302       68.365667732318968       3.0323064383113687      0.97438626897702718     0.048790065398483351     0.083241712007971883       1.0039411686612247       1.6722899877831916       9.8253517225133002   2.0745024573017575e-09     0.083241712007971883       498.33586097158388       5.7934714303969193       5.7934714303969193       3030.2297175148815                                                 2518.8768444859861                                               13.01701205731136        21.493167288001871               392.56230654374207                          73.157238232017008                       11.12314890782296
                       1       1522.4956023434972     0.023008661746260643      0.11551722685338239       68.778077671159181       3.0360921177274229      0.98075241221137321     0.053036337034336759      0.10310969313316901         1.00234394771563       1.6824782954692945       9.3084147886227839   2.0823707425587481e-09      0.10310969313316901        500.8495053486115       5.7934714303969193       5.7934714303969193       3033.4042618262006                                                 2521.6882563199993                                              10.866500157589728        20.810900128800199               391.11833184873865                          75.864315608984342                      13.055957762088319
                       5       1522.2874963686695     0.023010504016614409       0.1155451593389946       68.788699249270365       3.0358658044241102      0.98081089213249784     0.053038080796147392      0.10069578942699592       1.0021862025148647       1.6827044599890564       9.3113196909517608   2.0818995276803868e-09      0.10069578942699592       500.67951215741732       5.7934714303969193       5.7934714303969193       3032.9880498765451                                                 2521.4513302846458                                              10.857207434482461        20.807886926485139               391.14807363816595                          75.815640112717318                      12.907911480048963
                       1        1521.597266160579     0.022976448552583632      0.11522889544648705       68.880798864728405       3.0343455323799535      0.97991744598239072     0.053147557327203512     0.097526113412366389       1.0019004194548526       1.6794342059300833       9.5558538992688309   2.0787368786822731e-09     0.097526113412366389        501.3804353677337       5.7934714303969193       5.7934714303969193       3031.6075894603641                                                 2519.6063828997121                                              10.620771192918266        20.889976410096779               391.03323064139755                           75.57601943806003                      13.881208878179335
                       1        1518.574285649684     0.022780697354119174       0.1157773559339647       68.877118462904974       3.0322591691025962      0.97837267433820096     0.051240104093255939     0.066037746171850126       1.0026019130515664       1.6734783537348588        9.859317302588984    2.074404399529579e-09     0.066037746171850126       497.62767641620968       5.7934714303969193       5.7934714303969193       3025.5616284385742                                                 2517.4240793319623                                               10.50987269040249        21.015189702436714               391.68019242534712                          72.816176074522588                      12.116118213903222
                       7       1519.2158555864783     0.022780697354119174       0.1157773559339647       68.877118462904974       3.0322591691025962      0.97837267433820096     0.051240104093255939     0.066037746171850126       1.0032030478286158       1.6734783537348588        9.859317302588984    2.074404399529579e-09     0.066037746171850126       498.91081628979816       5.7934714303969193       5.7934714303969193       3026.8447683121626                                                 2517.4240793319623                                               10.50987269040249        20.962244713342557               391.69129220901976                          73.658311911311571                      12.598967456124308
                       7       1519.2212564656843     0.022784222072192221      0.11579982502129146        68.88212227556302       3.0321516953638712      0.97828999757772406     0.051156693065815412     0.065079965655591085       1.0031985329153332       1.6735087643945896       9.8573688943503672   2.0741814675130171e-09     0.065079965655591085        498.9100698945407       5.7934714303969193       5.7934714303969193       3026.8555700705747                                                  2517.434384508314                                              10.511115667719489        20.973347516300066               391.72518725791167                          73.672252482467087                      12.539282637861911
                       4       1519.1826406562318     0.022754757697495673      0.11585494802331189       69.087313089160872       3.0338291518442482      0.97809607131055132     0.051278334908357551     0.041131725944124925       1.0039813687595376       1.6719268109531245       9.8100457009634017    2.077663736517978e-09     0.041131725944124925       497.56205245590508       5.7934714303969193       5.7934714303969193       3026.7783384516697                                                 2518.3716895588127                                              10.844596436952108        21.008802584899456               391.64362153395922                          73.381920288682196                      11.527708048364238
                       9       1517.7670603323404     0.022754757697495673      0.11585494802331189       69.087313089160872       3.0338291518442482      0.97809607131055132     0.051278334908357551     0.041131725944124925       1.0039813687595376       2.1178286839962714       9.9984606146082005    2.077663736517978e-09     0.041131725944124925       497.56205245590508       5.7934714303969193       5.7934714303969193       3023.9471778038869                                                 2515.5405289110299                                              10.844596436952108        21.008802584899456               391.64362153395922                          73.381920288682196                      11.527708048364238
                       1       1516.9746460589042     0.022691772495765133      0.11598333098843522       69.124723538110771       3.0397491951788336      0.97698093539602404     0.053481704820279391     0.022414912114396737       1.0049193789632764       2.1149853825678129        9.986086505268478    2.090000075674864e-09     0.022414912114396737       495.24613243350149       5.7934714303969193       5.7934714303969193       3022.3623492570146                                                 2516.0905845653742                                               11.02563225813889        21.165434973547292               390.77739403805367                          73.113187605528438                      10.190115816372085
                       6       1517.9755648994562     0.022691772495765133      0.11598333098843522       69.124723538110771       3.0397491951788336      0.97698093539602404     0.053481704820279391     0.022414912114396737       1.0049193789632764       2.1112496755522896       9.6378602746007367    2.090000075674864e-09     0.022414912114396737       495.24613243350149       5.7934714303969193       5.7934714303969193       3024.3641869381186                                                 2518.0924222464782                                               11.02563225813889        21.165434973547292               390.77739403805367                          73.113187605528438                      10.190115816372085
                       8       1517.8679608314515     0.022691772495765133      0.11598333098843522       69.124723538110771       3.0397491951788336      0.97698093539602404     0.053481704820279391     0.022414912114396737       1.0014149526875418       2.1112496755522896       9.6378602746007367    2.090000075674864e-09     0.022414912114396737       495.03092429749165       5.7934714303969193       5.7934714303969193        3024.148978802109                                                 2518.0924222464782                                               11.02563225813889        21.517768771816691               390.74496148548394                          74.047650886471757                      8.7205431537192641
                       1       1518.1291200489293      0.02264286775756142      0.11574100532728096       69.035392116147904       3.0353202937730348      0.97683182420929759     0.051802474500718371     0.034896434365265697       1.0012742885150179       2.1095411836353155       9.8178358301474979   2.0807641390250266e-09     0.034896434365265697       496.50485826962642       5.7934714303969193       5.7934714303969193       3024.6712972370647                                                 2517.2557537676639                                              10.910685199774454        21.467698185084885                391.2380539681177                          74.404692399222697                      9.3944137172011093
                       3        1518.293394868864     0.022624428711426916      0.11591843714217122       69.091054168274653       3.0339641541165681      0.97612805967483574     0.050662061757330262     0.021678363209549308       1.0015875801096021       2.1085085075662611       9.8383638288340585   2.0779442447777243e-09     0.021678363209549308       496.32496963368408       5.7934714303969193       5.7934714303969193        3024.999846876934                                                 2517.6082320214255                                              11.066645221824141        21.551609665348963               391.69521100540385                           73.89209010020133                      9.1860588627299702
                       1       1519.3509095033014     0.022624428711426916      0.11591843714217122       69.091054168274653       3.0339641541165681      0.97612805967483574     0.050662061757330262     0.021678363209549308       1.0056884373878991       2.1085085075662611       9.8383638288340585   2.0779442447777243e-09     0.021678363209549308       498.43999890255895       5.7934714303969193       5.7934714303969193       3027.1148761458089                                                 2517.6082320214255                                              11.066645221824141        21.139962109109831               391.88755407046062                          73.970614503285432                      11.441868219703034
                       4       1518.9855546727715     0.022624428711426916      0.11591843714217122       69.091054168274653       3.0339641541165681      0.97612805967483574     0.050662061757330262     0.021678363209549308         1.00546580833599       2.1085085075662611       9.8383638288340585   2.0779442447777243e-09     0.021678363209549308       497.70928924149945       5.7934714303969193       5.7934714303969193       3026.3841664847491                                                 2517.6082320214255                                              11.066645221824141        21.160980941745322               391.86783275197058                          73.394464659089024                      11.286010888694518
                      20       1518.6532799511901     0.022525736203238948      0.11629913127503869       69.006318890858566       3.0325804986569556      0.97465381148468933     0.049438821648953371    0.0049842466885687692       1.0058388302559238        2.105533439696349       9.9806640949235685   2.0750710740762219e-09    0.0049842466885687692       497.15064942546843       5.7934714303969193       5.7934714303969193       3025.7196170415864                                                 2517.7763796093559                                              10.792588006761873         21.30438796053005               392.34571487548055                          72.788293199158076                      10.712253390299741
                       1       1518.6762201311215     0.022528830816533441      0.11628207871255644       69.010116460569463       3.0322777677420722      0.97490718034465951      0.04937377894162201    0.0056041328006893676         1.00574613266825       2.1059213584856682       9.9702069782431959   2.0744429809879136e-09    0.0056041328006893676       497.24825523740253       5.7934714303969193       5.7934714303969193        3025.765497401449                                                 2517.7118608262817                                              10.805381337764496        21.269995528397487               392.39520928514315                          72.827487506134815                      10.755562917727055
                      12       1516.9628791923044     0.022528830816533441      0.11628207871255644       69.010116460569463       3.0322777677420722      0.97490718034465951      0.04937377894162201    0.0056041328006893676       1.0035404763282141       2.1059213584856682       9.9702069782431959   2.0744429809879136e-09    0.0056041328006893676       493.82157335976825       5.7934714303969193       5.7934714303969193       3022.3388155238149                                                 2517.7118608262817                                              10.805381337764496        21.494164379314725               392.32336990645103                          70.449440677199462                      9.5545983968030299
                       4       1517.3487385015626     0.022528830816533441      0.11628207871255644       69.010116460569463       3.0322777677420722      0.97490718034465951      0.04937377894162201    0.0056041328006893676       1.0046080480273989       2.1059213584856682       9.9702069782431959   2.0744429809879136e-09    0.0056041328006893676       494.59329197828521       5.7934714303969193       5.7934714303969193       3023.1105341423313                                                 2517.7118608262817                                              10.805381337764496         21.38367092568626               392.32334202972896                           70.79729237596537                      10.088986646904614
                       5       1517.6915601479027     0.022528830816533441      0.11628207871255644       69.010116460569463       3.0322777677420722      0.97490718034465951      0.04937377894162201    0.0056041328006893676       1.0046080480273989       2.2545490478510777       9.8710454749802388   2.0744429809879136e-09    0.0056041328006893676       494.59329197828521       5.7934714303969193       5.7934714303969193       3023.7961774350115                                                 2518.3975041189619                                              10.805381337764496         21.38367092568626               392.32334202972896                           70.79729237596537                      10.088986646904614
                       4        1518.197306715784     0.022607841539626493       0.1168471511688209       68.558442492801134       3.0267990994229588      0.97635987027783566     0.047660930860160586     0.031344966009411987       1.0024216049154457        2.262465234424853       9.7251020489805331   2.0631088722096993e-09     0.031344966009411987       497.06245608946381       5.7934714303969193       5.7934714303969193        3024.807670570774                                                 2516.4146105717032                                              11.330603909606905        21.185809160827262               393.44156924888148                          72.600406948081911                      9.8346707316731674
                       2       1517.9451978235231     0.022607841539626493       0.1168471511688209       68.558442492801134       3.0267990994229588      0.97635987027783566     0.047660930860160586     0.031344966009411987       1.0006955734039897        2.262465234424853       9.7251020489805331   2.0631088722096993e-09     0.031344966009411987       496.55823830494199       5.7934714303969193       5.7934714303969193       3024.3034527862524                                                 2516.4146105717032                                              11.330603909606905        21.354124414336184                393.3585020368173                           72.76186518008835                      9.0837466737001265
                       1       1518.5504367234785     0.022641161979390822      0.11678497011537239       68.660246708045563       3.0259875503692011      0.97986284168000737     0.047806374989360592     0.027469898412176789      0.99990371714293846       2.2678909839235324       9.4714424784679441   2.0614352373669011e-09     0.027469898412176789       497.63300562344222       5.7934714303969193       5.7934714303969193        3025.513930586163                                                 2516.9059668740274                                              10.974958088693135        20.942447303903464               393.59345004801287                          74.095944141992746                      9.0011641295331426
                       2       1516.6524321546567     0.022642857954015012      0.11669403848390884       68.760111436138772       3.0284233141910808      0.98041763725297215     0.050128883476968832     0.020787343084985491      0.99893233385509494       2.2678766848966161       9.5667082293304446   2.0664625268986565e-09     0.020787343084985491        495.9320947790838       5.7934714303969193       5.7934714303969193       3021.7179214485195                                                 2515.1065132306899                                              10.679313438745424        20.914368304691436               392.18636402325484                          73.981940556920364                      8.8494218942172047
                       5       1516.2586505952709     0.022610587915325019      0.11687536221691883       68.803483762564866        3.033422644524749      0.97864213064901096     0.051053159054418686     0.013280553461988963        1.000499610053283        2.264234488740636       9.5704822227168762   2.0768193226434638e-09     0.013280553461988963       493.94235175081712       5.7934714303969193       5.7934714303969193       3020.9303583297478                                                 2516.4340515119293                                              10.553955067001189        21.138629956165971               391.64266591519686                          72.598489735741552                       8.562566143712754
                       5       1516.2997921715601     0.022584931434959682      0.11695567545057194       68.776963864960138       3.0337048311125914      0.97818071227317815     0.050900479965147329     0.010792287173789867       1.0007840896873841       2.2632260817721837       9.5977704311702023   2.0774054558972675e-09     0.010792287173789867       493.76383606425037       5.7934714303969193       5.7934714303969193       3021.0126414823262                                                 2516.6736691287761                                              10.575136289299726        21.185991501577405               391.67435695545271                          72.387406615772463                      8.5160809914477724
                       6       1516.1538920246992     0.022584931434959682      0.11695567545057194       68.776963864960138       3.0337048311125914      0.97818071227317815     0.050900479965147329     0.010792287173789867       1.0015365969910233       2.2632260817721837       9.5977704311702023   2.0774054558972675e-09     0.010792287173789867       493.47203577052846       5.7934714303969193       5.7934714303969193       3020.7208411886045                                                 2516.6736691287761                                              10.575136289299726        21.115095286291648               391.69068354431352                          71.970645955812273                      8.6956109841110045
                      11       1516.4164201497922     0.022584931434959682      0.11695567545057194       68.776963864960138       3.0337048311125914      0.97818071227317815     0.050900479965147329     0.010792287173789867       1.0005689758741045       2.2632260817721837       9.5977704311702023   2.0774054558972675e-09     0.010792287173789867       493.99709202071455       5.7934714303969193       5.7934714303969193       3021.2458974387905                                                 2516.6736691287761                                              10.575136289299726        21.206583239760619               391.67094329291257                          72.646520410184081                      8.4730450778573179
                      12       1516.5733572304398     0.022584931434959682      0.11695567545057194       68.776963864960138       3.0337048311125914      0.97818071227317815     0.050900479965147329     0.010792287173789867       1.0005689758741045        2.283509491373783       9.5537750779590596   2.0774054558972675e-09     0.010792287173789867       493.99709202071455       5.7934714303969193       5.7934714303969193       3021.5597716000857                                                 2516.9875432900712                                              10.575136289299726        21.206583239760619               391.67094329291257                          72.646520410184081                      8.4730450778573179
                       3       1518.7189771290102     0.022740857139708623      0.11714505272009426       68.672855350161043       3.0339811707120892      0.98270591029438259     0.051768549728029613     0.026659097203746721      0.99886702013577333       2.2951471158264738       9.0318843211696844   2.0779796046153044e-09     0.026659097203746721        496.3997984192618       5.7934714303969193       5.7934714303969193       3025.8510113972266                                                 2518.1112415883331                                               11.33997138963208        20.761251489900189               391.56638964836293                          75.718373854782058                      8.3537834262166175
                       2       1517.6192118886222     0.022756321207175471      0.11720339256606402       68.444292948049508       3.0349654486602433      0.98107350196238741     0.053529894605008455     0.048314858147833192      0.99757237349666528       2.2937616444472075        9.322320623227597   2.0800259210236926e-09     0.048314858147833192       495.52793983706124       5.7934714303969193       5.7934714303969193       3023.6514809164505                                                 2515.2586094242383                                              12.864931655150857        20.958888424672409               390.82387887081433                          75.320510180147579                      8.4246623614269307
                       2       1517.5501413461864     0.022756321207175471      0.11720339256606402       68.444292948049508       3.0349654486602433      0.98107350196238741     0.053529894605008455     0.048314858147833192      0.99757237349666528       2.3153663650073586       9.3519821907757503   2.0800259210236926e-09     0.048314858147833192       495.52793983706124       5.7934714303969193       5.7934714303969193       3023.5133398315788                                                 2515.1204683393667                                              12.864931655150857        20.958888424672409               390.82387887081433                          75.320510180147579                      8.4246623614269307
                      11       1517.6229081596828     0.022756321207175471      0.11720339256606402       68.444292948049508       3.0349654486602433      0.98107350196238741     0.053529894605008455     0.048314858147833192      0.99945067657016184       2.3153663650073586       9.3519821907757503   2.0800259210236926e-09     0.048314858147833192       495.67347346405404       5.7934714303969193       5.7934714303969193       3023.6588734585716                                                 2515.1204683393667                                              12.864931655150857        20.801200386383357               390.86415822507945                          75.147668204092426                      8.8604466484987903
                       1       1519.0027472682827     0.022756321207175471      0.11720339256606402       68.444292948049508       3.0349654486602433      0.98107350196238741     0.053529894605008455     0.048314858147833192      0.99626365372419801       2.3153663650073586       9.3519821907757503   2.0800259210236926e-09     0.048314858147833192       498.43315168125446       5.7934714303969193       5.7934714303969193       3026.4185516757716                                                 2515.1204683393667                                              12.864931655150857        21.075387150646804               390.79995184086027                            78.2679687071454                      8.2898439826019334
                       5       1518.8100702121335     0.022746462443357551       0.1170635572170434       68.563425891477678       3.0326778043833289       0.9806716728177276     0.052265897807223988     0.037004035884594902      0.99663504577009498       2.3142157803110348       9.3640210770508574   2.0752730001984863e-09     0.037004035884594902       498.72687520516354       5.7934714303969193       5.7934714303969193       3026.0331975634731                                                 2515.3689546432061                                              11.937367715103692        21.094874585918205               391.24752181332332                          78.088206105633759                      8.2962727002882346
                      11       1518.6815270525726     0.022779436621391348      0.11677178225624105         68.7151065563434        3.032449581005114      0.98393649648979187     0.054180026104000092      0.03088716249395447      0.99474408245166523       2.3186545920364625       9.2921524717214155    2.074799428425793e-09      0.03088716249395447       499.73751452626954       5.7934714303969193       5.7934714303969193       3025.7761112443513                                                 2514.8572001340185                                              11.181396584063322        20.762443460458712                390.7840768552104                          79.896452213072166                       8.294541997528242
                       2       1518.0753126615969     0.022832565395940477      0.11699704960737635        68.91392299899141       3.0356684472879318      0.97943818529083659     0.053417464385900087     0.020589899248884186      0.99696777130069136       2.3125514820525339       9.3828053167448555   2.0814886904939515e-09     0.020589899248884186         497.481345525054       5.7934714303969193       5.7934714303969193       3024.5636824623998                                                 2516.4017541308726                                              10.680582806472986         21.33634016531488                  390.74424671096                          77.142169693795992                      8.2585889549831109
                       2       1518.0259429573907     0.022849498004954675      0.11703684737341981       68.941548469759198       3.0353042940166621      0.98025423036001125     0.053861456579212479      0.02527997787108887      0.99614685773505207        2.313516176768744       9.4524623526414011   2.0807308475720615e-09      0.02527997787108887       497.38419417342197       5.7934714303969193       5.7934714303969193       3024.4649430539876                                                 2516.4733840629556                                              10.607364817610051        21.260785940718677               390.70978282882891                           77.12680228645516                      8.2868231174192122
                       6       1517.9964177875013     0.022826282039409868      0.11688468700412849        68.99000528443392       3.0295062662119125       0.9782434514544307     0.051601946017576769      0.02137079091172097       0.9958596681443016       2.3098050732705433       9.7588852045437839    2.068701618863888e-09      0.02137079091172097       498.04322399750987       5.7934714303969193       5.7934714303969193       3024.4058927142087                                                 2515.8303095582764                                              10.532359158422485        21.468721321991211               391.37349877110137                          76.710976774892245                      8.4900271295250693
                       1       1517.9598004989414     0.022829135690804012      0.11686877252073105       68.996937398950408       3.0292956187830096       0.9784170891499383     0.051563172876177406     0.021331784210941295      0.99579468776629965       2.3100854240705715       9.7494522555334786   2.0682658980800496e-09     0.021331784210941295       497.98387431770851       5.7934714303969193       5.7934714303969193       3024.3326581370889                                                 2515.8177662904177                                              10.531017528962773         21.44400461753338               391.38186556938996                          76.658621165733464                      8.4993829650517263
                       2       1518.0085074741035      0.02282952896150223      0.11686538700010327       68.994510505383076       3.0293997820117453      0.97842889197339533       0.0516191059499434     0.021862380582849388      0.99579355049764429       2.3100918699384927       9.7494931485212444   2.0684813465545871e-09     0.021862380582849388       498.07852193143282       5.7934714303969193       5.7934714303969193        3024.430072087413                                                 2515.8202618342384                                              10.531288321741581        21.443329437487876               391.37349877110137                          76.759316616500726                      8.5023771063428555
                       1       1517.8701009128695      0.02282941743150619      0.11687805288135943       69.030326301919828       3.0302458220629807      0.97863403829942963     0.051855510137743283     0.017988348646079632      0.99596495037883381       2.3102888301184095       9.7019734426906563   2.0702321051205082e-09     0.017988348646079632       497.67596799673174       5.7934714303969193       5.7934714303969193       3024.1532589649451                                                 2515.9543790354414                                              10.522911932771853        21.423044094614454               391.23338416707867                          76.576857266451157                      8.4426824685874795
                       3       1517.9918007296271      0.02283213146782382      0.11691712379662354       69.035158117971477       3.0299036678597129      0.97885482736315177     0.051804708044112448     0.016984507999859819      0.99576416998619743       2.3107332991412997       9.7022122304789704   2.0695238876706994e-09     0.016984507999859819       497.82976232950614       5.7934714303969193       5.7934714303969193       3024.3966585984604                                                  2516.046108228606                                              10.520788040348647        21.397578122496782               391.29073881660378                           76.70667664626184                      8.4347687441437351
                      14       1518.2907122990614     0.022860311160849085      0.11660400341618804        69.27251912969372       3.0305265699578188      0.97889869157694187      0.05331751756244877     0.004458598174857404      0.99497040632992506       2.3098994302655802       9.8152668993082965   2.0708134000206891e-09     0.004458598174857404       497.17016405734972       5.7934714303969193       5.7934714303969193       3024.9944817373289                                                  2516.865746615229                                              10.958571064750371        21.424267614643668               390.79299342664132                          76.424620747023894                      8.5282822690408793
                       1       1521.0360628840037     0.022981114743596535      0.11523648535941509       69.458487856160488       3.0263611154917771      0.98576194283122975     0.054190466251001254     0.045600515171229095      0.99302632886768549       2.3183717724795581       9.5658469650817288   2.0622054615295158e-09     0.045600515171229095       501.35090883461851       5.7934714303969193       5.7934714303969193       3030.4851829072136                                                  2516.687543135371                                              12.446730937224254        20.634717925659629               390.91775226640681                            79.5731476336898                      10.225291008862248
                       1       1519.9163245877951      0.02287186479695905      0.11514831169381082       69.420567914051318       3.0302706957975971      0.98635910740476573     0.055688411138155237     0.039887608536414251      0.99390742206676541         2.31633857200789       9.5480031570734081   2.0702836001649199e-09     0.039887608536414251       500.29854523206876       5.7934714303969193       5.7934714303969193       3028.2457063147963                                                 2515.2567068780077                                              12.690454204719451        20.559427109995283               390.61048355842325                          79.351591886962765                      9.7770426766874703
                       2       1519.5026993576178      0.02287186479695905      0.11514831169381082       69.420567914051318       3.0302706957975971      0.98635910740476573     0.055688411138155237     0.039887608536414251      0.99390742206676541       2.3156006285500959       9.6884720783444926   2.0702836001649199e-09     0.039887608536414251       500.29854523206876       5.7934714303969193       5.7934714303969193       3027.4184558544416                                                  2514.429456417653                                              12.690454204719451        20.559427109995283               390.61048355842325                          79.351591886962765                      9.7770426766874703
                       2       1520.3799178400477     0.022989164176366365      0.11503858161373409       69.070820346517436        3.041537844891772      0.98739301536959301     0.060832046158727365     0.093516868213140814      0.99421217799734207       2.3199240894097373       9.3745941482264037   2.0937416989394126e-09     0.093516868213140814       501.07171777941608       5.7934714303969193       5.7934714303969193       3029.1728928193015                                                 2517.3379498349409                                              10.763225204944218        20.526665879894097               390.46262283002341                          80.072839685652838                      10.009589383845759
                       2       1519.4180824043774     0.022989164176366365      0.11503858161373409       69.070820346517436        3.041537844891772      0.98739301536959301     0.060832046158727365     0.093516868213140814      0.99421217799734207       1.9321311934637322       9.7142050480390658   2.0937416989394126e-09     0.093516868213140814       501.07171777941608       5.7934714303969193       5.7934714303969193       3027.2492219479609                                                 2515.4142789636003                                              10.763225204944218        20.526665879894097               390.46262283002341                          80.072839685652838                      10.009589383845759
                      15        1520.635843213606     0.022989164176366365      0.11503858161373409       69.070820346517436        3.041537844891772      0.98739301536959301     0.060832046158727365     0.093516868213140814      0.99354495351025418       1.9321311934637322       9.7142050480390658   2.0937416989394126e-09     0.093516868213140814       503.50723939787343       5.7934714303969193       5.7934714303969193       3029.6847435664181                                                 2515.4142789636003                                              10.763225204944218        20.573650843228791               390.45920929423744                          82.800813909980164                      9.6735653504270509
                       2       1520.1333806963139     0.022934484591630989      0.11558308837673387        69.06332149679686       3.0450391015539435      0.98894521084716602     0.062355542168795561     0.068010037326392353      0.99314764139990652       1.9346184185183057       9.5533059485376146   2.1010852743809603e-09     0.068010037326392353       502.74946791676786       5.7934714303969193       5.7934714303969193       3028.6798185318339                                                 2515.2604086511751                                              10.669941963891224        20.465429043562949               390.76312281348766                          83.039327078226236                      8.4815889814910523
                       1       1517.1811681066415     0.022934484591630989      0.11558308837673387        69.06332149679686       3.0450391015539435      0.98894521084716602     0.062355542168795561     0.068010037326392353      0.99621166408462825       1.9346184185183057       9.5533059485376146   2.1010852743809603e-09     0.068010037326392353        496.8450427374226       5.7934714303969193       5.7934714303969193       3022.7753933524891                                                 2515.2604086511751                                              10.669941963891224        20.276282534172992               390.71906053477801                          76.384174682932056                      9.4655249855395347
                       6       1516.9124502981012     0.022918117070156445      0.11562776188756949       69.087122397878488       3.0445276162775898       0.9884488906085277     0.062153414248678734     0.060390794392203719      0.99618790584685379       1.9337318710702907       9.6029974231798807   2.1000108749919089e-09     0.060390794392203719       496.73622003491602       5.7934714303969193       5.7934714303969193       3022.2379577354086                                                 2514.7793916598471                                              10.722346040645737        20.308512423708748               390.69903224165103                          76.407632634656849                      9.3210427348994038
                       1       1516.9763516517628      0.02287841984680895      0.11582319395868945       69.281064418378406       3.0390644408978109      0.98862873834129861     0.059189884037634949     0.018859034860475139       0.9962911367416426       1.9343460838665509       9.5021100017772291   2.0885694290523088e-09     0.018859034860475139       496.94517093701648       5.7934714303969193       5.7934714303969193       3022.3657604427317                                                 2514.0971998396308                                              11.323389666084106        20.267403627352508               390.43526163596459                          77.427389041355866                      8.8151166323435213
                      13       1515.4738270855948     0.022816141378492003      0.11602718836368235       69.244155242992264       3.0387463901984302      0.98627037327124623     0.058667410473831061       0.0103913919256829      0.99669437202930367       1.9299638871401887         9.73608552732418   2.0879052637094179e-09       0.0103913919256829       495.36480644229732       5.7934714303969193       5.7934714303969193       3019.3607113103958                                                  2512.794323003855                                              11.201581864243318        20.432088859787484               390.39599534358433                          75.797787029602745                      8.7389352093227881
                       4       1517.7412603930968     0.022816141378492003      0.11602718836368235       69.244155242992264       3.0387463901984302      0.98627037327124623     0.058667410473831061       0.0103913919256829      0.99392909473067703       1.9299638871401887         9.73608552732418   2.0879052637094179e-09       0.0103913919256829       499.89967305730136       5.7934714303969193       5.7934714303969193       3023.8955779253997                                                  2512.794323003855                                              11.201581864243318        20.626211753686789               390.32895264335002                          80.695072902133106                      8.2494357581314386
                       2       1517.3265348689915     0.022767533818512372      0.11606029456666207       68.996253014784585       3.0401067603348899      0.98583376045405768     0.058092434449615857     0.044454679047317529      0.99517369526114285       1.9277054449180187       9.8069900517717539   2.0907475205002298e-09     0.044454679047317529       499.54853696731294       5.7934714303969193       5.7934714303969193       3023.0661268771892                                                 2512.9434309716485                                              10.574158938228392        20.645717603584728               390.30617135423222                          80.190107547783612                      8.4065404617123605
                       6       1515.5007696099462     0.022767533818512372      0.11606029456666207       68.996253014784585       3.0401067603348899      0.98583376045405768     0.058092434449615857     0.044454679047317529      0.99892014948240226       1.9277054449180187       9.8069900517717539   2.0907475205002298e-09     0.044454679047317529       495.89700644922192       5.7934714303969193       5.7934714303969193       3019.4145963590986                                                 2512.9434309716485                                              10.574158938228392         20.38714030285189               390.36692214657432                          75.564909972410575                      9.5780340273851134
                       1        1516.027287903343      0.02278371323223962      0.11643019316736922        69.02441092287593       3.0400643101776614      0.98699644076789583     0.058069145230236228     0.030424176981084419      0.99831347128487025       1.9308109265859734       9.6707683660656762   2.0906587698230131e-09     0.030424176981084419       496.62061903048527       5.7934714303969193       5.7934714303969193       3020.4676329458921                                                 2513.3016478572149                                              10.545366058192696        20.313123629135362               390.41697606176393                          76.927470001462083                      8.9630493381238612
                       3       1516.8005499781441     0.022767052795531165      0.11604704922579025       69.112550894719249        3.044366392188822      0.98886257770827324     0.061157839551874149     0.040631006557202261      0.99783187152048669       1.9307366100293419        9.729076266212342   2.0996723299437276e-09     0.040631006557202261       497.38033176304441       5.7934714303969193       5.7934714303969193       3022.0141570954943                                                 2513.8032689218658                                              10.830556410583933         20.20149496871511               390.61043107492583                          77.392222018291093                      9.1761837011123788
                       2       1517.0098175191399     0.022764154614390374      0.11601763631803459       69.097751784454516       3.0438172137963884      0.98939429901883025     0.060995898459172117     0.042427344112253226      0.99772345129292161       1.9314587723993584       9.7019506776012783   2.0985195518383177e-09     0.042427344112253226       497.88424192591901       5.7934714303969193       5.7934714303969193       3022.4326921774859                                                  2513.746968892845                                               10.80148135872177        20.165124363949076               390.61430922567183                          77.868744066671468                      9.2360642696266169
                       8       1517.0031079241335     0.022762719386248659      0.11605371595412517       69.078640287458413       3.0437458214800404      0.98959680512708081       0.0611729454504732     0.043429364639150092      0.99744684115743509       1.9318086834865804       9.7200357643797091   2.0983697390144161e-09     0.043429364639150092       498.09794151371477       5.7934714303969193       5.7934714303969193       3022.4192729874731                                                 2513.5841770684383                                               10.73715440531987        20.154996583999093                390.6175900968417                           78.10632022781472                      9.2190346050592833
                       6        1516.967352549791     0.022730426913773649      0.11581161937835251       69.018499911863273       3.0410474549991728      0.99039087869511211     0.061953052211577805      0.04424447716783278      0.99570288553895459       1.9323705696841842       9.9069055352283524   2.0927152008852457e-09      0.04424447716783278       499.84651000832901       5.7934714303969193       5.7934714303969193       3022.3477622387882                                                 2511.7897396302806                                              10.711512600178684        20.099093226344223               390.77365937787363                          79.490200279262339                      9.4835571248488115
                       1       1521.2429681905141     0.022730426913773649      0.11581161937835251       69.018499911863273       3.0410474549991728      0.99039087869511211     0.061953052211577805      0.04424447716783278      0.99570288553895459       2.0616068927724096       8.7375217510201928   2.0927152008852457e-09      0.04424447716783278       499.84651000832901       5.7934714303969193       5.7934714303969193       3030.8989935202344                                                 2520.3409709117268                                              10.711512600178684        20.099093226344223               390.77365937787363                          79.490200279262339                      9.4835571248488115
                       6       1520.0436550827917     0.022508356834892683      0.11639021540575913       68.716104826693979          3.0507016162795      0.98465547999994762     0.064593202707583008     0.035124459996929001      0.99815632181748848       2.0495995005137768       9.1566161829137833   2.1130164490327177e-09     0.035124459996929001       497.50948578030858       5.7934714303969193       5.7934714303969193       3028.5003673047895                                                 2520.5424179988613                                              10.448463525620053        20.495723947017439                391.5328830985506                          76.905912326065547                      8.5749664086749959
                       2       1520.4889811708501     0.022672017612719007      0.11672169292347717       68.726371891079381       3.0519950080607345      0.98523308443409474     0.064493569455055633     0.054013235091650375      0.99789976269992953        2.054231632149115       8.9397884318005776   2.1157511752965118e-09     0.054013235091650375       496.32640167944771       5.7934714303969193       5.7934714303969193       3029.3910194809064                                                 2522.4901145342733                                              10.574503267185225        20.503579271482522               391.39344265235604                          75.802646291589042                      8.6267334640200826
                       2       1520.0604031552286     0.022752663533867679      0.11679151189540357       68.810200399757093       3.0572052713684936      0.97913056504351359     0.065321483058284571     0.039348007262001168      0.99992568484435951       2.0482180437832338       8.9732620839905994    2.126803563937897e-09     0.039348007262001168        494.3349165064671       5.7934714303969193       5.7934714303969193       3028.5338634496634                                                  2523.566453443676                                              10.632493499520653        21.229474699447223               391.74777378046616                          73.047414389454687                      8.3102536370990592
                       7       1519.9724500553166     0.022752663533867679      0.11679151189540357       68.810200399757093       3.0572052713684936      0.97913056504351359     0.065321483058284571     0.039348007262001168      0.99771178245175318       2.0482180437832338       8.9732620839905994    2.126803563937897e-09     0.039348007262001168       494.15901030664293       5.7934714303969193       5.7934714303969193       3028.3579572498393                                                  2523.566453443676                                              10.632493499520653        21.455845160980232               391.75211218407219                          72.704953516633367                       8.246099444957153
                       3       1519.6367605035998     0.022683057000223397      0.11683909939460403       68.737733997403993       3.0572865350835325      0.97770072428396804     0.065210366840409206     0.033016477980673774      0.99810512388485839       2.0451519798045878       9.1072620238446795   2.1269764029193343e-09     0.033016477980673774       494.00031297164895       5.7934714303969193       5.7934714303969193       3027.6865781464057                                                 2522.9485232632619                                              10.737741911494911        21.623183769613775               391.80190098472514                          72.313068092642652                      8.2621601246673855
                       2       1519.2435934066825     0.022683057000223397      0.11683909939460403       68.737733997403993       3.0572865350835325      0.97770072428396804     0.065210366840409206     0.033016477980673774      0.99893540403256842       2.0451519798045878       9.1072620238446795   2.1269764029193343e-09     0.033016477980673774        493.2139787778143       5.7934714303969193       5.7934714303969193       3026.9002439525711                                                 2522.9485232632619                                              10.737741911494911        21.532326071930981               391.77349322105937                          71.692406279981384                      8.2157532048425956
                      12       1518.7910293195507     0.022757123664976429      0.11713387918340751       68.665324360915378       3.0485880818492133       0.9773341650055356     0.061013587190814782     0.036838023667727052      0.99809638338221607       2.0480863162961347       9.0978761640789312   2.1085552321443703e-09     0.036838023667727052       492.88025865760073       5.7934714303969193       5.7934714303969193       3025.9951157783075                                                 2521.7952763930889                                              11.319580727617678        21.537136246103387               390.58215668805678                          72.506378214879348                      8.2545875085611886
                      13       1518.7698301902444     0.022718571040747898      0.11707556697016017       68.678551079147326       3.0480786653061354      0.97532677240663235     0.060787698460130171     0.023511205809979605      0.99844533134024727       2.0448551338858074       9.2234374514177393   2.1074813727712097e-09     0.023511205809979605       492.97759380395235       5.7934714303969193       5.7934714303969193       3025.9527175196949                                                 2521.7337749839003                                              11.241348731842459        21.800504768327698               390.54587321457484                          72.413546348885788                       8.217669472164026
                      15        1516.977950508209     0.022718571040747898      0.11707556697016017       68.678551079147326       3.0480786653061354      0.97532677240663235     0.060787698460130171     0.023511205809979605      0.99844533134024727       2.1333406734363218       9.5872913363063805   2.1074813727712097e-09     0.023511205809979605       492.97759380395235       5.7934714303969193       5.7934714303969193       3022.3689581556241                                                 2518.1500156198294                                              11.241348731842459        21.800504768327698               390.54587321457484                          72.413546348885788                       8.217669472164026
                      10       1517.0756830123144     0.022718571040747898      0.11707556697016017       68.678551079147326       3.0480786653061354      0.97532677240663235     0.060787698460130171     0.023511205809979605      0.99809741425961607       2.1333406734363218       9.5872913363063805   2.1074813727712097e-09     0.023511205809979605       493.17305881216271       5.7934714303969193       5.7934714303969193       3022.5644231638348                                                 2518.1500156198294                                              11.241348731842459        21.840763236203884               390.54570231298698                          72.576352468550297                      8.2102407944215585
                       2       1517.1300845598648     0.022736579793001553        0.117069379798135        68.66304759662161       3.0463769233131384      0.97551081916238991     0.060221999189770219     0.027020478265403696      0.99773634440570769       2.1341555577642546       9.5981640017669125   2.1038980330443074e-09     0.027020478265403696       493.24431844644329       5.7934714303969193       5.7934714303969193       3022.6732262589358                                                 2518.0678207674409                                              11.361087045051544        21.805766255523793               390.40918918826179                          72.805004313169178                      8.2243586894884775
                       2       1515.4650176448897      0.02260449750731831      0.11721742148972596       68.692079505105511       3.0379311179104098      0.97788778817404287     0.056180078965044053     0.014696574755022236      0.99740020598041834       2.1343779479947727       9.7009138685081044   2.0862037461022257e-09     0.014696574755022236       492.07621517043532       5.7934714303969193       5.7934714303969193       3019.3430924289855                                                 2516.3996375490274                                               10.86723970952298        21.333718782355277               390.27386937928594                          72.131937477206179                      8.3366895315879255
                       1        1515.949018903518      0.02260449750731831      0.11721742148972596       68.692079505105511       3.0379311179104098      0.97788778817404287     0.056180078965044053     0.014696574755022236      0.99740020598041834       2.1707310945765439       9.5761435081988981   2.0862037461022257e-09     0.014696574755022236       492.07621517043532       5.7934714303969193       5.7934714303969193       3020.3110949462421                                                 2517.3676400662839                                               10.86723970952298        21.333718782355277               390.27386937928594                          72.131937477206179                      8.3366895315879255
                       3       1515.8452579203583      0.02260449750731831      0.11721742148972596       68.692079505105511       3.0379311179104098      0.97788778817404287     0.056180078965044053     0.014696574755022236      0.99800365631846932       2.1707310945765439       9.5761435081988981   2.0862037461022257e-09     0.014696574755022236       491.86869320411625       5.7934714303969193       5.7934714303969193       3020.1035729799228                                                 2517.3676400662839                                               10.86723970952298        21.273336691190025               390.27546819674569                          71.899225468981911                      8.4206628471986011
                       1       1515.6989225626567     0.022591743438747498      0.11689318939289446       68.688413350254891       3.0384271766043427      0.97863658773830431     0.057164567179497666     0.028444522167830548      0.99766916617859414       2.1701515107237759       9.6755577591178135    2.087238882330731e-09     0.028444522167830548       491.97007732687103       5.7934714303969193       5.7934714303969193       3019.8109022645194                                                 2517.1374230483975                                              10.703401889251149        21.175674634483471               390.25258396372965                          71.892428530641538                      8.6493901980163379
                       5       1515.1217527724671     0.022591743438747498      0.11689318939289446       68.688413350254891       3.0384271766043427      0.97863658773830431     0.057164567179497666     0.028444522167830548      0.99766916617859414       2.4708466834052083         9.87925339222544    2.087238882330731e-09     0.028444522167830548       491.97007732687103       5.7934714303969193       5.7934714303969193       3018.6565626841402                                                 2515.9830834680183                                              10.703401889251149        21.175674634483471               390.25258396372965                          71.892428530641538                      8.6493901980163379
                       3       1516.4764583305641     0.022591743438747498      0.11689318939289446       68.688413350254891       3.0384271766043427      0.97863658773830431     0.057164567179497666     0.028444522167830548      0.99566728916971781       2.4708466834052083         9.87925339222544    2.087238882330731e-09     0.028444522167830548       494.67948844306505       5.7934714303969193       5.7934714303969193       3021.3659738003344                                                 2515.9830834680183                                              10.703401889251149        21.374240402079295               390.21494485371829                          74.788256818993005                      8.3020463682744996
                      11       1517.4126378466267     0.022507683696770441      0.11702487685211746       68.384092367351514       3.0380587308158775      0.97705142463396544     0.054274752588685519      0.06026198221131062      0.99837194508754223       2.4668645816350581       9.8842508424160194   2.0864699896113561e-09      0.06026198221131062       494.63212046532351       5.7934714303969193       5.7934714303969193       3023.2383328324595                                                 2516.9536836010602                                              11.652528766076287        21.488706866422604               390.49403153402369                          74.063681225474497                      8.5857008394026835
                       6        1517.384988832094     0.022500842308432325      0.11707304338115605       68.399004188680891       3.0376980735930936      0.97698152539009364     0.054056711350026661     0.056529108548656282       0.9983663719432242       2.4667011668543886       9.8939751908422497   2.0857176248205343e-09     0.056529108548656282       494.61852260409103       5.7934714303969193       5.7934714303969193       3023.1830348033941                                                 2516.9893601229223                                              11.575152076380597        21.496620069797473               390.53754530467342                          74.037485637678415                      8.5468715919417484
                       1       1517.5534389513407     0.022500842308432325      0.11707304338115605       68.399004188680891       3.0376980735930936      0.97698152539009364     0.054056711350026661     0.056529108548656282      0.99825070463395316       2.4667011668543886       9.8939751908422497   2.0857176248205343e-09     0.056529108548656282       494.95542284258426       5.7934714303969193       5.7934714303969193       3023.5199350418875                                                 2516.9893601229223                                              11.575152076380597        21.508835750855553               390.53754530467342                          74.385585492103388                      8.5234562949519219
                       3       1517.3328964176712     0.022501076380653774      0.11710567470328354       68.372772842874198       3.0389517931243857      0.97616283721549879     0.054746041342803989     0.057205736258770151      0.99821684179386316       2.4656556991938552       9.9579927033140798    2.088334169607457e-09     0.057205736258770151       494.44038582747004       5.7934714303969193       5.7934714303969193       3023.0788499745486                                                 2516.8761403023286                                              11.762323844750082        21.640529889272671               390.30471472452012                          74.018305632612424                       8.476835581064778
                       2       1518.0819411061882     0.022530041658489243      0.11740493569774593       68.568759790060625       3.0464453937955884      0.97743160776966609     0.057645144176751144    0.0021294172307758097      0.99880245717913407        2.470664791987522       9.3554249608694988   2.1040420928895231e-09    0.0021294172307758097        495.1135200803339       5.7934714303969193       5.7934714303969193       3024.5769393515825                                                 2518.1052408355072                                              11.358178435741275        21.535592914851634               390.20325017181943                          74.852318700015161                      8.5223582936476632
                       1       1518.4175087937235     0.022530041658489243      0.11740493569774593       68.568759790060625       3.0464453937955884      0.97743160776966609     0.057645144176751144    0.0021294172307758097      0.99880245717913407        2.842340057275432       9.8217263052024286   2.1040420928895231e-09    0.0021294172307758097        495.1135200803339       5.7934714303969193       5.7934714303969193       3025.2480747266532                                                 2518.7763762105778                                              11.358178435741275        21.535592914851634               390.20325017181943                          74.852318700015161                      8.5223582936476632
                       6       1518.7481965289865     0.022567450570113435      0.11744820572856551       68.650488458696813       3.0419894275942974      0.97836332079368371     0.054984059814981674    0.0011501305826728137      0.99893785365503218       2.8444509691174145       9.7049271822502572   2.0946874099915145e-09    0.0011501305826728137       495.38839882415948       5.7934714303969193       5.7934714303969193        3025.909450197179                                                    2519.4467575872                                              11.074293785819249        21.382075020403761               390.34880554940992                          75.258311293494302                      8.3992069608515258
                      10       1519.0079147964689     0.022567450570113435      0.11744820572856551       68.650488458696813       3.0419894275942974      0.97836332079368371     0.054984059814981674    0.0011501305826728137       1.0031489560618301       2.8444509691174145       9.7049271822502572   2.0946874099915145e-09    0.0011501305826728137       495.90783535912448       5.7934714303969193       5.7934714303969193       3026.4288867321438                                                    2519.4467575872                                              11.074293785819249        20.979876116898936               390.47396628205399                          75.941197009886338                      8.5127959502852129
                       4       1518.7085106852569     0.022548622652740692      0.11739715499990852       68.634602222679746       3.0424096403746574      0.97742515606837377     0.054950254189151407    0.0040800367471799407       1.0035677240062086       2.8423786467055829       9.7898850928786949   2.0955678093766342e-09    0.0040800367471799407       495.32100061440508       5.7934714303969193       5.7934714303969193       3025.8300785097199                                                 2519.4530758683709                                              11.056002026944263         21.08226070210452               390.45816211083013                          75.245780816687201                      8.5347969847831973
                       4       1520.2972517670314     0.022548622652740692      0.11739715499990852       68.634602222679746       3.0424096403746574      0.97742515606837377     0.054950254189151407    0.0040800367471799407       1.0044353981786596       2.8423786467055829       9.7898850928786949   2.0955678093766342e-09    0.0040800367471799407         498.498482777954       5.7934714303969193       5.7934714303969193       3029.0075606732689                                                 2519.4530758683709                                              11.056002026944263        21.002908981455107               390.47153270731491                          78.279708141101978                       8.744332948082004
                       5       1521.1334319885657     0.022507693709986534      0.11649009060269258       68.609100684647728       3.0414691368104112      0.97633074250551832     0.053695400324920511      0.04088492085811115       1.0065442702181862       2.8367902898339064       9.9363776631359553   2.0935978469063685e-09      0.04088492085811115       498.30936517310823       5.7934714303969193       5.7934714303969193       3030.6799211163375                                                 2521.7336896081792                                              10.636866335050133        21.064774364544235               390.70695718280905                          76.204077873620776                      10.333555752134131
                       7       1520.9969661429359     0.022502886089361358      0.11643237603903744       68.593506131942334       3.0426598024503679      0.97630184297104716     0.054433664334594734     0.043522705179903268       1.0065087704033677       2.8364504579050824        9.956886231617144   2.0960921065465197e-09     0.043522705179903268       498.18541121109826       5.7934714303969193       5.7934714303969193       3030.4069894250779                                                 2521.5700497159255                                              10.651528498054388        21.074345547793371               390.54212756461823                          76.226164908246062                      10.342773190440591
                       6       1517.8992904132069     0.022502886089361358      0.11643237603903744       68.593506131942334       3.0426598024503679      0.97630184297104716     0.054433664334594734     0.043522705179903268        1.003175011166056       2.8364504579050824        9.956886231617144   2.0960921065465197e-09     0.043522705179903268       491.99005975163999       5.7934714303969193       5.7934714303969193         3024.21163796562                                                 2521.5700497159255                                              10.651528498054388        21.398361858097758               390.45147858057118                           71.28430247934206                      8.8559168336290011
                       6       1517.8711317377199     0.022509532593496973      0.11636525567511188       68.622783756664532       3.0434777157654747      0.97631395422788747     0.054913334648921806     0.042767534571943544       1.0031954751132857       2.8363685341011791       9.9477949206425063   2.0978072295054912e-09     0.042767534571943544        491.9475425899833       5.7934714303969193       5.7934714303969193       3024.1553206146459                                                 2521.6206842107808                                               10.58709381388169        21.407048502501254               390.40406960798214                          71.293497793662539                      8.8429266858373889
                       3       1517.0658268296622     0.022509532593496973      0.11636525567511188       68.622783756664532       3.0434777157654747      0.97631395422788747     0.054913334648921806     0.042767534571943544       1.0031954751132857       2.5376314825734911       9.6624640884653452   2.0978072295054912e-09     0.042767534571943544        491.9475425899833       5.7934714303969193       5.7934714303969193       3022.5447107985306                                                 2520.0100743946655                                               10.58709381388169        21.407048502501254               390.40406960798214                          71.293497793662539                      8.8429266858373889
                       1       1517.0980583381765     0.022512876040524578      0.11608198707877826       68.715467301898727       3.0442326866011489      0.97704938448733214     0.055669970961872109     0.046040612353013724       1.0031461271365276       2.5374047821556314       9.6788639598743362   2.0993916107882093e-09     0.046040612353013724       492.07273010762384       5.7934714303969193       5.7934714303969193       3022.6091738155592                                                 2520.1017186498916                                              10.434725058043583        21.316763101652725               390.31246627345541                          71.346090104969235                      9.0974106275464877
                      17       1515.9753114611074     0.022478008279132069      0.11615003341518849       68.598228393632255       3.0417437603313675      0.97845553174175781      0.05608749478361872     0.059063226494670988       1.0013052287785358        2.538400415116052       9.9159126920027596   2.0941728770733428e-09     0.059063226494670988       492.65521927151792       5.7934714303969193       5.7934714303969193       3020.3636800614208                                                 2517.2305969681129                                               10.47786382178986        21.128762081911248               390.31936283616005                          71.730366248884295                      9.4767281045623157
                       6       1516.3422716902674     0.022478008279132069      0.11615003341518849       68.598228393632255       3.0417437603313675      0.97845553174175781      0.05608749478361872     0.059063226494670988       1.0027078815774744        2.538400415116052       9.9159126920027596   2.0941728770733428e-09     0.059063226494670988       493.38913972983818       5.7934714303969193       5.7934714303969193       3021.0976005197408                                                 2517.2305969681129                                               10.47786382178986        20.999740547769022               390.34344588348802                          71.869245687532029                      10.176707611049105
                       5       1516.5214519388362     0.022402785192990219      0.11630064990940256       68.804470454607738       3.0372540332194258      0.98123562908895123     0.055858290706173021     0.012290962155063506       1.0005820623933104       2.5415482000463618       9.9234161580219329   2.0847916875790165e-09     0.012290962155063506        495.5506224906174       5.7934714303969193       5.7934714303969193       3021.4559610168785                                                 2515.4084128426371                                              10.496925683624148        20.679027196035804               390.46578632982892                          75.141278853510556                      9.2645301112420988
                       1       1516.8353082474916     0.022437760169548841      0.11657615929645194       68.625422604537007       3.0433654855250643      0.98212380525716758     0.058105040434256919     0.034279917510386088       1.0008489181148394       2.5439354449351681       9.7550267340634349   2.0975718053068934e-09     0.034279917510386088       495.35893106549702       5.7934714303969193       5.7934714303969193       3022.0836736341894                                                 2516.2327541455875                                              10.491988423104962        20.639786574154016                390.3851765108667                          75.426016833668143                      8.9079511468081609
                       4       1516.6925369337314     0.022443710471198343      0.11703016225158523       68.650057298940752       3.0388467632691691      0.98338350375239481     0.058177268618341431     0.018896532694832421      0.99775951558956588       2.5468759255115865       9.9924103001132494   2.0881148436900661e-09     0.018896532694832421       496.73838492685564       5.7934714303969193       5.7934714303969193       3021.7981310066689                                                 2514.5174396406783                                              10.542306439134837        20.542357064782323                390.3721757585966                          77.097286068744182                      8.7265660347325511
                      12       1517.9254589458426     0.022443710471198343      0.11703016225158523       68.650057298940752       3.0388467632691691      0.98338350375239481     0.058177268618341431     0.018896532694832421      0.99881188473307014       2.5468759255115865       9.9924103001132494   2.0881148436900661e-09     0.018896532694832421       499.20422895107771       5.7934714303969193       5.7934714303969193       3024.2639750308913                                                 2514.5174396406783                                              10.542306439134837        20.468618443585797                390.4271626640479                           79.27468727902928                        9.03376056441477
                       7        1516.280593278251     0.022443710471198343      0.11703016225158523       68.650057298940752       3.0388467632691691      0.98338350375239481     0.058177268618341431     0.018896532694832421      0.99661513621660969       2.5468759255115865       9.9924103001132494   2.0881148436900661e-09     0.018896532694832421       495.91449761589519       5.7934714303969193       5.7934714303969193       3020.9742436957081                                                 2514.5174396406783                                              10.542306439134837         20.62645839293117               390.38313264013408                          76.412092283129525                      8.4928142997004201
                       5       1516.6098682463039     0.022434453193882799      0.11711865007229692       68.660459955827704       3.0390280228976003      0.98376751526049944     0.058233870578078405     0.012064901582385946      0.99654611062357157       2.5475836221497299       9.9421898530401176   2.0884933689153892e-09     0.012064901582385946       496.50580914081485       5.7934714303969193       5.7934714303969193       3021.6327936318139                                                  2514.584368141876                                              10.542616349122959        20.588793481954326               390.35164017650425                          77.125492874381848                      8.4398826079744413
                      14       1516.6537337628406     0.022434453193882799      0.11711865007229692       68.660459955827704       3.0390280228976003      0.98376751526049944     0.058233870578078405     0.012064901582385946      0.99654611062357157       2.5382269259667249       9.9170694390032033   2.0884933689153892e-09     0.012064901582385946       496.50580914081485       5.7934714303969193       5.7934714303969193       3021.7205246648873                                                 2514.6720991749494                                              10.542616349122959        20.588793481954326               390.35164017650425                          77.125492874381848                      8.4398826079744413
