#                 weight             minuslogpost                 omegabh2                 omegach2                       H0                     logA                       ns                      tau               mnu_sample                 A_planck               TT_tSZ_Amp               TT_kSZ_Amp                       As                      mnu                chi2__CMB            minuslogprior         minuslogprior__0                     chi2 chi2__sbt_spt_audit.likelihoods.candl_cobaya.CandlCobayaLikelihood chi2__sbt_spt_audit.likelihoods.desi_dr2_bao.DESIDR2BAOGaussian chi2__planck_2018_lowl.TT chi2__planck_2018_lowl.EE_sroll2 chi2__planck_2018_highl_plik.TT_lite_native chi2__planckpr4lensing.PlanckPR4Lensing
                       1       1517.1470272865226     0.022911961218656577      0.11652713142301165       68.975997935999303       3.0401330971058163      0.98252661420762999     0.058242014808585041     0.020099904090356883      0.99708437878515321       2.4325102336110964        9.378846957202704   2.0908025847638462e-09     0.020099904090356883       495.71077903942233       5.7934714303969193       5.7934714303969193       3022.7071117122514                                                  2516.239492040198                                              10.756840632631503        20.820037700561954               390.31473265722724                          76.158195115541034                      8.4178135660920681
                       1       1516.5132353417755     0.022843629928527117      0.11720267488395711       68.815663905913311       3.0377999129445969      0.98097232565283443     0.056133425894558268     0.020711308670807033      0.99746058141285909       2.4751042642022352       9.4029323672413501   2.0859300437669853e-09     0.020711308670807033       494.27835869769712       5.7934714303969193       5.7934714303969193       3021.4395278227571                                                 2516.0868339509398                                              11.074335174120483        20.967678373382739               390.35488400364358                           74.56773284074967                      8.3880634799211133
                       1       1516.5024907688105     0.022809823615294936      0.11680708686766665       68.763385889944672       3.0431268335074178      0.98155221951126193     0.058495058795524253     0.048139769353105002      0.99842378621892824       2.5409167289933423       9.4137667811433339   2.0970712752920234e-09     0.048139769353105002        493.3580639070895       5.7934714303969193       5.7934714303969193       3021.4180386768271                                                 2517.1864570254065                                              10.873517744331101        20.894512319984642               390.27309671809627                          73.512481735348331                      8.6779731336602435
                       2       1516.4830222811324     0.022794249630196023      0.11668300591170158       68.857940521442671       3.0375603234159718      0.98402598532944741     0.055465582774481763     0.040161357895403441      0.99868828722143221       2.4763244886239799       9.4460662071856376   2.0854303366357425e-09     0.040161357895403441       494.86781294125262       5.7934714303969193       5.7934714303969193        3021.379101701471                                                 2515.9110293332069                                              10.600259427011412        20.589989483569695               390.59910329532033                          74.783867363830112                      8.8948527985325025
                      10       1516.5107473634473     0.022794249630196023      0.11668300591170158       68.857940521442671       3.0375603234159718      0.98402598532944741     0.055465582774481763     0.040161357895403441      0.99868828262263942       2.4819502492127365       9.4414450350263799   2.0854303366357425e-09     0.040161357895403441       494.86781001289052       5.7934714303969193       5.7934714303969193       3021.4345518661007                                                  2515.966482426199                                              10.600259427011412        20.589989816264335               390.59910329532033                          74.783865566578314                      8.8948513347275533
                       3          1516.5791318499     0.022821375987836661      0.11658960598623522       68.823092852361142       3.0380059792317593      0.98434683344201346     0.055797382804731614     0.048221683200525972      0.99856772786041914       2.4776942326872793       9.4338091951577638   2.0863599279171792e-09     0.048221683200525972       494.91558057373766       5.7934714303969193       5.7934714303969193       3021.5713208390061                                                 2515.9629366033473                                              10.692803661920948        20.567867062806783               390.50196704477185                          74.855942522261572                      8.9898039438974546
                       1       1516.6085469552759     0.022821375987836661      0.11658960598623522       68.823092852361142       3.0380059792317593      0.98434683344201346     0.055797382804731614     0.048221683200525972      0.99866062030779701       2.4776942326872793       9.4338091951577638   2.0863599279171792e-09     0.048221683200525972       494.97441078448941       5.7934714303969193       5.7934714303969193       3021.6301510497578                                                 2515.9629366033473                                              10.692803661920948        20.561257074619846               390.50196704477185                          74.889239403743943                       9.021947261353759
                       4        1516.876579075154     0.022826402791450883       0.1168744063910301       68.753661190559271       3.0392108992962452      0.98394575060629808      0.05669825236849306     0.050935208268369017      0.99804557869363386        2.510071782551266       9.4079778391428377    2.088875339986973e-09     0.050935208268369017       494.75338286926444       5.7934714303969193       5.7934714303969193       3022.1662152895142                                                 2516.4672313782817                                              10.945601041968061        20.622418967070985               390.36141920280454                          74.904800144422921                      8.8647445549660091
                       3       1517.3955935149074     0.022700000386481196      0.11709068250084438       69.078359808519366       3.0509162732713864      0.98039277625964516     0.060302016085565617    0.0015712781658932112       1.0011167907455554        2.508503074142209       9.4424231701264727   2.1134700714723458e-09    0.0015712781658932112       492.54277558124255       5.7934714303969193       5.7934714303969193        3023.204244169021                                                  2520.133669249753                                              10.527799338025535        21.017687799188536               390.47657311581509                           72.74751340811369                      8.3010012581252663
                       2       1517.7093767940655     0.022776833893096062       0.1170355303567142       68.981181513677129       3.0421952621358375      0.97664263564030873      0.05263708744796218   0.00053645184569990102        1.004069445229002       2.3478453924517324       9.5582003624806724   2.0951186133909743e-09   0.00053645184569990102       493.26519352818656       5.7934714303969193       5.7934714303969193       3023.8318107273371                                                  2519.991231530023                                              10.575385669127785        21.397107453511182                390.9507064078573                          72.541676681652262                      8.3757029851657645
                       3       1518.2777415635064     0.022691320463768108      0.11778456116037982       68.485237200138386        3.030379281224604      0.97560839732516513      0.04848251863339801     0.014145776411384097        1.001217468456483       2.4224595534093081       9.5542527556043897   2.0705084149992557e-09     0.014145776411384097        495.4237676568556       5.7934714303969193       5.7934714303969193        3024.968540266219                                                 2516.6983195633552                                              12.846453046008206        21.469533604484809               392.76700052694025                          72.761409342031499                      8.4258241833990546
                       3        1518.241390967085     0.022684364980022034      0.11775005154962319       68.490548791869358       3.0298231468104477      0.97598971777671395     0.048385551982425376     0.013290038305547995       1.0010700962059775       2.4206929045003434       9.5541605595816055   2.0693572541446281e-09     0.013290038305547995       495.58492965962535       5.7934714303969193       5.7934714303969193        3024.895839073376                                                  2516.557841775204                                              12.753067638546684        21.408745734992237               392.88954482226171                          72.843557125937323                      8.4430819764340619
                       1       1518.2451359749405     0.022770164804721188       0.1174082907737425       68.582571307143496       3.0286706562886443       0.9772930905040027     0.048781771490321868     0.022826197341291474       1.0001427648826737       2.4189900186454087       9.5270850170808945   2.0669737132909477e-09     0.022826197341291474       496.50768059601148       5.7934714303969193       5.7934714303969193        3024.903329089087                                                 2516.1655045087718                                              12.230143984303757        21.269988738250447               392.77898291214018                          73.822509498863653                      8.6361994467571606
                       1       1518.6115058063076     0.022770164804721188       0.1174082907737425       68.582571307143496       3.0286706562886443       0.9772930905040027     0.048781771490321868     0.022826197341291474       1.0002108733683988       2.5860392324070403       9.5961517649003731   2.0669737132909477e-09     0.022826197341291474       496.52559290433896       5.7934714303969193       5.7934714303969193       3025.6360687518213                                                 2516.8803318631785                                              12.230143984303757        21.263348093466789               392.77898291214018                          73.829977734001602                      8.6532841647304171
                       5       1518.7293676070794     0.022770164804721188       0.1174082907737425       68.582571307143496       3.0286706562886443       0.9772930905040027     0.048781771490321868     0.022826197341291474        1.000588888464808       2.5860392324070403       9.5961517649003731   2.0669737132909477e-09     0.022826197341291474        496.7613165058828       5.7934714303969193       5.7934714303969193        3025.871792353365                                                 2516.8803318631785                                              12.230143984303757        21.226748576620366                392.7954204797262                          73.984326631550772                      8.7548208179855038
                       5        1518.683931036132     0.022791732756405673      0.11711496599493292       68.718060500921084       3.0338587113300268       0.9765274935459719     0.049819303702723486     0.024360525791415469       1.0026507948609853       2.5614229628742469       9.6238933407300458   2.0777251520973521e-09     0.024360525791415469       495.89915322699579       5.7934714303969193       5.7934714303969193       3025.7809192114701                                                 2518.5539825092264                                              11.327783475248225        21.335620061794032               392.16863075470485                          73.620583428265874                      8.7743189822310175
                       3       1518.9325289199921     0.022751322704081069      0.11731248541744779        68.72738940811584       3.0380192732596076      0.97948029739200426     0.051210650049844438     0.017112265057366838        1.003298423390163       2.5087018207247702       9.6133857329456767   2.0863876642285256e-09     0.017112265057366838       495.10698632404842       5.7934714303969193       5.7934714303969193       3026.2781149791904                                                 2519.9543901269167                                              11.216738528225671        20.966190272775862               391.63960540192193                          74.043015334151505                      8.4581753151991315
                       1       1518.0058930148246     0.022503698106000381      0.11685411770977484       68.610832270453784       3.0491428112591996      0.97760549228015792     0.057647198267582016    0.0098378435545168324       1.0040167318688018       2.6240223133955181       9.6271503927820383   2.1097252342315019e-09    0.0098378435545168324       493.02517158539905       5.7934714303969193       5.7934714303969193       3024.4248431688552                                                 2520.4875732158876                                              10.912098367568547        21.167185596988872                390.2924656083764                           73.30443140549778                       8.261088974536003
                       5       1517.9945938858109     0.022511439822535294      0.11696436066113736       68.587482611574671       3.0499836968805134      0.97742585909033641     0.057972007184885439    0.0088861570012072188       1.0039816103648402       2.6192162802948529       9.6191877417710341   2.1115000179363615e-09    0.0088861570012072188        493.0128632002818       5.7934714303969193       5.7934714303969193       3024.4022449108279                                                 2520.3277556302805                                              11.061626080265736        21.199933543087411               390.25886688130009                          73.321892070226141                      8.2321707056681674
                       1        1517.124909183698     0.022511439822535294      0.11696436066113736       68.587482611574671       3.0499836968805134      0.97742585909033641     0.057972007184885439    0.0088861570012072188       1.0037837257038409       1.9579380555380941        9.562596759875996   2.1115000179363615e-09    0.0088861570012072188       492.77400686525635       5.7934714303969193       5.7934714303969193       3022.6628755066022                                                 2518.8272425610803                                              11.061626080265736        21.219139540399453               390.25886688130009                          73.073624395793061                      8.2223760477637491
                      11       1516.9017567294718     0.022511439822535294      0.11696436066113736       68.587482611574671       3.0499836968805134      0.97742585909033641     0.057972007184885439    0.0088861570012072188       1.0030104984423545       1.9579380555380941        9.562596759875996   2.1115000179363615e-09    0.0088861570012072188       492.32770195680354       5.7934714303969193       5.7934714303969193       3022.2165705981497                                                 2518.8272425610803                                              11.061626080265736        21.295272642506745               390.21717792721404                          72.601433183832498                      8.2138182032502325
                       5       1518.5431585857841     0.022727191574700385      0.11628230602444639       68.968227277794185       3.0525743256374844      0.98625993688992575     0.062354309334728797    0.0096103635268965544      0.99988024741742887       1.8625746541672219       9.4268527651129119   2.1169772222413736e-09    0.0096103635268965544       496.71025214460576       5.7934714303969193       5.7934714303969193       3025.4993743107743                                                 2518.1489292344072                                              10.640192931761479        20.445222224317831               390.83758415081053                          77.214016677051546                      8.2134290924258107
