#                 weight             minuslogpost                 omegabh2                 omegach2                       H0                     logA                       ns                      tau               mnu_sample                 A_planck               TT_tSZ_Amp               TT_kSZ_Amp                       As                      mnu                chi2__CMB            minuslogprior         minuslogprior__0                     chi2 chi2__sbt_spt_audit.likelihoods.candl_cobaya.CandlCobayaLikelihood chi2__sbt_spt_audit.likelihoods.desi_dr2_bao.DESIDR2BAOGaussian chi2__planck_2018_lowl.TT chi2__planck_2018_lowl.EE_sroll2 chi2__planck_2018_highl_plik.TT_lite_native chi2__planckpr4lensing.PlanckPR4Lensing
                       1       951.44415504424842     0.022219948541151613      0.11797680409230428       68.420240553248888       3.0275071900021078      0.97613802736457755     0.050803994374069655      0.01522255619117717      0.99975142984290133       1.1329502807147931       2.0731169239162379    2.064570257501388e-09      0.01522255619117717       497.56603419462692       5.7934714303969193       5.7934714303969193       1891.3013672277029                                                 1382.7935724230963                                              10.941760609979642        21.104800300538614               391.52272451405997                          75.433887081992168                      9.5046222980361552
                       7       951.23997326717927     0.022243229172067922      0.11852184949915597       68.225198808967377       3.0390312740805068      0.97422131027804582     0.053937761505030615     0.010858987232121288        1.000881885355198       1.0524448472379169       1.9525212906577338   2.0885001590003682e-09     0.010858987232121288       493.54611350066716       5.7934714303969193       5.7934714303969193       1890.8930036735646                                                 1384.6624101491575                                              12.684480023740074        21.542171847331019               390.46145432864711                          73.052069162032879                      8.4904181626561677
                      19       949.32994467165759     0.022136031435797079      0.11859397533797612       68.133628178725999       3.0499703049660947      0.96938766549348176     0.056864237480431311     0.012558359034108228       1.0040438804929919       1.0020258878701513       2.2015564711932702   2.1114717410981673e-09     0.012558359034108228       491.72945335903569       5.7934714303969193       5.7934714303969193       1887.0729464825213                                                 1382.4728481167879                                              12.870645006697577        22.334198540208263               390.17355771633873                          70.736575471429589                      8.4851216310590978
                       1       952.61274856505941     0.022140945461853023      0.11796205770326301       67.911456279051833       3.0411274258703029      0.96885744062191359     0.053020491191557238     0.051756620666235896       1.0067682565047431       1.1853504327856776       2.1639285658269252    2.092882563834879e-09     0.051756620666235896       498.28955830816028       5.7934714303969193       5.7934714303969193       1893.6385542693249                                                 1381.0234912255073                                              14.325504735657361        21.927648543611895               390.48166991556855                           76.17103595690088                      9.7092038920789818
                       2        948.9109411290259     0.022138328500848074      0.11812263802511609       68.083675387115278       3.0416207968440379      0.96879991338995719     0.053348643763366822     0.022353834675279283       1.0016063105112643       1.1854493444179548       2.1134521231288494    2.093915386104625e-09     0.022353834675279283       492.53163949639412       5.7934714303969193       5.7934714303969193       1886.2349393972579                                                 1380.7126089972962                                              12.990690903567279         22.59899342692961               390.35236384215023                          71.218277874296234                      8.3620043530180652
                       2       949.52663673130087     0.022152725229921386      0.11807357811572068       68.007156683586402       3.0448617023756506      0.96718426540823055     0.056680842097487062     0.034684552700101949       1.0030338940548666       1.4751333114554395       2.0383653650823002   2.1007125766388759e-09     0.034684552700101949       490.93455994015875       5.7934714303969193       5.7934714303969193       1887.4663306018078                                                 1382.8613341200487                                               13.67043654160044        22.591640882163176               390.05284868308007                          69.766199039688587                      8.5238713352269482
                       1       949.01062252343127     0.022373172870626609      0.11749864483686497       68.419039546478785       3.0436787005932704      0.96784910047006578     0.057074585864990257     0.037789832756023982       1.0022093238371836       1.4039973014931628       2.0014498882433522   2.0982288993034583e-09     0.037789832756023982       490.58574295079796       5.7934714303969193       5.7934714303969193       1886.4343021860686                                                 1384.6507357071148                                              11.197823528155912        22.600122029001795               390.07831871905148                          68.929127155515587                      8.9781750472291399
                       1       949.39610408355577     0.022377468914086828       0.1175080619856665       68.404178830346297       3.0432809166202892      0.96796984456696245     0.056985376868327289     0.038500544764052652       1.0020649370793504       1.4076444695864074         2.01128264456898   2.0973944234572317e-09     0.038500544764052652       490.60622491716873       5.7934714303969193       5.7934714303969193       1887.2052653063176                                                 1385.3001108294843                                              11.298929559664694        22.575513603921991               390.06372268583391                           68.98081694494428                      8.9861716824685391
                       4       950.24309148455757     0.022374287467008303      0.11748799177970316       68.420518190961047        3.042035912793509      0.97028198692895762     0.057372258097014732      0.03994192829644673        1.000902703300464       1.0412480690564776        2.571075459154768   2.0947847842162668e-09      0.03994192829644673       490.64429257750652       5.7934714303969193       5.7934714303969193       1888.8992401083212                                                 1387.0852242042763                                               11.16972332653858        22.177314032017421               390.13518146804779                          69.273374914166737                      9.0584221632745177
                       2       948.40691553269676     0.022381786109954366      0.11745770628698501       68.494051009766835       3.0421963140378869      0.96944255470510976      0.05711090623827416     0.031272440057999361        1.000993726905447       1.3891157814016641       1.7576707407324188    2.095120817251697e-09     0.031272440057999361       489.96458231086399       5.7934714303969193       5.7934714303969193       1885.2268882045996                                                 1384.3723705629457                                              10.889935330789662        22.369809737986145               390.10987952789867                          68.642828744583653                      8.8420643003955188
