#                 weight             minuslogpost                 omegabh2                 omegach2                       H0                     logA                       ns                      tau               mnu_sample                 A_planck               TT_tSZ_Amp               TT_kSZ_Amp                       As                      mnu                chi2__CMB            minuslogprior         minuslogprior__0                     chi2 chi2__sbt_spt_audit.likelihoods.candl_cobaya.CandlCobayaLikelihood chi2__sbt_spt_audit.likelihoods.desi_dr2_bao.DESIDR2BAOGaussian chi2__planck_2018_lowl.TT chi2__planck_2018_lowl.EE_sroll2 chi2__planck_2018_highl_plik.TT_lite_native chi2__planckpr4lensing.PlanckPR4Lensing
                       5       948.63844493162424     0.021941940362041949      0.11785551346506989       67.977105521833735       3.0383391401229369       0.9682740057693221     0.052159649383323722     0.038976093786129956       1.0032203131020681        1.379728841317462       2.1146607838461802   2.0870551372519314e-09     0.038976093786129956       493.28942628274467       5.7934714303969193       5.7934714303969193       1885.6899470024546                                                 1380.0191994317852                                               12.38132128792479        22.383469911606426               390.62094964101942                           71.53268539890135                      8.7523213312174697
                       5       949.17613578846772     0.021895837248421392      0.11759842608919756       68.090388957827287       3.0393383350741701      0.96792214348644712     0.052617247345452305      0.02810596188449304       1.0038151382129081       1.3797758437329333       2.1707229485290829   2.0891415544031723e-09      0.02810596188449304       493.63092761068395       5.7934714303969193       5.7934714303969193       1886.7653287161415                                                 1381.8123841756221                                              11.322016929835488        22.428866542948924               390.48464061562146                          71.987414603635585                      8.7300058484779939
                       1       948.55986401484699     0.021917813920770975       0.1175399298867246       68.132151985449298       3.0407758504268738      0.96792337557043084     0.053348293711127856     0.027673145631916796       1.0038495786091468       1.3799518184862871       2.1364110508149006   2.0921468870499775e-09     0.027673145631916796       493.04203694412581       5.7934714303969193       5.7934714303969193       1885.5327851689001                                                 1381.3420130355014                                              11.148735189272909        22.458749353388328               390.35117984716521                          71.550485272204284                      8.6816224713679766
                       6       949.29740886916511     0.021917813920770975       0.1175399298867246       68.132151985449298       3.0407758504268738      0.96792337557043084     0.053348293711127856     0.027673145631916796       1.0057133403932803       1.3799518184862871       2.1364110508149006   2.0921468870499775e-09     0.027673145631916796       494.51712665276193       5.7934714303969193       5.7934714303969193       1887.0078748775363                                                 1381.3420130355014                                              11.148735189272909        22.219332665543732               390.37484434593671                          72.664754675975317                      9.2581949653062061
                       2       949.08209983637744     0.021928289955040127      0.11748125125061651       68.163968248486654        3.041214521433127      0.96822295179097928     0.053536784898170826     0.027485364223096082       1.0057846333166727        1.380495576418451       2.0968888451815442   2.0930648525578547e-09     0.027485364223096082       494.44017006043413       5.7934714303969193       5.7934714303969193        1886.577256811961                                                 1381.1363219144034                                              11.000764837123176        22.176424899653625               390.34587703329112                          72.652911960968737                      9.2649561665207028
                       5       949.02490890876538     0.021928289955040127      0.11748125125061651       68.163968248486654        3.041214521433127      0.96822295179097928     0.053536784898170826     0.027485364223096082       1.0057846333166727       1.2641825454907134       2.2548069141264095   2.0930648525578547e-09     0.027485364223096082       494.44017006043413       5.7934714303969193       5.7934714303969193       1886.4628749567369                                                 1381.0219400591793                                              11.000764837123176        22.176424899653625               390.34587703329112                          72.652911960968737                      9.2649561665207028
                       3       947.21538944604708     0.021986548102044673      0.11748602523756312        68.33394994567216       3.0456214935825852      0.96481631136862867     0.055319089554708947     0.015174955127509972        1.006367797171611       1.2613050876644636       2.3664614724676962   2.1023092860889903e-09     0.015174955127509972       492.04709672342784       5.7934714303969193       5.7934714303969193       1882.8438360313003                                                 1380.2522290749093                                              10.544510232962828        22.899909851533721               390.07726703747596                           70.12857093525416                      8.9413488991639678
                      11       945.72396773400578     0.022166982317790646      0.11784003521540104       68.445844701216402       3.0378034895037813      0.96551731270000196     0.051796319863378848    0.0084022368844635167       1.0048863412157927       1.2617000338802273       2.1299772639290118   2.0859375042325827e-09    0.0084022368844635167       491.52963175210704       5.7934714303969193       5.7934714303969193       1879.8609926072177                                                 1377.6425372984891                                              10.688823556621662        22.789825712270442               390.68477289975772                          68.975071426295187                      9.0799617137837121
                       1       944.90435247092978     0.022166982317790646      0.11784003521540104       68.445844701216402       3.0378034895037813      0.96551731270000196     0.051796319863378848    0.0084022368844635167       1.0032773114520988       1.2617000338802273       2.1299772639290118   2.0859375042325827e-09    0.0084022368844635167       489.89040122595503       5.7934714303969193       5.7934714303969193       1878.2217620810657                                                 1377.6425372984891                                              10.688823556621662         23.01686750670126               390.65153493443938                          67.607212557474739                      8.6147862273396854
                       7       946.17330893577491     0.022166982317790646      0.11784003521540104       68.445844701216402       3.0378034895037813      0.96551731270000196     0.051796319863378848    0.0084022368844635167       1.0032773114520988       1.3678660421736446       2.4559937523918229   2.0859375042325827e-09    0.0084022368844635167       489.89040122595503       5.7934714303969193       5.7934714303969193       1880.7596750107559                                                 1380.1804502281793                                              10.688823556621662         23.01686750670126               390.65153493443938                          67.607212557474739                      8.6147862273396854
                       1       946.16411523804686     0.022166982317790646      0.11784003521540104       68.445844701216402       3.0378034895037813      0.96551731270000196     0.051796319863378848    0.0084022368844635167       1.0033527242696885       1.3678660421736446       2.4559937523918229   2.0859375042325827e-09    0.0084022368844635167       489.87201383049876       5.7934714303969193       5.7934714303969193       1880.7412876152998                                                 1380.1804502281793                                              10.688823556621662        23.006060395179475               390.63927785854895                          67.594530909108201                      8.6321446676621694
                       1       945.75994492650057     0.022166982317790646      0.11784003521540104       68.445844701216402       3.0378034895037813      0.96551731270000196     0.051796319863378848    0.0084022368844635167       1.0033527242696885       1.3375959335674901        2.464258473962047   2.0859375042325827e-09    0.0084022368844635167       489.87201383049876       5.7934714303969193       5.7934714303969193       1879.9329469922072                                                 1379.3721096050867                                              10.688823556621662        23.006060395179475               390.63927785854895                          67.594530909108201                      8.6321446676621694
                       3       946.23533231455099      0.02224034255433921      0.11702615707078433       68.767546024072161       3.0413987770418367      0.96420197553982168     0.053737615485022636     0.010214098008807871       1.0043031666663729          1.3367683484324       2.5008080280637563   2.0934505470284254e-09     0.010214098008807871       490.06750585281401       5.7934714303969193       5.7934714303969193       1880.8837217683081                                                 1380.4056399975693                                              10.410575917924893        23.348400142704918               390.15593302421621                           67.49043240801646                      9.0727402778764663
                       1       945.98813953760396      0.02224034255433921      0.11702615707078433       68.767546024072161       3.0413987770418367      0.96420197553982168     0.053737615485022636     0.010214098008807871       1.0043031666663729       1.4470823598063667       2.1574954568296598   2.0934505470284254e-09     0.010214098008807871       490.06750585281401       5.7934714303969193       5.7934714303969193        1880.389336214414                                                  1379.911254443675                                              10.410575917924893        23.348400142704918               390.15593302421621                           67.49043240801646                      9.0727402778764663
                       1       946.17745422568487     0.022250213439997599      0.11699148704586323       68.747138536044147       3.0412776177856227      0.96450428502241237     0.053988193755139802     0.015729732290426492       1.0039783279539407       1.4466525106441863       2.1703104973543663   2.0931969214820778e-09     0.015729732290426492       490.05672806831296       5.7934714303969193       5.7934714303969193       1880.7679655905758                                                 1380.3330399273691                                              10.378197594893972        23.297568705069125               390.10093499765435                          67.509047272645248                      9.1491770929442158
