#        weight    minuslogpost        omegabh2        omegach2              H0            logA              ns             tau             mnu              As   minuslogprior minuslogprior__0            chi2 chi2__sbt_spt_audit.likelihoods.candl_cobaya.CandlCobayaLikelihood chi2__sbt_spt_audit.likelihoods.desi_dr2_bao.DESIDR2BAOGaussian
              2       829.45693     0.022718045      0.11635827       69.492698        3.083344      0.95708297     0.058576677      0.17967567   2.1831284e-09        2.104592         2.104592       1654.7047                                                          1638.8667                                                       15.837994
              3       816.40011     0.022718045      0.11635827       69.492698       3.0793584      0.95541214     0.058576677      0.17967567   2.1744447e-09        2.104592         2.104592        1628.591                                                           1612.753                                                       15.837994
              1       798.30426     0.022670443      0.11558154       69.591265       3.0793584      0.95541214     0.058884198      0.17751588   2.1744447e-09        2.104592         2.104592       1592.3993                                                          1574.0253                                                       18.374028
              2       795.07989     0.022070463      0.11566808       68.234898       3.0793584      0.95541214     0.052458742      0.23427506   2.1744447e-09        2.104592         2.104592       1585.9506                                                          1575.2287                                                       10.721924
              4       734.85022     0.021930931      0.11291774        68.55926       3.0793584      0.95541214     0.059965958      0.19402363   2.1744447e-09        2.104592         2.104592       1465.4912                                                          1452.0017                                                       13.489594
              7       723.72468     0.021859034      0.11393747       67.963554       3.0793584      0.95541214     0.068040373      0.16475681   2.1744447e-09        2.104592         2.104592       1443.2402                                                          1432.9419                                                        10.29823
              1       721.06015     0.021840479      0.11416034        67.99402       3.0793584      0.95541214     0.066607178      0.16716751   2.1744447e-09        2.104592         2.104592       1437.9111                                                          1427.6241                                                       10.287052
              2       710.54236     0.022205742      0.11568543       68.662786       3.0793584      0.95541214     0.065879708      0.12200012   2.1744447e-09        2.104592         2.104592       1416.8755                                                          1405.9827                                                       10.892807
             65        706.1713     0.022516251      0.11644633       69.565971       3.0793584      0.95541214     0.066799794      0.00121195   2.1744447e-09        2.104592         2.104592       1408.1334                                                          1393.0543                                                       15.079082
             10       707.83497      0.02249673       0.1164428       69.611862       3.0793584      0.95541214     0.066610988    0.0033836944   2.1744447e-09        2.104592         2.104592       1411.4608                                                          1395.5765                                                       15.884294
             15       707.69522     0.022496263      0.11644247        69.60914       3.0793584      0.95541214     0.066696356    0.0030018995   2.1744447e-09        2.104592         2.104592       1411.1812                                                           1395.335                                                       15.846236
             10       704.78838     0.022479647      0.11661444       69.351961       3.0793584      0.95541214     0.069747771    0.0046668034   2.1744447e-09        2.104592         2.104592       1405.3676                                                          1392.4583                                                       12.909317
             17       703.93049     0.022479647      0.11661444       69.351961       3.0759759      0.96127629     0.069747771    0.0046668034    2.167102e-09        2.104592         2.104592       1403.6518                                                          1390.7425                                                       12.909317
             16        704.3803     0.022479647      0.11661444       69.351961       3.0879038      0.95065703     0.069747771    0.0046668034   2.1931057e-09        2.104592         2.104592       1404.5514                                                          1391.6421                                                       12.909317
             28       703.22293     0.022448212      0.11670469       69.234073       3.0879038      0.95065703     0.069499357    0.0067592406   2.1931057e-09        2.104592         2.104592       1402.2367                                                           1390.181                                                       12.055676
             81       702.44785     0.022448212      0.11670469       69.234073       3.0820822       0.9561621     0.069499357    0.0067592406   2.1803756e-09        2.104592         2.104592       1400.6865                                                          1388.6308                                                       12.055676
             58       702.47698     0.022447959      0.11670666       69.235729       3.0820822       0.9561621     0.069447701    0.0070095945   2.1803756e-09        2.104592         2.104592       1400.7448                                                          1388.6743                                                       12.070508
              6       702.40747     0.022447959      0.11670666       69.235729       3.0808044        0.956238     0.069447701    0.0070095945   2.1775911e-09        2.104592         2.104592       1400.6058                                                          1388.5353                                                       12.070508
             30       702.70582     0.022447959      0.11670666       69.235729       3.0805701      0.95525199     0.069447701    0.0070095945   2.1770811e-09        2.104592         2.104592       1401.2025                                                          1389.1319                                                       12.070508
             19        703.0587     0.022480852      0.11608105       69.307984       3.0805701      0.95525199     0.069547629     0.021856163   2.1770811e-09        2.104592         2.104592       1401.9082                                                           1388.886                                                       13.022218
             15       702.84717     0.022471393      0.11610378       69.289589       3.0805701      0.95525199     0.069491338     0.020515288   2.1770811e-09        2.104592         2.104592       1401.4851                                                          1388.6054                                                       12.879773
             64       703.01196     0.022457871       0.1160492        69.26826       3.0805701      0.95525199     0.069904602     0.018578143   2.1770811e-09        2.104592         2.104592       1401.8147                                                          1389.0353                                                       12.779433
             10       702.06776     0.022421321      0.11614357       69.190648       3.0805701      0.95525199     0.068511198     0.027264983   2.1770811e-09        2.104592         2.104592       1399.9263                                                          1387.5759                                                       12.350474
             25       700.90217     0.022303341       0.1168828       68.836824       3.0805701      0.95525199     0.067165225    0.0082514135   2.1770811e-09        2.104592         2.104592       1397.5952                                                          1387.0988                                                       10.496328
              4       700.28428     0.022309943      0.11692531       68.875904       3.0805701      0.95525199     0.067469623    0.0089763101   2.1770811e-09        2.104592         2.104592       1396.3594                                                          1385.7831                                                       10.576312
             12       702.49145     0.022429283      0.11804971       68.519426       3.0805701      0.95525199       0.0698012      0.03327701   2.1770811e-09        2.104592         2.104592       1400.7737                                                          1389.7121                                                       11.061652
              9        702.0072     0.022429283      0.11804971       68.519426       3.0792881      0.95985317       0.0698012      0.03327701   2.1742918e-09        2.104592         2.104592       1399.8052                                                          1388.7436                                                       11.061652
             56       701.12083     0.022363063      0.11753773       68.570373       3.0792881      0.95985317     0.068458875      0.03040194   2.1742918e-09        2.104592         2.104592       1398.0325                                                          1387.4623                                                       10.570174
             77       700.29307     0.022278657      0.11739311       68.571985       3.0792881      0.95985317     0.068048742     0.033988736   2.1742918e-09        2.104592         2.104592       1396.3769                                                          1385.9969                                                       10.380002
             30       700.67073     0.022241188      0.11757005        68.47629       3.0792881      0.95985317     0.067449448     0.028604108   2.1742918e-09        2.104592         2.104592       1397.1323                                                          1386.5222                                                       10.610038
              2       699.67265     0.022241188      0.11757005        68.47629       3.0767417      0.96085674     0.067449448     0.028604108   2.1687623e-09        2.104592         2.104592       1395.1361                                                          1384.5261                                                       10.610038
            123       699.51368     0.022241188      0.11757005        68.47629       3.0764983      0.96070235     0.067449448     0.028604108   2.1682345e-09        2.104592         2.104592       1394.8182                                                          1384.2081                                                       10.610038
             39       700.36502     0.022253552      0.11757813       68.511693       3.0764983      0.96070235     0.068893307     0.033746918   2.1682345e-09        2.104592         2.104592       1396.5209                                                          1386.0209                                                       10.499921
             25       700.43304     0.022254477      0.11757836       68.510781       3.0764983      0.96070235      0.06899899     0.033288356   2.1682345e-09        2.104592         2.104592       1396.6569                                                          1386.1503                                                       10.506563
            108       701.07243     0.022350268      0.11810372       68.299734       3.0764983      0.96070235     0.068806462     0.044017418   2.1682345e-09        2.104592         2.104592       1397.9357                                                          1385.8653                                                       12.070374
             13        702.4622     0.022350268      0.11810372       68.299734       3.0823421      0.95895847     0.068806462     0.044017418   2.1809423e-09        2.104592         2.104592       1400.7152                                                          1388.6448                                                       12.070374
              9       702.32094     0.022350268      0.11810372       68.299734       3.0827255      0.95842491     0.068806462     0.044017418   2.1817786e-09        2.104592         2.104592       1400.4327                                                          1388.3623                                                       12.070374
              4       701.95197     0.022356909      0.11806566       68.314309       3.0827255      0.95842491     0.069351254     0.042091448   2.1817786e-09        2.104592         2.104592       1399.6947                                                          1387.6957                                                       11.999086
