#                 weight             minuslogpost                 omegabh2                 omegach2                       H0                     logA                       ns                      tau                      mnu                       As            minuslogprior         minuslogprior__0                     chi2 chi2__sbt_spt_audit.likelihoods.candl_cobaya.CandlCobayaLikelihood chi2__sbt_spt_audit.likelihoods.desi_dr2_bao.DESIDR2BAOGaussian
                       6       1290.9356498740497     0.022850219437044576      0.11484291703376033       69.039193449826357       3.0081878374961852       1.0203977648537581     0.050418027931237668      0.10365527536334609   2.0250669150914286e-09       2.1045919762829826       2.1045919762829826       2577.6621157955333                                                  2566.739192369555                                              10.922923425978222
                       1       1291.2545230000533     0.022959723346424158      0.11516817847949505       69.053699508388718       3.0109568145551169       1.0170343789431195     0.050345084733275113      0.10424136972340541   2.0306820494234804e-09       2.1045919762829826       2.1045919762829826       2578.2998620475405                                                 2567.6152748139975                                              10.684587233543068
                       2       1289.3195608332248     0.022905719574952667      0.11656084958217808       69.179017776384981       3.0245138291664162       1.0140857080784866     0.055338939941666859      0.02641444680723419    2.058399494018528e-09       2.1045919762829826       2.1045919762829826       2574.4299377138836                                                 2563.7677270035515                                              10.662210710332323
                       5       1288.8295311426771     0.022905719574952667      0.11656084958217808       69.179017776384981       3.0031810555894265       1.0326736354470154     0.055338939941666859      0.02641444680723419   2.0149531864452272e-09       2.1045919762829826       2.1045919762829826       2573.4498783327881                                                  2562.787667622456                                              10.662210710332323
                       1       1288.9000914464257     0.022998270354489033      0.11683077325251662        69.30756688844447       3.0105932659150083        1.028715849388127     0.057709999470968519    0.0025225670734549087   2.0299439319048593e-09       2.1045919762829826       2.1045919762829826       2573.5909989402853                                                  2562.799308204967                                              10.791690735318213
                       4       1289.1476406846764     0.023071315207828499       0.1168561811679058       69.343959771966027       3.0105194667946686       1.0267769235560673     0.056978183687954008    0.0048172895663877238   2.0297941293560617e-09       2.1045919762829826       2.1045919762829826       2574.0860974167867                                                 2563.2878153056049                                              10.798282111181734
                       1       1289.6690493455385     0.022785029026350514      0.11751411945416806       68.438329748961181       3.0188280816050508       1.0291995169517636      0.06276388925218658      0.01298763246851125   2.0467291628332226e-09       2.1045919762829826       2.1045919762829826        2575.128914738511                                                  2561.097064893092                                              14.031849845418767
                       8       1289.6633405366636     0.022783870594454404      0.11739640093324587       68.458339712887309       3.0185992640051222       1.0294154822225499     0.062828478831172263     0.013810738121434338   2.0462608887551982e-09       2.1045919762829826       2.1045919762829826       2575.1174971207611                                                 2561.3798833687752                                              13.737613751985764
                       2       1290.1651031325791     0.022783870594454404      0.11739640093324587       68.458339712887309       3.0411126908711337       1.0048613182320947     0.062828478831172263     0.013810738121434338    2.092851725439242e-09       2.1045919762829826       2.1045919762829826       2576.1210223125922                                                 2562.3834085606063                                              13.737613751985764
                       1       1290.4027259917887     0.022783870594454404      0.11739640093324587       68.458339712887309       3.0407312376948048       1.0115700652250728     0.062828478831172263     0.013810738121434338   2.0920535527434209e-09       2.1045919762829826       2.1045919762829826       2576.5962680310113                                                 2562.8586542790254                                              13.737613751985764
                       6       1292.0678667612819      0.02280063716905668      0.11692899619726023       68.301807203967741       3.0405355593388714       1.0118186199547083     0.063336364035081416     0.043858037389464866   2.0916442231934683e-09       2.1045919762829826       2.1045919762829826       2579.9265495699979                                                 2565.0587584879345                                              14.867791082063505
                       1       1291.7605217693904     0.022730977571469611      0.11710769475114025       68.251368442941285       3.0409799880693145       1.0135053789940254     0.063932863454199185     0.039871534081451089   2.0925740165782632e-09       2.1045919762829826       2.1045919762829826       2579.3118595862147                                                 2564.2593555945869                                              15.052503991627825
                       1       1291.8593298230828     0.022730977571469611      0.11710769475114025       68.251368442941285       3.0412903577487418       1.0133664899458834     0.063932863454199185     0.039871534081451089   2.0932235889035295e-09       2.1045919762829826       2.1045919762829826       2579.5094756935996                                                 2564.4569717019717                                              15.052503991627825
                      11       1293.5764603677385     0.023080230243942804      0.11622263011877294       68.854845310178135       3.0631360567651766       1.0059599565770887     0.072892876344171825     0.038441326907357076   2.1394546578353128e-09       2.1045919762829826       2.1045919762829826       2582.9437367829109                                                 2571.3116004488224                                              11.632136334088514
                       6       1292.2316811263902     0.022712526148777414      0.11818006804969658       68.311577367258721        3.057439756821966       1.0140407219943479     0.070653149680094396     0.027824854212797699   2.1273023269100789e-09       2.1045919762829826       2.1045919762829826       2580.2541783002143                                                 2565.3333735615156                                              14.920804738698518
                      19       1291.4317281714602     0.022712526148777414      0.11818006804969658       68.311577367258721       3.0333681661791378       1.0381635336766915     0.070653149680094396     0.027824854212797699   2.0767061840444627e-09       2.1045919762829826       2.1045919762829826       2578.6542723903544                                                 2563.7334676516557                                              14.920804738698518
                       1       1291.3721084993617     0.022747285644851942      0.11819033755542602       68.343223994506289       3.0335297717568417       1.0372406738965443     0.070400508347557081     0.027429283842476695   2.0770418184665233e-09       2.1045919762829826       2.1045919762829826       2578.5350330461574                                                  2563.692802258729                                              14.842230787428655
                       6         1290.68187993381     0.022704180537775166      0.11809082781118542        68.34882725044379       3.0274909018499097       1.0390526628951045     0.067940777149295736     0.030528873442964202   2.0645366297406777e-09       2.1045919762829826       2.1045919762829826        2577.154575915054                                                 2562.8792282889067                                              14.275347626147171
                       1       1290.5417710358884     0.023136595003351784      0.11756103122972139        68.99798838093308       3.0125733868972184       1.0305651596229812     0.057343866667461212     0.035278994364889488   2.0339674486874924e-09       2.1045919762829826       2.1045919762829826       2576.8743581192107                                                 2565.7018305807305                                               11.17252753847996
                       7       1290.4039243563257     0.023192412304390762      0.11691910414690586       69.089766016914012        3.016260257091127       1.0302996099148336     0.059631538205374111      0.05029439751326864   2.0414802635258418e-09       2.1045919762829826       2.1045919762829826       2576.5986647600853                                                 2565.7835796356217                                              10.815085124463806
                       6       1290.5215903235162     0.023192412304390762      0.11691910414690586       69.089766016914012       3.0206727964563544       1.0184370331027701     0.059631538205374111      0.05029439751326864   2.0505082791408004e-09       2.1045919762829826       2.1045919762829826       2576.8339966944664                                                 2566.0189115700027                                              10.815085124463806
                       2       1290.3661192310869     0.023192412304390762      0.11691910414690586       69.089766016914012       3.0195118716991107       1.0207878756417055     0.059631538205374111      0.05029439751326864    2.048129174562518e-09       2.1045919762829826       2.1045919762829826       2576.5230545096078                                                 2565.7079693851442                                              10.815085124463806
                       2        1291.060648502159     0.023220240231490354      0.11643172925775856       69.153579704628086       3.0242322617899076       1.0215378348912034     0.062493157659488249     0.067884703571800334   2.0578199974606815e-09       2.1045919762829826       2.1045919762829826       2577.9121130517519                                                 2567.2787317124953                                              10.633381339256449
                       3       1291.2079555540543     0.023334882815787335      0.11541164685865885       69.309740931981892       3.0138656354291613       1.0197259961931366     0.057744130568130894     0.082074612779807016   2.0365975391363386e-09       2.1045919762829826       2.1045919762829826       2578.2067271555425                                                 2567.3203279727104                                              10.886399182832008
                       3       1291.4407695087777     0.022865202393530352      0.11461597630255312       69.537157100276119       2.9877673767090136       1.0346073766442978     0.050029792464116277     0.046419501481411732   1.9841334777967367e-09       2.1045919762829826       2.1045919762829826       2578.6723550649895                                                 2564.4226128395535                                              14.249742225436016
                       2       1291.6973296174499     0.022865202393530352      0.11461597630255312       69.537157100276119       3.0064445162262818       1.0147038772700978     0.050029792464116277     0.046419501481411732   2.0215396483382793e-09       2.1045919762829826       2.1045919762829826       2579.1854752823338                                                 2564.9357330568978                                              14.249742225436016
                       3       1292.2905267580147     0.022910237274848713      0.11442648377937992       69.650753608432268       3.0100810727250713       1.0141209869322361     0.051709502676618044     0.047453766312002196    2.028904474671166e-09       2.1045919762829826       2.1045919762829826       2580.3718695634634                                                 2564.9510735270396                                              15.420796036423797
                       5       1292.0076829656118     0.022845260930856853      0.11510117588571371       69.390294221314406       2.9926480106703113        1.013605663281139     0.042587506466008958      0.03528221067130724   1.9938409771378463e-09       2.1045919762829826       2.1045919762829826       2579.8061819786576                                                 2567.2594112299121                                              12.546770748745551
                      15       1291.6427918021209      0.02292649530101605      0.11569754211250462       69.424782246255347       2.9945136304855295       1.0090714749879295     0.041811164132001991    0.0067240203360766741    1.997564198350924e-09       2.1045919762829826       2.1045919762829826       2579.0763996516757                                                 2567.1260866926468                                                11.9503129590291
                       1       1291.1120342896857     0.022966889606276662      0.11566210371462564       69.330873460212715         2.99989737029333        1.007040800867576     0.044171665380882068     0.010495435011414544   2.0083475656200358e-09       2.1045919762829826       2.1045919762829826       2578.0148846268053                                                 2566.6008341357938                                              11.414050491011405
                       8       1291.4103438858651     0.023009057669784186      0.11631088388566777       69.196985364610782       2.9959889133418076       1.0043472306448862     0.040891212647625533    0.0043712497048473253   2.0005133454452486e-09       2.1045919762829826       2.1045919762829826       2578.6115038191642                                                 2567.7595572938408                                              10.851946525323253
                       5       1291.9313068113649     0.023264294248929125        0.116779539440383       69.027114884828734       3.0125926614804976      0.99551346883806946     0.046215128843883499     0.020213407437973056   2.0340066529402907e-09       2.1045919762829826       2.1045919762829826       2579.6534296701639                                                 2567.8836760304794                                              11.769753639684295
                       5       1291.0428536029481     0.023202099114865909      0.11720870379734387       68.967016508852367       3.0144375753328312      0.99634829971770578     0.047059050282895115    0.0085552653607135157   2.0377626837012603e-09       2.1045919762829826       2.1045919762829826       2577.8765232533301                                                 2565.8381889277712                                              12.038334325558921
                       3       1290.9466846995267     0.023202099114865909      0.11720870379734387       68.967016508852367       2.9907755847026958       1.0256980859001472     0.047059050282895115    0.0085552653607135157   1.9901111505187901e-09       2.1045919762829826       2.1045919762829826       2577.6841854464874                                                 2565.6458511209285                                              12.038334325558921
                       2        1290.769561533112     0.023168798045606995      0.11716440433270163       68.878780065840886       2.9929075363015589       1.0267428595996482     0.048523138700882935     0.017659607856641134   1.9943584971279918e-09       2.1045919762829826       2.1045919762829826       2577.3299391136579                                                 2564.9905504404769                                              12.339388673180832
                       2       1291.0037501906713     0.023155215174745055      0.11738681278801527       68.818577750221721       2.9904052745131127       1.0267843612780878     0.047083968342270292     0.016972678027987527    1.989374328516118e-09       2.1045919762829826       2.1045919762829826       2577.7983164287766                                                 2564.9932713458297                                               12.80504508294699
