[camb] `camb` module loaded successfully from /mnt/8tb/six-birds-ml/tmp/neutrino_CAMB204_native_debug_20261005/instrumented_source/camb
 AUDIT_NEGATIVE_HALO_BASE   6.6074977571208553        1.5398929463117370E-005  -6.4249294190361037E-237   2.4890755540887103E-016  0.50000000000000000     
 AUDIT_WEIGHT_MINMAX  -3.3272779417582715E-188   1.4974026569264070E-188
 AUDIT_NU_DIFF_MIN  -6.7064081639203366     
AUDIT_HALO_NODE 1 1.0000000000000000 0.45731045977343440E-1 35.733451610512141 0.12635172291310302E-198
AUDIT_HALO_NODE 2 1.1764899869477823 0.45716844216117519E-1 35.744552069352906 0.22772366084496147E-198
AUDIT_HALO_NODE 3 1.3841286893883928 0.45702254576127560E-1 35.755962888165477 0.20584616113098926E-198
AUDIT_HALO_NODE 4 1.6284135437126013 0.45687345814195708E-1 35.767630826603217 0.18390330495438176E-198
AUDIT_HALO_NODE 5 1.9158122287880301 0.45672186605627704E-1 35.779502580858505 0.16265000479697062E-198
AUDIT_HALO_NODE 6 2.2539339040412312 0.45656845539941308E-1 35.791524780220470 0.14262943702443285E-198
AUDIT_HALO_NODE 7 2.6517306693466316 0.45641391117625642E-1 35.803643984428106 0.12419355852249162E-198
AUDIT_HALO_NODE 8 3.1197345805686534 0.45625891747929109E-1 35.815806681820710 0.10753315160912815E-198
AUDIT_HALO_NODE 9 3.6703364959737597 0.45610415747673744E-1 35.827959288287190 0.92711463495298145E-199
AUDIT_HALO_NODE 10 4.3181141362421362 0.45595031341093509E-1 35.840048147016283 0.78903148736304471E-199
AUDIT_HALO_NODE 11 5.0802180437865454 0.45580111399402372E-1 35.851779830247054 0.67569709161923580E-199
AUDIT_HALO_NODE 12 5.9768256600263214 0.45565354333904115E-1 35.863390999981561 0.58698040888343208E-199
AUDIT_HALO_NODE 13 7.0316755427535362 0.45550716657088361E-1 35.874915664476454 0.51209669517588345E-199
AUDIT_HALO_NODE 14 8.2726958675151483 0.45536175573006481E-1 35.886371614796026 0.44846309793224475E-199
AUDIT_HALO_NODE 15 9.7327438531958723 0.45521690097899144E-1 35.897791031377459 0.39447902059948133E-199
AUDIT_HALO_NODE 16 11.450475688812519 0.45507196461929460E-1 35.909224157471257 0.34683420790626772E-199
AUDIT_HALO_NODE 17 13.471369993676937 0.45492758823923396E-1 35.920620353104738 0.30452338174568234E-199
AUDIT_HALO_NODE 18 15.848931908029716 0.45478377129657417E-1 35.931979583850584 0.26759712976948382E-199
AUDIT_HALO_NODE 19 18.646109693614168 0.45464051325118257E-1 35.943301815398812 0.23543202399892847E-199
AUDIT_HALO_NODE 20 21.936961350067058 0.45449770795606553E-1 35.954595368112891 0.20732072197967271E-199
AUDIT_HALO_NODE 21 25.808615372414394 0.45435538137047156E-1 35.965858126308291 0.18256712892023281E-199
AUDIT_HALO_NODE 22 30.363577562632138 0.45421369897504109E-1 35.977076918133697 0.16080480730725595E-199
AUDIT_HALO_NODE 23 35.722444970349073 0.45407271821128227E-1 35.988247102067469 0.14173777215277763E-199
AUDIT_HALO_NODE 24 42.027098816908840 0.45393249645172211E-1 35.999364031063706 0.12479647627627336E-199
AUDIT_HALO_NODE 25 49.444460938558237 0.45379362398394928E-1 36.010380758177135 0.11009358885319649E-199
AUDIT_HALO_NODE 26 58.170913204244528 0.45365563855634755E-1 36.021333796924388 0.97533564420529695E-200
AUDIT_HALO_NODE 27 68.437496916402210 0.45351824555928247E-1 36.032246431767867 0.86620458694425460E-200
AUDIT_HALO_NODE 28 80.516029853916919 0.45338131176681347E-1 36.043129174454926 0.77057972663650719E-200
AUDIT_HALO_NODE 29 94.726302911922033 0.45324469112634283E-1 36.053993582772961 0.68702371528061625E-200
AUDIT_HALO_NODE 30 111.44454687645882 0.45310803038526200E-1 36.064867734523830 0.61272530276414255E-200
AUDIT_HALO_NODE 31 131.11339350008652 0.45297150366702989E-1 36.075737773798728 0.54625076222840834E-200
AUDIT_HALO_NODE 32 154.25359460759620 0.45283504818779609E-1 36.086608690496398 0.48716014153463798E-200
AUDIT_HALO_NODE 33 181.47780950653936 0.45269860123932346E-1 36.097485480535212 0.43503210005294996E-200
AUDIT_HALO_NODE 34 213.50682573766036 0.45256180372255608E-1 36.108396799905663 0.38901978815692002E-200
AUDIT_HALO_NODE 35 251.18864262536246 0.45242437142123573E-1 36.119365395725580 0.34670559446988626E-200
AUDIT_HALO_NODE 36 295.52092288374376 0.45228708498563482E-1 36.130329005114298 0.30792587926647055E-200
AUDIT_HALO_NODE 37 347.67740670629223 0.45215012604709157E-1 36.141273094753330 0.27323298206865807E-200
AUDIT_HALO_NODE 38 409.03898767792487 0.45201367601725877E-1 36.152183113749714 0.24190317869858108E-200
AUDIT_HALO_NODE 39 481.23027327433584 0.45187837726246786E-1 36.163007586892014 0.21417967440546264E-200
AUDIT_HALO_NODE 40 566.16259792340099 0.45174412641037998E-1 36.173754632174436 0.19028870284845819E-200
AUDIT_HALO_NODE 41 666.08462744122448 0.45161059272171525E-1 36.184450605578817 0.16948974893237029E-200
AUDIT_HALO_NODE 42 783.64189464444451 0.45147774889314200E-1 36.195097599733124 0.15116776293158500E-200
AUDIT_HALO_NODE 43 921.94684240197785 0.45134556765598050E-1 36.205697709987362 0.13504318617128364E-200
AUDIT_HALO_NODE 44 1084.6612285840517 0.45121394040793988E-1 36.216259565298493 0.12076401439398296E-200
AUDIT_HALO_NODE 45 1276.0930746596175 0.45108293291588393E-1 36.226777811481355 0.10807327184171201E-200
AUDIT_HALO_NODE 46 1501.3107247504486 0.45095255479652513E-1 36.237251594391005 0.96813356250623820E-201
AUDIT_HALO_NODE 47 1766.2770349662208 0.45082280453567998E-1 36.247680953330658 0.86799797747603079E-201
AUDIT_HALO_NODE 48 2078.0072458135764 0.45069373311122728E-1 36.258061705202792 0.77835808873676231E-201
AUDIT_HALO_NODE 49 2444.7547175046111 0.45056553730550453E-1 36.268377921267700 0.69948164685582450E-201
AUDIT_HALO_NODE 50 2876.2294456875288 0.45043786281465048E-1 36.278658022181652 0.63020929683008366E-201
AUDIT_HALO_NODE 51 3383.8551430157504 0.45031062053116543E-1 36.288909122373497 0.56856698996078814E-201
AUDIT_HALO_NODE 52 3981.0716930397853 0.45018372144921312E-1 36.299138344429451 0.51381732279241036E-201
AUDIT_HALO_NODE 53 4683.6909841825618 0.45005694917027363E-1 36.309363104873533 0.46491620155696044E-201
AUDIT_HALO_NODE 54 5510.3155448483876 0.44993021498601043E-1 36.319590552066330 0.42050314431753355E-201
AUDIT_HALO_NODE 55 6482.8310634368399 0.44980367111693190E-1 36.329808391107960 0.38018423464770535E-201
AUDIT_HALO_NODE 56 7626.9858332074846 0.44967730764120334E-1 36.340017402732173 0.34380984056112789E-201
AUDIT_HALO_NODE 57 8973.0724633612081 0.44955111464820466E-1 36.350218368567312 0.31186221244591367E-201
AUDIT_HALO_NODE 58 10556.729905301332 0.44942436761136149E-1 36.360469887618905 0.28261775528702127E-201
AUDIT_HALO_NODE 59 12419.887028499224 0.44929768034116829E-1 36.370722352464718 0.25491301421810674E-201
AUDIT_HALO_NODE 60 14611.872728051982 0.44917160552134794E-1 36.380930994798646 0.22941851858167821E-201
AUDIT_HALO_NODE 61 17190.721955108529 0.44904640728900547E-1 36.391074330047715 0.20636064290878513E-201
AUDIT_HALO_NODE 62 20224.712248588585 0.44892234949036623E-1 36.401130850015207 0.18441851358810261E-201
AUDIT_HALO_NODE 63 23794.171449364636 0.44880128119280639E-1 36.410950391816762 0.16569703658539482E-201
AUDIT_HALO_NODE 64 27993.604457896290 0.44868144233582069E-1 36.420675435611756 0.15041354431198892E-201
AUDIT_HALO_NODE 65 32934.195343291780 0.44856263834267059E-1 36.430321628373065 0.13701499676867799E-201
AUDIT_HALO_NODE 66 38746.751049565057 0.44844468413925268E-1 36.439903879473178 0.12517357840604998E-201
AUDIT_HALO_NODE 67 45585.164636571673 0.44832743703250189E-1 36.449433685028744 0.11462998338231891E-201
AUDIT_HALO_NODE 68 53630.489748292712 0.44821076919611319E-1 36.458921356583922 0.10528830620862090E-201
AUDIT_HALO_NODE 69 63095.734183972054 0.44809434384511772E-1 36.468394233834353 0.96971758452427578E-202
AUDIT_HALO_NODE 70 74231.499486562010 0.44797793492774532E-1 36.477870696758259 0.89471588348076277E-202
AUDIT_HALO_NODE 71 87332.615862059640 0.44786131662713641E-1 36.487369144453012 0.82987648118185470E-202
AUDIT_HALO_NODE 72 102745.94809567022 0.44774333527771763E-1 36.496983646131156 0.77047238129724175E-202
AUDIT_HALO_NODE 73 120879.57913401256 0.44762418455108414E-1 36.506698586189025 0.70979673134591625E-202
AUDIT_HALO_NODE 74 142213.61447762809 0.44750486223269346E-1 36.516432701457312 0.65015508861450725E-202
AUDIT_HALO_NODE 75 167312.89344058157 0.44738560281424297E-1 36.526166873724968 0.59431455023030303E-202
AUDIT_HALO_NODE 76 196841.94382010549 0.44726664053763951E-1 36.535881964395877 0.54115738014013603E-202
AUDIT_HALO_NODE 77 231582.57591569197 0.44714876593998330E-1 36.545513328082002 0.49286451682203350E-202
AUDIT_HALO_NODE 78 272454.58171638619 0.44703162076305106E-1 36.555090124053592 0.45028656093854278E-202
AUDIT_HALO_NODE 79 320540.08728737466 0.44691513274331282E-1 36.564618174790574 0.41190788222867432E-202
AUDIT_HALO_NODE 80 377112.20310896431 0.44679934891845227E-1 36.574093549714668 0.37704148219458453E-202
AUDIT_HALO_NODE 81 443668.73091351480 0.44668436551110746E-1 36.583508282401993 0.34490192120861772E-202
AUDIT_HALO_NODE 82 521971.81944158010 0.44657056933048431E-1 36.592830579486133 0.31634429302947027E-202
AUDIT_HALO_NODE 83 614094.61904193473 0.44645747920558081E-1 36.602099743905036 0.29123390476216461E-202
AUDIT_HALO_NODE 84 722476.17034134897 0.44634501662296489E-1 36.611322131325224 0.26860302309920640E-202
AUDIT_HALO_NODE 85 849985.98021497729 0.44623310315068394E-1 36.620504104055577 -0.34977709381896347E-201
AUDIT_HALO_NODE 86 999999.99476891640 0.44951737550730154E-1 36.352946683881065 -0.14145197301551127E-197
AUDIT_HALO_NODE 87 1176489.9807934647 0.45738492105451820E-1 35.727634281470493 -0.15180734287628742E-190
AUDIT_HALO_NODE 88 1384128.6821478996 0.46195383897691983E-1 35.374272939230885 -0.33272779417582715E-187
AUDIT_HALO_NODE 89 1628413.5351942363 0.46064851726963181E-1 35.474511634496416 0.10694758860269324E-187
AUDIT_HALO_NODE 90 1915812.2187662588 0.45109510521591178E-1 36.225800272147715 0.34902533291470072E-195
AUDIT_HALO_NODE 91 2253933.8922507176 0.40977649651747113E-1 39.878522375424609 0.18559941208605425E-237
AUDIT_HALO_NODE 92 2651730.6554752104 0.35709976176011626E-1 45.761109177867290 0.13163798211053634E-314
AUDIT_HALO_NODE 93 3119734.5642490638 0.31162955862505354E-1 52.438161698764205 0.0000000000000000
AUDIT_HALO_NODE 94 3670336.4767739261 0.27674167396763580E-1 59.048862973944964 0.0000000000000000
AUDIT_HALO_NODE 95 4318114.1136537250 0.25414266735076230E-1 64.299636718383809 0.0000000000000000
AUDIT_HALO_NODE 96 5080218.0172115043 0.27315587973934245E-1 59.824014042416586 -0.0000000000000000
AUDIT_HALO_NODE 97 5976825.6287610503 0.30643346619790096E-1 53.327338518376926 -0.0000000000000000
AUDIT_HALO_NODE 98 7031675.5059702583 0.35051383704814851E-1 46.620930354456590 -0.0000000000000000
AUDIT_HALO_NODE 99 8272695.8242399888 0.40228961622214267E-1 40.620688494906339 -0.48753138853438932E-246
AUDIT_HALO_NODE 100 9732743.8022830933 0.44810872043597363E-1 36.467224224952218 -0.40562749583634013E-197
AUDIT_HALO_NODE 101 11450475.628914144 0.45857595786469009E-1 35.634840651887870 -0.15468207350148708E-188
AUDIT_HALO_NODE 102 13471369.923207099 0.46056041436444643E-1 35.481297731254962 0.14974026569264070E-187
AUDIT_HALO_NODE 103 15848931.825122664 0.45638765554008816E-1 35.805703740949873 0.27404331637074153E-190
AUDIT_HALO_NODE 104 18646109.596074853 0.44861898138581359E-1 36.425746264270373 0.45025272433666256E-197
AUDIT_HALO_NODE 105 21936961.235313017 0.44408426529013882E-1 36.797703639913102 0.13369567128473829E-201
AUDIT_HALO_NODE 106 25808615.237407412 0.44398240353485552E-1 36.806146043605942 0.56739340153156080E-203
AUDIT_HALO_NODE 107 30363577.403797779 0.44387807560310168E-1 36.814796863062028 0.54354263701912595E-203
AUDIT_HALO_NODE 108 35722444.783482023 0.44377221560448807E-1 36.823578878266780 0.51418503768448299E-203
AUDIT_HALO_NODE 109 42027098.597061634 0.44366575678324596E-1 36.832414797517607 0.47644605318834305E-203
AUDIT_HALO_NODE 110 49444460.679910190 0.44356183196781633E-1 36.841044489330088 0.43970479696383830E-203
AUDIT_HALO_NODE 111 58170912.899947673 0.44345922817044955E-1 36.849568454609056 0.41023189333993540E-203
AUDIT_HALO_NODE 112 68437496.558400005 0.44335742344772347E-1 36.858029934897182 0.38401253079819126E-203
AUDIT_HALO_NODE 113 80516029.432731196 0.44325656128484818E-1 36.866416907461740 0.35946462554896192E-203
AUDIT_HALO_NODE 114 94726302.416400820 0.44315686462282899E-1 36.874710717170430 0.33433080083534009E-203
AUDIT_HALO_NODE 115 111444546.29348347 0.44305982683303463E-1 36.882786918646147 0.31298375969909892E-203
AUDIT_HALO_NODE 116 131113392.81422140 0.44296371101023739E-1 36.890789875375170 0.29657296673232560E-203
AUDIT_HALO_NODE 117 154253593.80068332 0.44286823230873608E-1 36.898743222347690 0.28219753065264459E-203
AUDIT_HALO_NODE 118 181477808.55721375 0.44277310613170938E-1 36.906670615252146 0.27045270881508354E-203
AUDIT_HALO_NODE 119 213506824.62078926 0.44267736714021517E-1 36.914652517392163 0.26119857988367737E-203
AUDIT_HALO_NODE 120 251188641.31137389 0.44258022186933255E-1 36.922755192887223 0.25031974678504637E-203
AUDIT_HALO_NODE 121 295520921.33785045 0.44248332315157832E-1 36.930840848203367 0.23760859141447850E-203
AUDIT_HALO_NODE 122 347677404.88756299 0.44238694825991576E-1 36.938886306596189 0.22511519770615439E-203
AUDIT_HALO_NODE 123 409038985.53820920 0.44229137422693209E-1 36.946868371234949 0.21184171287838472E-203
AUDIT_HALO_NODE 124 481230270.75698006 0.44219790291239271E-1 36.954678160318139 0.19917479816863286E-203
AUDIT_HALO_NODE 125 566162594.96175921 0.44210617905791429E-1 36.962345154543584 0.18913456796299244E-203
AUDIT_HALO_NODE 126 666084623.95688009 0.44201534198245601E-1 36.969941160874178 0.18093477848624834E-203
AUDIT_HALO_NODE 127 783641890.54515100 0.44192520547696311E-1 36.977481670587636 0.17368054904280119E-203
AUDIT_HALO_NODE 128 921946837.57919681 0.44183558348785734E-1 36.984982187936822 0.16817881404349561E-203
AUDIT_HALO_NODE 129 1084661222.9101021 0.44174526955390710E-1 36.992543693330752 0.16278918266703994E-203
AUDIT_HALO_NODE 130 1276093067.9842715 0.44165524381183395E-1 37.000084147664367 0.15655642020918852E-203
AUDIT_HALO_NODE 131 1501310716.8969707 0.44156578214136738E-1 37.007580401833337 0.15037910486495571E-203
AUDIT_HALO_NODE 132 1766277025.7266827 0.44147702067176033E-1 37.015020986663941 0.14430149223294275E-203
AUDIT_HALO_NODE 133 2078007234.9433448 0.44138924060912861E-1 37.022382246435562 0.13797239321560956E-203
AUDIT_HALO_NODE 134 2444754704.7159014 0.44130312641742955E-1 37.029606651455772 0.13247836092958497E-203
AUDIT_HALO_NODE 135 2876229430.6417294 0.44121783808804813E-1 37.036764551740674 0.12810655587366557E-203
AUDIT_HALO_NODE 136 3383855125.3145270 0.44113326887696945E-1 37.043864832268191 0.12420824741898048E-203
AUDIT_HALO_NODE 137 3981071672.2144594 0.44104931212555779E-1 37.050916385157059 0.12098508179625605E-203
AUDIT_HALO_NODE 138 4683690959.6817913 0.44096549937110208E-1 37.057958521926885 0.11827357379362766E-203
AUDIT_HALO_NODE 139 5510315516.0234566 0.44088172429877247E-1 37.065000168210823 0.11529453658605562E-203
AUDIT_HALO_NODE 140 6482831029.5246210 0.44079856437808027E-1 37.071992755581867 0.11205921691688144E-203
AUDIT_HALO_NODE 141 7626985793.3100710 0.44071613676900386E-1 37.078926369923614 0.10891630116547622E-203
AUDIT_HALO_NODE 142 8973072416.4223175 0.44063455854690597E-1 37.085791089977647 0.10553834084609771E-203
AUDIT_HALO_NODE 143 10556729850.078157 0.44055447943966090E-1 37.092532133777127 0.10237754162652821E-203
AUDIT_HALO_NODE 144 12419886963.529758 0.44047555152177092E-1 37.099178669142084 0.99940610028626180E-204
AUDIT_HALO_NODE 145 14611872651.616003 0.44039747219574883E-1 37.105756088517396 0.97965460989926239E-204
AUDIT_HALO_NODE 146 17190721865.182426 0.44032015379093778E-1 37.112271706404456 0.96281225875060601E-204
AUDIT_HALO_NODE 147 20224712142.791428 0.44024350870220767E-1 37.118732842802125 0.94477219603079749E-204
AUDIT_HALO_NODE 148 23794171324.895336 0.44016806343642162E-1 37.125095032378312 0.93144182325884634E-204
AUDIT_HALO_NODE 149 27993604311.459404 0.44009294699919245E-1 37.131431659424123 0.92579414271086418E-204
AUDIT_HALO_NODE 150 32934195171.010254 0.44001789466897943E-1 37.137765039279692 0.92345622545856735E-204
AUDIT_HALO_NODE 151 38746750846.877563 0.43994264550215129E-1 37.144117198829662 0.92673230188676708E-204
AUDIT_HALO_NODE 152 45585164398.111954 0.43986646578219726E-1 37.150550124879423 0.93790205524641722E-204
AUDIT_HALO_NODE 153 53630489467.747231 0.43978845732457666E-1 37.157139786492252 0.94167257364671301E-204
AUDIT_HALO_NODE 154 63095733853.913109 0.43971006736227870E-1 37.163764030518408 0.93452898012317304E-204
AUDIT_HALO_NODE 155 74231499098.250961 0.43963150417354234E-1 37.170405282976354 0.92453485680464358E-204
AUDIT_HALO_NODE 156 87332615405.215576 0.43955297588834312E-1 37.177045957359532 0.90660212468607831E-204
AUDIT_HALO_NODE 157 102745947558.19775 0.43947565444407186E-1 37.183586895084055 0.88581874287439063E-204
AUDIT_HALO_NODE 158 120879578501.68158 0.43939931267402137E-1 37.190047216615106 0.87452753755817106E-204
AUDIT_HALO_NODE 159 142213613733.69678 0.43932288803904103E-1 37.196516799377150 0.87068613730947938E-204
AUDIT_HALO_NODE 160 167312892565.35385 0.43924611064857337E-1 37.203018510889464 0.86913995592758164E-204
AUDIT_HALO_NODE 161 196841942790.40881 0.43916871080137587E-1 37.209575234711558 0.86472884496550527E-204
AUDIT_HALO_NODE 162 231582574704.26498 0.43909123638692815E-1 37.216140590187287 0.86337102707376049E-204
AUDIT_HALO_NODE 163 272454580291.15350 0.43901254874145562E-1 37.222811129526107 0.86968915031567929E-204
AUDIT_HALO_NODE 164 320540085610.60382 0.43893192958180900E-1 37.229647888373449 0.87863591353992722E-204
AUDIT_HALO_NODE 165 377112201136.25891 0.43884883631452209E-1 37.236697088068190 0.88972422935205699E-204
AUDIT_HALO_NODE 166 443668728592.64819 0.43876235191124303E-1 37.244036809705008 0.91360159408896568E-204
AUDIT_HALO_NODE 167 521971816711.10193 0.43866934663260082E-1 37.251933171846190 0.91992131128968100E-204
AUDIT_HALO_NODE 168 614094615829.55664 0.43857330041127643E-1 37.260091232117595 0.89955531872280965E-204
AUDIT_HALO_NODE 169 722476166562.01575 0.43847462762374695E-1 37.268476111957511 0.87001539002457699E-204
AUDIT_HALO_NODE 170 849985975768.63257 0.43837374232781605E-1 37.277052905862831 0.82217209460405891E-204
AUDIT_HALO_NODE 171 999999989537.83289 0.43827377216765530E-1 37.285555794207909 0.76142091678501873E-204
AUDIT_HALO_NODE 172 1176489974639.1514 0.43817599957134634E-1 37.293875523262876 0.72489628996209640E-204
AUDIT_HALO_NODE 173 1384128674907.4070 0.43807460006635858E-1 37.302507798488513 0.70938955802285031E-204
AUDIT_HALO_NODE 174 1628413526675.8718 0.43796807176508953E-1 37.311581000498045 0.69443947889839867E-204
AUDIT_HALO_NODE 175 1915812208744.4817 0.43785491439367157E-1 37.321223647618517 0.68635036398829103E-204
AUDIT_HALO_NODE 176 2253933880460.2046 0.43773017569942355E-1 37.331858968105855 0.66677571205184984E-204
AUDIT_HALO_NODE 177 2651730641603.7905 0.43759496668612591E-1 37.343393844418237 0.62164378645760866E-204
AUDIT_HALO_NODE 178 3119734547929.4771 0.43745102278944993E-1 37.355681742594349 0.56226317672832652E-204
AUDIT_HALO_NODE 179 3670336457574.0957 0.43729828291529875E-1 37.368729363294243 0.49686723520970020E-204
AUDIT_HALO_NODE 180 4318114091065.3164 0.43713668659479211E-1 37.382543461612450 0.42206455854540840E-204
AUDIT_HALO_NODE 181 5080217990636.4688 0.43697156647268115E-1 37.396669346715292 0.35636457706885907E-204
AUDIT_HALO_NODE 182 5976825597495.7871 0.43679632179590921E-1 37.411673061043899 0.30063720238945057E-204
AUDIT_HALO_NODE 183 7031675469186.9883 0.43660892233170726E-1 37.427730743624217 0.24804770532763945E-204
AUDIT_HALO_NODE 184 8272695780964.8398 0.43640770725460791E-1 37.444987596796238 0.19873258278237164E-204
AUDIT_HALO_NODE 185 9732743751370.2969 0.43619143941226048E-1 37.463553175903428 0.15370662642927342E-204
AUDIT_HALO_NODE 186 11450475569015.748 0.43595941120998058E-1 37.483492190111875 0.11510889084332646E-204
AUDIT_HALO_NODE 187 13471369852737.236 0.43570797666759697E-1 37.505122835430427 0.82887712187973421E-205
AUDIT_HALO_NODE 188 15848931742215.576 0.43543497569609124E-1 37.528637104017015 0.56846718781002249E-205
AUDIT_HALO_NODE 189 18646109498535.492 0.43513825670381243E-1 37.554227727713155 0.36807805631860574E-205
AUDIT_HALO_NODE 190 21936961120558.938 0.43481736192786689E-1 37.581942710019888 0.22482891304510376E-205
AUDIT_HALO_NODE 191 25808615102400.391 0.43446973543071518E-1 37.612012650535974 0.12949685894277050E-205
AUDIT_HALO_NODE 192 30363577244963.367 0.43409061111812530E-1 37.644862078918052 0.69472858849469927E-206
AUDIT_HALO_NODE 193 35722444596614.930 0.43367696272867108E-1 37.680768382246214 0.34336742293591758E-206
AUDIT_HALO_NODE 194 42027098377214.516 0.43322578362578808E-1 37.720010680182313 0.15411402257614576E-206
AUDIT_HALO_NODE 195 49444460421262.086 0.43273980519227477E-1 37.762371266110655 0.63573395139267953E-207
AUDIT_HALO_NODE 196 58170912595650.969 0.43221048595874209E-1 37.808618060356324 0.23799068439085348E-207
AUDIT_HALO_NODE 197 68437496200397.742 0.43163112667596260E-1 37.859366888437890 0.79075366133071975E-208
AUDIT_HALO_NODE 198 80516029011544.828 0.43099680225322602E-1 37.915086840235979 0.22949053141506102E-208
AUDIT_HALO_NODE 199 94726301920879.953 0.43030312433976731E-1 37.976208539894316 0.57111325951719034E-209
AUDIT_HALO_NODE 200 111444545710507.33 0.42955351795799485E-1 38.042480161675819 0.12367893985495277E-209
AUDIT_HALO_NODE 201 131113392128356.75 0.42873172086228740E-1 38.115400354395632 0.22486936185341990E-210
AUDIT_HALO_NODE 202 154253592993769.31 0.42783045651879167E-1 38.195693963123254 0.33387328570276083E-211
AUDIT_HALO_NODE 203 181477807607888.81 0.42684255467739678E-1 38.284095637197304 0.39506252763364478E-212
AUDIT_HALO_NODE 204 213506823503916.47 0.42576610798291357E-1 38.380887719580699 0.36855099531066141E-213
AUDIT_HALO_NODE 205 251188639997386.00 0.42459800018556780E-1 38.486477039819377 0.26994182593435089E-214
AUDIT_HALO_NODE 206 295520919791954.75 0.42331684534148380E-1 38.602955127176180 0.14654705082154050E-215
AUDIT_HALO_NODE 207 347677403068834.62 0.42191189389593924E-1 38.731501580577643 0.56627619269989947E-217
AUDIT_HALO_NODE 208 409038983398490.62 0.42037265523107756E-1 38.873321044900806 0.14945331245243100E-218
AUDIT_HALO_NODE 209 481230268239626.00 0.41870235431327091E-1 39.028395749283554 0.26926807847375898E-220
AUDIT_HALO_NODE 210 566162592000117.25 0.41688271604718455E-1 39.198749567361538 0.31405814574198366E-222
AUDIT_HALO_NODE 211 666084620472538.12 0.41488939377632671E-1 39.387078653798788 0.21823495025578254E-224
AUDIT_HALO_NODE 212 783641886445852.00 0.41270744475640275E-1 39.595314775434659 0.84703515680235375E-227
AUDIT_HALO_NODE 213 921946832756419.12 0.41032253778841878E-1 39.825453589199128 0.17115797146019140E-229
AUDIT_HALO_NODE 214 1084661217236152.5 0.40774464829684040E-1 40.077242591786352 0.18048084491886347E-232
AUDIT_HALO_NODE 215 1276093061308922.0 0.40493361889038133E-1 40.355456852592894 0.86120125971392742E-236
AUDIT_HALO_NODE 216 1501310709043483.5 0.40186691770024006E-1 40.663414840940803 0.16561555000752093E-239
AUDIT_HALO_NODE 217 1766277016487139.8 0.39852646102753693E-1 41.004256387798414 0.11472789774150584E-243
AUDIT_HALO_NODE 218 2078007224073130.0 0.39490009386192730E-1 41.380798433055418 0.25680247835755540E-248
AUDIT_HALO_NODE 219 2444754691927185.0 0.39098959816002248E-1 41.794669889419900 0.17286116789706643E-253
AUDIT_HALO_NODE 220 2876229415595933.0 0.38675036864330783E-1 42.252787612379279 0.27601159921110458E-259
AUDIT_HALO_NODE 221 3383855107613298.0 0.38216333380679181E-1 42.759939899301401 0.86345528234133673E-266
AUDIT_HALO_NODE 222 3981071651389169.0 0.37721176272161934E-1 43.321239686141162 0.42879478619894052E-273
AUDIT_HALO_NODE 223 4683690935181013.0 0.37188942117121745E-1 43.941236977998280 0.27515671568358155E-281
AUDIT_HALO_NODE 224 5510315487198535.0 0.36618452898499271E-1 44.625809917722634 0.17580514096319849E-290
AUDIT_HALO_NODE 225 6482830995612436.0 0.36007368227445803E-1 45.383159030321202 0.78276264314961315E-301
AUDIT_HALO_NODE 226 7626985753412725.0 0.35354722657465837E-1 46.220928795333933 0.0000000000000000
AUDIT_HALO_NODE 227 8973072369483425.0 0.34659923618238116E-1 47.147481815846433 0.0000000000000000
AUDIT_HALO_NODE 228 10556729794855022. 0.33921721159612589E-1 48.173502483568285 0.0000000000000000
AUDIT_HALO_NODE 229 12419886898560380. 0.33141292550388446E-1 49.307917488280168 0.0000000000000000
AUDIT_HALO_NODE 230 14611872575180180. 0.32320072246226135E-1 50.560781735886046 0.0000000000000000
AUDIT_HALO_NODE 231 17190721775256324. 0.31459450580566421E-1 51.943949699457391 0.0000000000000000
AUDIT_HALO_NODE 232 20224712036994196. 0.30561205918348742E-1 53.470668758800130 0.0000000000000000
AUDIT_HALO_NODE 233 23794171200426204. 0.29622992491911828E-1 55.164180964353456 0.0000000000000000
AUDIT_HALO_NODE 234 27993604165022620. 0.28653346489860919E-1 57.030969108887490 0.0000000000000000
AUDIT_HALO_NODE 235 32934194998728724. 0.27656260740223489E-1 59.087095463806456 0.0000000000000000
AUDIT_HALO_NODE 236 38746750644189936. 0.26635850881933359E-1 61.350700819469928 0.0000000000000000
AUDIT_HALO_NODE 237 45585164159652472. 0.25596033689488804E-1 63.843021084964988 0.0000000000000000
AUDIT_HALO_NODE 238 53630489187201848. 0.24540752399576028E-1 66.588346270823365 0.0000000000000000
AUDIT_HALO_NODE 239 63095733523854048. 0.23475495443106027E-1 69.609952321981638 0.0000000000000000
AUDIT_HALO_NODE 240 74231498709939520. 0.22404846018978353E-1 72.936369084853141 0.0000000000000000
AUDIT_HALO_NODE 241 87332614948371984. 0.21333301715803259E-1 76.599869082570564 0.0000000000000000
AUDIT_HALO_NODE 242 0.10274594702072549E+18 0.20263413139742104E-1 80.644267935520446 0.0000000000000000
AUDIT_HALO_NODE 243 0.12087957786935040E+18 0.19200466461549846E-1 85.108771799995225 0.0000000000000000
AUDIT_HALO_NODE 244 0.14221361298976598E+18 0.18150800296599823E-1 90.030637317718046 0.0000000000000000
AUDIT_HALO_NODE 245 0.16731289169012730E+18 0.17118771938723392E-1 95.458256256866207 0.0000000000000000
AUDIT_HALO_NODE 246 0.19684194176071286E+18 0.16108320922428997E-1 101.44621071300926 0.0000000000000000
AUDIT_HALO_NODE 247 0.23158257349283635E+18 0.15119346422590507E-1 108.08192846801117 0.0000000000000000
AUDIT_HALO_NODE 248 0.27245457886592179E+18 0.14159215226344552E-1 115.41092443379621 0.0000000000000000
AUDIT_HALO_NODE 249 0.32054008393383296E+18 0.13232253967327709E-1 123.49582486584669 0.0000000000000000
AUDIT_HALO_NODE 250 0.37711219916355475E+18 0.12341267409766510E-1 132.41169357016830 0.0000000000000000
AUDIT_HALO_NODE 251 0.44366872627177843E+18 0.11488328440132615E-1 142.24246173367970 0.0000000000000000
AUDIT_HALO_NODE 252 0.52197181398062554E+18 0.10674498115950469E-1 153.08711480193119 0.0000000000000000
AUDIT_HALO_NODE 253 0.61409461261717850E+18 0.99016175527356851E-2 165.03648114322695 0.0000000000000000
AUDIT_HALO_NODE 254 0.72247616278268506E+18 0.91702936715427827E-2 178.19801383248253 0.0000000000000000
AUDIT_HALO_NODE 255 0.84998597132228186E+18 0.84806493143961999E-2 192.68903334506686 0.0000000000000000
AUDIT_HALO_NODE 256 0.99999998430675290E+18 0.78327735610192149E-2 208.62700878548978 0.0000000000000000
