[camb] `camb` module loaded successfully from /mnt/8tb/six-birds-ml/tmp/neutrino_CAMB204_native_debug_20261005/instrumented_source/camb
 AUDIT_NEGATIVE_HALO_BASE  0.71590930908396533        1.2889334357168983E-005  -7.6451290422500535E-081   1.7728578091704033E-015  0.50000000000000000     
 AUDIT_WEIGHT_MINMAX  -4.9028616448943442E-033   3.0769646000616700E-033
 AUDIT_NU_DIFF_MIN  -192.65855987737359     
AUDIT_HALO_NODE 1 1.0000000000000000 0.88784437473336142E-1 18.363356778074454 0.56684622105417506E-56
AUDIT_HALO_NODE 2 1.1764899869477823 0.88783186572405651E-1 18.363615506567623 0.16541775864969355E-55
AUDIT_HALO_NODE 3 1.3841286893883928 0.88781324310286541E-1 18.364000698676364 0.25646821646742906E-55
AUDIT_HALO_NODE 4 1.6284135437126013 0.88779063502675476E-1 18.364468348039974 0.34242187486638448E-55
AUDIT_HALO_NODE 5 1.9158122287880301 0.88776616951382767E-1 18.364974445425972 0.41373122730737502E-55
AUDIT_HALO_NODE 6 2.2539339040412312 0.88774197437330352E-1 18.365474977281238 0.45710185271772093E-55
AUDIT_HALO_NODE 7 2.6517306693466316 0.88772017718649662E-1 18.365925925338029 0.36513937113326356E-55
AUDIT_HALO_NODE 8 3.1197345805686534 0.88771056420375083E-1 18.366124809226708 0.12743472432835133E-55
AUDIT_HALO_NODE 9 3.6703364959737597 0.88771083555691563E-1 18.366119195116919 -0.59254703979754677E-56
AUDIT_HALO_NODE 10 4.3181141362421362 0.88771425597475431E-1 18.366048429325676 -0.16216950694437834E-55
AUDIT_HALO_NODE 11 5.0802180437865454 0.88771941573519558E-1 18.365941678917306 -0.23712262022458923E-55
AUDIT_HALO_NODE 12 5.9768256600263214 0.88772490510137511E-1 18.365828110650234 -0.16197375876529296E-55
AUDIT_HALO_NODE 13 7.0316755427535362 0.88772558963528939E-1 18.365813948579937 0.20405109605523598E-56
AUDIT_HALO_NODE 14 8.2726958675151483 0.88772424412221621E-1 18.365841785425591 0.15831523761427540E-55
AUDIT_HALO_NODE 15 9.7327438531958723 0.88772122910591639E-1 18.365904162341373 0.33787211886947981E-55
AUDIT_HALO_NODE 16 11.450475688812519 0.88771632769066924E-1 18.366005567395984 0.62105194799931330E-55
AUDIT_HALO_NODE 17 13.471369993676937 0.88770884445588116E-1 18.366160389703587 0.11680322222764091E-54
AUDIT_HALO_NODE 18 15.848931908029716 0.88769649016998201E-1 18.366415995982127 0.18118698997471149E-54
AUDIT_HALO_NODE 19 18.646109693614168 0.88768260209421621E-1 18.366703344383794 0.23188260006789324E-54
AUDIT_HALO_NODE 20 21.936961350067058 0.88766783759264611E-1 18.367008836155467 0.28212567274478924E-54
AUDIT_HALO_NODE 21 25.808615372414394 0.88765285398998639E-1 18.367318871729861 0.32248698167759887E-54
AUDIT_HALO_NODE 22 30.363577562632138 0.88763881904125680E-1 18.367609287575963 0.34423649592035762E-54
AUDIT_HALO_NODE 23 35.722444970349073 0.88762642641348685E-1 18.367865727603153 0.35889031126654098E-54
AUDIT_HALO_NODE 24 42.027098816908840 0.88761532225472242E-1 18.368095511488232 0.36887250438335433E-54
AUDIT_HALO_NODE 25 49.444460938558237 0.88760583811051924E-1 18.368291776157850 0.35778485554952873E-54
AUDIT_HALO_NODE 26 58.170913204244528 0.88759830552004745E-1 18.368447658406335 -0.16939493351527310E-50
AUDIT_HALO_NODE 27 68.437496916402210 0.96197421562770377E-1 16.948274446209197 -0.20741021534774742E-42
AUDIT_HALO_NODE 28 80.516029853916919 0.10556898990699261 15.443742552617932 -0.53662168427685868E-35
AUDIT_HALO_NODE 29 94.726302911922033 0.10980290141650549 14.848244268875369 0.17862514922237401E-33
AUDIT_HALO_NODE 30 111.44454687645882 0.10488559874674683 15.544367588539730 0.40357419162668614E-35
AUDIT_HALO_NODE 31 131.11339350008652 0.89158465296998862E-1 18.286320835968837 0.18063706420752283E-48
AUDIT_HALO_NODE 32 154.25359460759620 0.42113829825666256E-1 38.713655547657652 0.10479507795263083E-226
AUDIT_HALO_NODE 33 181.47780950653936 0.18639095938556706E-1 87.470996825061732 0.0000000000000000
AUDIT_HALO_NODE 34 213.50682573766036 0.85726384439857410E-2 190.18419035359315 0.0000000000000000
AUDIT_HALO_NODE 35 251.18864262536246 0.45033171949340886E-2 362.03985442055392 0.0000000000000000
AUDIT_HALO_NODE 36 295.52092288374376 0.35591584793178165E-2 458.08027687938460 -0.0000000000000000
AUDIT_HALO_NODE 37 347.67740670629223 0.61426032507022098E-2 265.42171700201101 -0.0000000000000000
AUDIT_HALO_NODE 38 409.03898767792487 0.12673735377799342E-1 128.64244463549883 -0.0000000000000000
AUDIT_HALO_NODE 39 481.23027327433584 0.28442319925635232E-1 57.322338892406712 -0.0000000000000000
AUDIT_HALO_NODE 40 566.16259792340099 0.63167660610782078E-1 25.810363814315856 -0.15401840521054926E-98
AUDIT_HALO_NODE 41 666.08462744122448 0.98581209226936653E-1 16.538449005127685 -0.95753503256399173E-39
AUDIT_HALO_NODE 42 783.64189464444451 0.10875357434731837 14.991510039538451 -0.49028616448943442E-32
AUDIT_HALO_NODE 43 921.94684240197785 0.10852027817318627 15.023738688373149 0.30769646000616700E-32
AUDIT_HALO_NODE 44 1084.6612285840517 0.10108250561242089 16.129203483685465 0.48121731470144040E-37
AUDIT_HALO_NODE 45 1276.0930746596175 0.90702367204270370E-1 17.975057894484088 0.92049889922812957E-47
AUDIT_HALO_NODE 46 1501.3107247504486 0.88753001068785017E-1 18.369861097991983 0.11931345429080849E-49
AUDIT_HALO_NODE 47 1766.2770349662208 0.88753385002125526E-1 18.369781632829771 -0.20076390252182301E-53
AUDIT_HALO_NODE 48 2078.0072458135764 0.88753273546714764E-1 18.369804701404885 0.90485697782895715E-53
AUDIT_HALO_NODE 49 2444.7547175046111 0.88752340847324779E-1 18.369997749897756 0.35671579340076280E-52
AUDIT_HALO_NODE 50 2876.2294456875288 0.88749766066547983E-1 18.370530694593526 0.13313052422816990E-51
AUDIT_HALO_NODE 51 3383.8551430157504 0.88741138144456028E-1 18.372316782882848 0.23868048705376663E-51
AUDIT_HALO_NODE 52 3981.0716930397853 0.88732295894177776E-1 18.374147600191794 0.26333549701742191E-51
AUDIT_HALO_NODE 53 4683.6909841825618 0.88724363511160281E-1 18.375790336984899 0.25009269297456315E-51
AUDIT_HALO_NODE 54 5510.3155448483876 0.88718464808008421E-1 18.377012104433348 0.10466051052946892E-51
AUDIT_HALO_NODE 55 6482.8310634368399 0.88719365329991570E-1 18.376825573529718 -0.27742094090360095E-51
AUDIT_HALO_NODE 56 7626.9858332074846 0.88729699183034125E-1 18.374685327179126 -0.66966176985447010E-51
AUDIT_HALO_NODE 57 8973.0724633612081 0.88741786583245774E-1 18.372182535835112 -0.88496133478704220E-51
AUDIT_HALO_NODE 58 10556.729905301332 0.88754084363095967E-1 18.369636883341318 -0.10263253899688266E-50
AUDIT_HALO_NODE 59 12419.887028499224 0.88765048535042718E-1 18.367367883766462 -0.70433655720224630E-51
AUDIT_HALO_NODE 60 14611.872728051982 0.88767261521046401E-1 18.366909981524635 0.10299563803449785E-51
AUDIT_HALO_NODE 61 17190.721955108529 0.88763420275803750E-1 18.367704811257081 0.70357353264292738E-51
AUDIT_HALO_NODE 62 20224.712248588585 0.88757709545055352E-1 18.368886601742446 0.10538183889448627E-50
AUDIT_HALO_NODE 63 23794.171449364636 0.88751072807666850E-1 18.370260213042435 0.13076923325722872E-50
AUDIT_HALO_NODE 64 27993.604457896290 0.88744453319090089E-1 18.371630458991163 0.94929246056099517E-51
AUDIT_HALO_NODE 65 32934.195343291780 0.88742747167625660E-1 18.371983668523342 0.30491752828039314E-51
AUDIT_HALO_NODE 66 38746.751049565057 0.88742169983209593E-1 18.372103161011161 0.95720262039980901E-52
AUDIT_HALO_NODE 67 45585.164636571673 0.88742136972290983E-1 18.372109995194140 -0.41638300349519887E-52
AUDIT_HALO_NODE 68 53630.489748292712 0.88742395618367539E-1 18.372056448361928 -0.72137747411236327E-52
AUDIT_HALO_NODE 69 63095.734183972054 0.88742469009023897E-1 18.372041254539891 0.22080569063679509E-51
AUDIT_HALO_NODE 70 74231.499486562010 0.88741531931100057E-1 18.372235256535358 0.59450398033664404E-51
AUDIT_HALO_NODE 71 87332.615862059640 0.88740487468929624E-1 18.372451494976897 0.75706574925412955E-51
AUDIT_HALO_NODE 72 102745.94809567022 0.88739381112454011E-1 18.372680553151856 0.92038445863094264E-51
AUDIT_HALO_NODE 73 120879.57913401256 0.88738258349562796E-1 18.372913013922677 0.10756974498569830E-50
AUDIT_HALO_NODE 74 142213.61447762809 0.88737160017746980E-1 18.373140422089765 0.12077323984887050E-50
AUDIT_HALO_NODE 75 167312.89344058157 0.88736132501058093E-1 18.373353173174120 0.12871814368861218E-50
AUDIT_HALO_NODE 76 196841.94382010549 0.88735228920961709E-1 18.373540266805733 0.12791603784239642E-50
AUDIT_HALO_NODE 77 231582.57591569197 0.88734497385896255E-1 18.373691739901066 0.11417189069681395E-50
AUDIT_HALO_NODE 78 272454.58171638619 0.88733986003554102E-1 18.373797629221936 0.25620438650598850E-51
AUDIT_HALO_NODE 79 320540.08728737466 0.88734259988040839E-1 18.373740896506597 -0.11309184470093134E-50
AUDIT_HALO_NODE 80 377112.20310896431 0.88734876051909342E-1 18.373613332256785 -0.18949040061210685E-50
AUDIT_HALO_NODE 81 443668.73091351480 0.88735525498842518E-1 18.373478857515547 -0.21036640311761421E-50
AUDIT_HALO_NODE 82 521971.81944158010 0.88736068154158840E-1 18.373366496598631 -0.16648489368502666E-50
AUDIT_HALO_NODE 83 614094.61904193473 0.88736326243453220E-1 18.373313057726467 0.19998536804266184E-50
AUDIT_HALO_NODE 84 722476.17034134897 0.88735251148667871E-1 18.373535664332096 0.68594953624171354E-50
AUDIT_HALO_NODE 85 849985.98021497729 0.88733937432049964E-1 18.373807686737848 0.91826005754561036E-50
AUDIT_HALO_NODE 86 999999.99476891640 0.88732523488693399E-1 18.374100471415797 0.11007431644577210E-49
AUDIT_HALO_NODE 87 1176489.9807934647 0.88731147705739907E-1 18.374385363191323 0.10566657578070721E-49
AUDIT_HALO_NODE 88 1384128.6821478996 0.88730238828727298E-1 18.374573574749164 0.51993354969530783E-50
AUDIT_HALO_NODE 89 1628413.5351942363 0.88730189852751884E-1 18.374583716874017 -0.17245530469412947E-51
AUDIT_HALO_NODE 90 1915812.2187662588 0.88730265836732325E-1 18.374567981837085 -0.12432633792191563E-50
AUDIT_HALO_NODE 91 2253933.8922507176 0.88730355316265289E-1 18.374549452126981 -0.71611784693597518E-51
AUDIT_HALO_NODE 92 2651730.6554752104 0.88730346826678130E-1 18.374551210176449 0.90493873571675140E-50
AUDIT_HALO_NODE 93 3119734.5642490638 0.88729485387485915E-1 18.374729601367189 0.28270338626979546E-49
AUDIT_HALO_NODE 94 3670336.4767739261 0.88728031528091486E-1 18.375030681790037 0.41024336576854614E-49
AUDIT_HALO_NODE 95 4318114.1136537250 0.88726618454354811E-1 18.375323325347509 0.43599758329317517E-49
AUDIT_HALO_NODE 96 5080218.0172115043 0.88725431903146482E-1 18.375569063932573 0.38568259926001730E-49
AUDIT_HALO_NODE 97 5976825.6287610503 0.88724657602576598E-1 18.375729427623824 -0.16602041789010230E-49
AUDIT_HALO_NODE 98 7031675.5059702583 0.88726150846475130E-1 18.375420167663972 -0.97217112113980780E-49
AUDIT_HALO_NODE 99 8272695.8242399888 0.88728221690260498E-1 18.374991300456529 -0.13267427401104485E-48
AUDIT_HALO_NODE 100 9732743.8022830933 0.88730262351026518E-1 18.374568703669034 -0.14131753447018400E-48
AUDIT_HALO_NODE 101 11450475.628914144 0.88731923847985741E-1 18.374224641591891 -0.97667169157011143E-49
AUDIT_HALO_NODE 102 13471369.923207099 0.88732427509889383E-1 18.374120346046052 0.12542565261797866E-48
AUDIT_HALO_NODE 103 15848931.825122664 0.88729563669918271E-1 18.374713390101544 0.38796145056931157E-48
AUDIT_HALO_NODE 104 18646109.596074853 0.88726174461168678E-1 18.375415276999870 0.49679057495738805E-48
AUDIT_HALO_NODE 105 21936961.235313017 0.88722695849013836E-1 18.376135734627102 0.55738741879365336E-48
AUDIT_HALO_NODE 106 25808615.237407412 0.88719563733754225E-1 18.376784477392789 0.41655045846141136E-48
AUDIT_HALO_NODE 107 30363577.403797779 0.88718461262427009E-1 18.377012838859887 -0.40336324344405108E-49
AUDIT_HALO_NODE 108 35722444.783482023 0.88719913302285305E-1 18.376712070361304 -0.46664332037534504E-48
AUDIT_HALO_NODE 109 42027098.597061634 0.88721885306076095E-1 18.376303614818006 -0.66152026064798871E-48
AUDIT_HALO_NODE 110 49444460.679910190 0.88724017431961594E-1 18.375862014068279 -0.77515955048674856E-48
AUDIT_HALO_NODE 111 58170912.899947673 0.88725949807137036E-1 18.375461803536179 -0.43236549929333891E-48
AUDIT_HALO_NODE 112 68437496.558400005 0.88725934468182444E-1 18.375464980289131 0.30929007170252794E-48
AUDIT_HALO_NODE 113 80516029.432731196 0.88724784128628734E-1 18.375703222899606 0.82618705369698771E-48
AUDIT_HALO_NODE 114 94726302.416400820 0.88723279616461953E-1 18.376014826226168 0.11595122710587279E-47
AUDIT_HALO_NODE 115 111444546.29348347 0.88721604370958024E-1 18.376361803001846 0.14255629706835078E-47
AUDIT_HALO_NODE 116 131113392.81422140 0.88719941819610418E-1 18.376706163519373 0.11630442450376295E-47
AUDIT_HALO_NODE 117 154253593.80068332 0.88719279419551725E-1 18.376843368547647 0.67850897165449733E-48
AUDIT_HALO_NODE 118 181477808.55721375 0.88718786907458783E-1 18.376945385469931 0.60657047220098508E-48
AUDIT_HALO_NODE 119 213506824.62078926 0.88718400686172524E-1 18.377025386545576 0.57864962016233716E-48
AUDIT_HALO_NODE 120 251188641.31137389 0.88718073642513315E-1 18.377093130235007 0.68883053487185935E-48
AUDIT_HALO_NODE 121 295520921.33785045 0.88717678352360579E-1 18.377175011141780 0.11535470029294291E-47
AUDIT_HALO_NODE 122 347677404.88756299 0.88717044370602002E-1 18.377306336456027 0.16382899282434180E-47
AUDIT_HALO_NODE 123 409038985.53820920 0.88716433741019646E-1 18.377432826289084 0.17953087467491933E-47
AUDIT_HALO_NODE 124 481230270.75698006 0.88715883183667438E-1 18.377546873857501 0.18241483867726123E-47
AUDIT_HALO_NODE 125 566162594.96175921 0.88715429417775396E-1 18.377640872207117 0.11564242095450865E-47
AUDIT_HALO_NODE 126 666084623.95688009 0.88715341345253537E-1 18.377659116686065 -0.33185639368691279E-48
AUDIT_HALO_NODE 127 783641890.54515100 0.88715561613198463E-1 18.377613487608905 -0.13776591763745918E-47
AUDIT_HALO_NODE 128 921946837.57919681 0.88715807535278357E-1 18.377562544478725 -0.15175740573185472E-47
AUDIT_HALO_NODE 129 1084661222.9101021 0.88715997824866513E-1 18.377523125897028 -0.99780377710507969E-48
AUDIT_HALO_NODE 130 1276093067.9842715 0.88716051194716192E-1 18.377512070336806 0.31927263194355353E-47
AUDIT_HALO_NODE 131 1501310716.8969707 0.88715335232285322E-1 18.377660383006546 0.96645119849535478E-47
AUDIT_HALO_NODE 132 1766277025.7266827 0.88714343110775210E-1 18.377865906392419 0.13440447197879420E-46
AUDIT_HALO_NODE 133 2078007234.9433448 0.88713310785291336E-1 18.378079763131012 0.15566215326547662E-46
AUDIT_HALO_NODE 134 2444754704.7159014 0.88712344698152784E-1 18.378279902430123 0.15374082456544601E-46
AUDIT_HALO_NODE 135 2876229430.6417294 0.88711628791536976E-1 18.378428215930263 0.46744523964353376E-47
AUDIT_HALO_NODE 136 3383855125.3145270 0.88711909174649828E-1 18.378370129017689 -0.88253181719724964E-47
AUDIT_HALO_NODE 137 3981071672.2144594 0.88712327174464464E-1 18.378283532762673 -0.12695587983721900E-46
AUDIT_HALO_NODE 138 4683690959.6817913 0.88712762161758593E-1 18.378193418109156 -0.13434449145465858E-46
AUDIT_HALO_NODE 139 5510315516.0234566 0.88713093505163612E-1 18.378124775556579 -0.27473111695220593E-47
AUDIT_HALO_NODE 140 6482831029.5246210 0.88712895246918777E-1 18.378165847542238 0.28480222887124567E-46
AUDIT_HALO_NODE 141 7626985793.3100710 0.88711920214436663E-1 18.378367841914805 0.60080610134251592E-46
AUDIT_HALO_NODE 142 8973072416.4223175 0.88710785928505204E-1 18.378602833904427 0.77670796579808773E-46
AUDIT_HALO_NODE 143 10556729850.078157 0.88709595372977262E-1 18.378849489828262 0.91463322021089061E-46
AUDIT_HALO_NODE 144 12419886963.529758 0.88708451526535004E-1 18.379086474932162 0.80548178868188052E-46
AUDIT_HALO_NODE 145 14611872651.616003 0.88707842601699866E-1 18.379212636068242 0.46324959504898674E-46
AUDIT_HALO_NODE 146 17190721865.182426 0.88707593300345666E-1 18.379264288496504 0.26133158468814513E-46
AUDIT_HALO_NODE 147 20224712142.791428 0.88707430809408530E-1 18.379297954941929 0.22267006643801113E-46
AUDIT_HALO_NODE 148 23794171324.895336 0.88707294935195510E-1 18.379326106771462 0.26798280545895253E-46
AUDIT_HALO_NODE 149 27993604311.459404 0.88707125484483507E-1 18.379361215449350 0.70003268523054845E-46
AUDIT_HALO_NODE 150 32934195171.010254 0.88706616699775934E-1 18.379466631913974 0.13623563645500031E-45
AUDIT_HALO_NODE 151 38746750846.877563 0.88706002028812111E-1 18.379593988848239 0.18523602783255663E-45
AUDIT_HALO_NODE 152 45585164398.111954 0.88705316184056845E-1 18.379736094740913 0.23898505374181857E-45
AUDIT_HALO_NODE 153 53630489467.747231 0.88704573239170789E-1 18.379890034165228 0.29472404450269297E-45
AUDIT_HALO_NODE 154 63095733853.913109 0.88703815508111822E-1 18.380047039965479 0.33299348151196421E-45
AUDIT_HALO_NODE 155 74231499098.250961 0.88703129135823636E-1 18.380189262174174 0.38797041918890367E-45
AUDIT_HALO_NODE 156 87332615405.215576 0.88702382764365484E-1 18.380343919222081 0.50113654420069081E-45
AUDIT_HALO_NODE 157 102745947558.19775 0.88701552964219055E-1 18.380515866742343 0.65929748569624955E-45
AUDIT_HALO_NODE 158 120879578501.68158 0.88700616306940261E-1 18.380709960590746 0.93275363484489893E-45
AUDIT_HALO_NODE 159 142213613733.69678 0.88699423421191206E-1 18.380957155962754 0.13566143416841590E-44
AUDIT_HALO_NODE 160 167312892565.35385 0.88697975287230960E-1 18.381257253999863 0.17866748299982641E-44
AUDIT_HALO_NODE 161 196841942790.40881 0.88696455491299675E-1 18.381572213147123 0.21608689075452473E-44
AUDIT_HALO_NODE 162 231582574704.26498 0.88694911828809828E-1 18.381892129396487 0.25317266511878786E-44
AUDIT_HALO_NODE 163 272454580291.15350 0.88693392091917553E-1 18.382207098065066 0.23677432583257329E-44
AUDIT_HALO_NODE 164 320540085610.60382 0.88692466712394599E-1 18.382398890205547 0.19379864319488517E-44
AUDIT_HALO_NODE 165 377112201136.25891 0.88691686798459221E-1 18.382560536573742 0.23045095787251611E-44
AUDIT_HALO_NODE 166 443668728592.64819 0.88690739513888533E-1 18.382756876305052 0.34516278597691150E-44
AUDIT_HALO_NODE 167 521971816711.10193 0.88689482359143160E-1 18.383017448014634 0.55013859465679714E-44
AUDIT_HALO_NODE 168 614094615829.55664 0.88687743000149338E-1 18.383377978857457 0.10372388693857051E-43
AUDIT_HALO_NODE 169 722476166562.01575 0.88684657892753413E-1 18.384017488516875 0.16753230640369321E-43
AUDIT_HALO_NODE 170 849985975768.63257 0.88681064699073317E-1 18.384762375102063 0.22262038932268219E-43
AUDIT_HALO_NODE 171 999999989537.83289 0.88677042087830671E-1 18.385596353661587 0.28565240749430805E-43
AUDIT_HALO_NODE 172 1176489974639.1514 0.88672668720552877E-1 18.386503137754545 0.34859382049906386E-43
AUDIT_HALO_NODE 173 1384128674907.4070 0.88668230693170327E-1 18.387423420067126 0.39924363897694531E-43
AUDIT_HALO_NODE 174 1628413526675.8718 0.88663988510296707E-1 18.388303177610556 0.47262774967936748E-43
AUDIT_HALO_NODE 175 1915812208744.4817 0.88659396883099109E-1 18.389255498920608 0.59891580535263513E-43
AUDIT_HALO_NODE 176 2253933880460.2046 0.88654355986385117E-1 18.390301114069302 0.76723019881718041E-43
AUDIT_HALO_NODE 177 2651730641603.7905 0.88648766023608674E-1 18.391460759073812 0.99361313658858859E-43
AUDIT_HALO_NODE 178 3119734547929.4771 0.88642477331086267E-1 18.392765531291762 0.12915521944456752E-42
AUDIT_HALO_NODE 179 3670336457574.0957 0.88635419042166083E-1 18.394230199192741 0.16676921522580061E-42
AUDIT_HALO_NODE 180 4318114091065.3164 0.88627549226391059E-1 18.395863542371636 0.21398390302495082E-42
AUDIT_HALO_NODE 181 5080217990636.4688 0.88618791301654565E-1 18.397681549433123 0.27331420434126517E-42
AUDIT_HALO_NODE 182 5976825597495.7871 0.88609068741433622E-1 18.399700220539035 0.34208263331863100E-42
AUDIT_HALO_NODE 183 7031675469186.9883 0.88598611895303922E-1 18.401871844111042 0.42798300019668834E-42
AUDIT_HALO_NODE 184 8272695780964.8398 0.88586999597499660E-1 18.404284026677111 0.54410311486777039E-42
AUDIT_HALO_NODE 185 9732743751370.2969 0.88574009759929184E-1 18.406983110310737 0.69182480776369003E-42
AUDIT_HALO_NODE 186 11450475569015.748 0.88559468026574148E-1 18.410005592787488 0.87543228970026884E-42
AUDIT_HALO_NODE 187 13471369852737.236 0.88543219270595885E-1 18.413384052379310 0.10982248720993761E-41
AUDIT_HALO_NODE 188 15848931742215.576 0.88525171967062263E-1 18.417137921744263 0.13713132888046141E-41
AUDIT_HALO_NODE 189 18646109498535.492 0.88505011030945158E-1 18.421333240594294 0.17056283429159171E-41
AUDIT_HALO_NODE 190 21936961120558.938 0.88482528341605637E-1 18.426013951241138 0.21037676891130026E-41
AUDIT_HALO_NODE 191 25808615102400.391 0.88457516163609362E-1 18.431224076515939 0.25522444491134940E-41
AUDIT_HALO_NODE 192 30363577244963.367 0.88430140408728944E-1 18.436929921492919 0.30504344221479736E-41
AUDIT_HALO_NODE 193 35722444596614.930 0.88400220535249652E-1 18.443170071203607 0.36591944364149089E-41
AUDIT_HALO_NODE 194 42027098377214.516 0.88366811190990019E-1 18.450142985693141 0.43946439300657484E-41
AUDIT_HALO_NODE 195 49444460421262.086 0.88329469316981116E-1 18.457942907057387 0.52225137383343943E-41
AUDIT_HALO_NODE 196 58170912595650.969 0.88287753097600008E-1 18.466664338610681 0.60971225600430668E-41
AUDIT_HALO_NODE 197 68437496200397.742 0.88241637320713190E-1 18.476315163304562 0.70212304867847029E-41
AUDIT_HALO_NODE 198 80516029011544.828 0.88190332065834737E-1 18.487063870520679 0.80089913568256477E-41
AUDIT_HALO_NODE 199 94726301920879.953 0.88133059634111874E-1 18.499077513388364 0.89933803821949508E-41
AUDIT_HALO_NODE 200 111444545710507.33 0.88069223802685045E-1 18.512486329121113 0.98975839838133964E-41
AUDIT_HALO_NODE 201 131113392128356.75 0.87998231490858253E-1 18.527421222469542 0.10540994332220433E-40
AUDIT_HALO_NODE 202 154253592993769.31 0.87921036904268765E-1 18.543688280641241 0.11049426690956085E-40
AUDIT_HALO_NODE 203 181477807607888.81 0.87835105935991781E-1 18.561829968664515 0.11431764590405020E-40
AUDIT_HALO_NODE 204 213506823503916.47 0.87739385470874218E-1 18.582080247242356 0.11501888440110708E-40
AUDIT_HALO_NODE 205 251188639997386.00 0.87632861683558036E-1 18.604668047368033 0.11181408444453867E-40
AUDIT_HALO_NODE 206 295520919791954.75 0.87515016555715502E-1 18.629720542023215 0.10451641953343032E-40
AUDIT_HALO_NODE 207 347677403068834.62 0.87385599794187391E-1 18.657310878490559 0.94731901168245844E-41
AUDIT_HALO_NODE 208 409038983398490.62 0.87241753115361240E-1 18.688073582240325 0.82755198178994446E-41
AUDIT_HALO_NODE 209 481230268239626.00 0.87082003176813527E-1 18.722356424818901 0.68889999202139419E-41
AUDIT_HALO_NODE 210 566162592000117.25 0.86904896129974568E-1 18.760511481713589 0.54068060548404332E-41
AUDIT_HALO_NODE 211 666084620472538.12 0.86710875632953974E-1 18.802489189071203 0.40135096418621651E-41
AUDIT_HALO_NODE 212 783641886445852.00 0.86497763835504518E-1 18.848814459112024 0.28259381299134018E-41
AUDIT_HALO_NODE 213 921946832756419.12 0.86261606710070979E-1 18.900416579803505 0.18594238715521807E-41
AUDIT_HALO_NODE 214 1084661217236152.5 0.86000124690833402E-1 18.957882997549817 0.11280917119629693E-41
AUDIT_HALO_NODE 215 1276093061308922.0 0.85711089161209578E-1 19.021812902144042 0.62129643544879970E-42
AUDIT_HALO_NODE 216 1501310709043483.5 0.85396010071940254E-1 19.091996221955004 0.31343641207251899E-42
AUDIT_HALO_NODE 217 1766277016487139.8 0.85048917227101867E-1 19.169912502354286 0.14288706212199671E-42
AUDIT_HALO_NODE 218 2078007224073130.0 0.84665677358723934E-1 19.256685265218877 0.57561037802696196E-43
AUDIT_HALO_NODE 219 2444754691927185.0 0.84243134800099498E-1 19.353271996967393 0.20136994742199100E-43
AUDIT_HALO_NODE 220 2876229415595933.0 0.83778807615803835E-1 19.460533612989302 0.60032960529874696E-44
AUDIT_HALO_NODE 221 3383855107613298.0 0.83274299376393454E-1 19.578433128501278 0.15345128636791902E-44
AUDIT_HALO_NODE 222 3981071651389169.0 0.82720026063644245E-1 19.709620260626018 0.32463706071971880E-45
AUDIT_HALO_NODE 223 4683690935181013.0 0.82111882096960659E-1 19.855595317353743 0.55113314924406981E-46
AUDIT_HALO_NODE 224 5510315487198535.0 0.81446012463219267E-1 20.017926628388206 0.72937704557037036E-47
AUDIT_HALO_NODE 225 6482830995612436.0 0.80721171775584286E-1 20.197678822059117 0.73655867420086680E-48
AUDIT_HALO_NODE 226 7626985753412725.0 0.79934985359983377E-1 20.396329521062338 0.55477490471113272E-49
AUDIT_HALO_NODE 227 8973072369483425.0 0.79078908858183999E-1 20.617131991380329 0.29502451743506565E-50
AUDIT_HALO_NODE 228 10556729794855022. 0.78148814296230870E-1 20.862508489039843 0.10546393960898161E-51
AUDIT_HALO_NODE 229 12419886898560380. 0.77141078166593338E-1 21.135046857169364 0.24033684207471110E-53
AUDIT_HALO_NODE 230 14611872575180180. 0.76055285780322945E-1 21.436778324292714 0.33363204739764843E-55
AUDIT_HALO_NODE 231 17190721775256324. 0.74886952882814772E-1 21.771219670464895 0.26286950157332360E-57
AUDIT_HALO_NODE 232 20224712036994196. 0.73631696738837613E-1 22.142370390380506 0.10780452643456493E-59
AUDIT_HALO_NODE 233 23794171200426204. 0.72287391444914514E-1 22.554144907911372 0.20988216232300921E-62
AUDIT_HALO_NODE 234 27993604165022620. 0.70852731697111287E-1 23.010831941289659 0.17443225551277657E-65
AUDIT_HALO_NODE 235 32934194998728724. 0.69329927942992073E-1 23.516255534033263 0.55672177840827119E-69
AUDIT_HALO_NODE 236 38746750644189936. 0.67716165830248989E-1 24.076677727893738 0.58276959796800894E-73
AUDIT_HALO_NODE 237 45585164159652472. 0.66011898334948388E-1 24.698279291876535 0.16810928163544042E-77
AUDIT_HALO_NODE 238 53630489187201848. 0.64218849483796317E-1 25.387877776833918 0.10909180882858030E-82
AUDIT_HALO_NODE 239 63095733523854048. 0.62339437647158782E-1 26.153272522146690 0.12485877163543224E-88
AUDIT_HALO_NODE 240 74231498709939520. 0.60376641600245348E-1 27.003494372182661 0.18747421490657594E-95
AUDIT_HALO_NODE 241 87332614948371984. 0.58337270493532503E-1 27.947490307148755 0.26552430699246152E-103
AUDIT_HALO_NODE 242 0.10274594702072549E+18 0.56227648976394332E-1 28.996060325196705 0.23575399773911359E-112
AUDIT_HALO_NODE 243 0.12087957786935040E+18 0.54055015449546294E-1 30.161499133882852 0.80194597645767153E-123
AUDIT_HALO_NODE 244 0.14221361298976598E+18 0.51818987364450286E-1 31.462990393787877 0.51070593686783521E-135
AUDIT_HALO_NODE 245 0.16731289169012730E+18 0.49531107702465160E-1 32.916289929497594 0.28850835010464535E-149
AUDIT_HALO_NODE 246 0.19684194176071286E+18 0.47214522900005558E-1 34.531330648335810 0.71063334507428793E-166
AUDIT_HALO_NODE 247 0.23158257349283635E+18 0.44882531376584413E-1 36.325497953399697 0.28128492153389073E-185
AUDIT_HALO_NODE 248 0.27245457886592179E+18 0.42547983278643405E-1 38.318627018965437 0.53063083617799767E-208
AUDIT_HALO_NODE 249 0.32054008393383296E+18 0.40210215244031768E-1 40.546420648805288 0.73741398635932380E-235
AUDIT_HALO_NODE 250 0.37711219916355475E+18 0.37894677676475912E-1 43.023991801244819 0.15664959296898298E-266
AUDIT_HALO_NODE 251 0.44366872627177843E+18 0.35620224940756250E-1 45.771196121730618 0.76159805333494183E-304
AUDIT_HALO_NODE 252 0.52197181398062554E+18 0.33399376822827023E-1 48.814692271420483 0.0000000000000000
AUDIT_HALO_NODE 253 0.61409461261717850E+18 0.31242649346879963E-1 52.184444525231413 0.0000000000000000
AUDIT_HALO_NODE 254 0.72247616278268506E+18 0.29155494917290505E-1 55.920172382209394 0.0000000000000000
AUDIT_HALO_NODE 255 0.84998597132228186E+18 0.27150166818043862E-1 60.050470871507585 0.0000000000000000
AUDIT_HALO_NODE 256 0.99999998430675290E+18 0.25232861322985189E-1 64.613373837962811 0.0000000000000000
