#                 weight             minuslogpost                 omegabh2                 omegach2                       H0                     logA                       ns                      tau               mnu_sample                 A_planck               TT_tSZ_Amp               TT_kSZ_Amp                       As                      mnu                chi2__CMB            minuslogprior         minuslogprior__0                     chi2 chi2__sbt_spt_audit.likelihoods.candl_cobaya.CandlCobayaLikelihood chi2__sbt_spt_audit.likelihoods.desi_dr2_bao.DESIDR2BAOGaussian chi2__planck_2018_lowl.TT chi2__planck_2018_lowl.EE_sroll2 chi2__planck_2018_highl_plik.TT_lite_native chi2__planckpr4lensing.PlanckPR4Lensing
                       1       947.41122719145574     0.022189433560848366      0.11814809111375071       68.313100477759733       3.0485515885906866       0.9665043099493229     0.054477131583853616     0.042985797956159102       1.0049113043927025       1.2041367902446072       2.1876121754099982   2.1084782854971912e-09     0.042985797956159102       489.77332428364093       5.7934714303969193       5.7934714303969193       1883.2355115221176                                                 1382.2282820058376                                              11.233905232639199        23.084468270755337               390.09710699636577                          68.078133363748279                      8.5136156527715467
                       4        947.4934150101875     0.022186865262866926      0.11816743893808995       68.304944039992648       3.0489547895035076       0.9668349288989474     0.054774354423032384     0.042886680814320267       1.0047590686752716       1.2074181361249423       2.1672631975895902   2.1093285972782906e-09     0.042886680814320267       489.80561504562809       5.7934714303969193       5.7934714303969193       1883.3998871595811                                                  1382.315226581452                                              11.279045532501232        23.029426245561694               390.06026795004675                          68.224477407288575                      8.4914434427310308
                       5        946.7077096082827     0.022118423786451413      0.11789790672241068        68.49085949019117        3.052573698975416      0.96554878987313675     0.059574071207216424     0.007909820327136538       1.0029795976001337       1.1515984154943906       2.7075577333596565   2.1169758956124643e-09     0.007909820327136538       489.87884681665076       5.7934714303969193       5.7934714303969193       1881.8284763557715                                                 1381.4998076864897                                              10.449821852631038        23.325406962526472               390.40246190880231                          67.840801263711654                      8.3101766816103702
                       8       946.78352316791052     0.022131363595670809      0.11791060039468469       68.463945797525852       3.0515074974789669      0.96460352434418417     0.058889216075426715     0.011226773874833548       1.0031530021168265       1.1390110720616746        2.767481156261407    2.114719975590975e-09     0.011226773874833548       489.73089442221061       5.7934714303969193       5.7934714303969193       1881.9801034750271                                                 1381.7131903269003                                              10.536018725916056        23.503703588085045               390.28344846434425                          67.622254875988588                      8.3214874937927643
                       1       948.09285549348692     0.022131363595670809      0.11791060039468469       68.463945797525852       3.0515074974789669      0.96460352434418417     0.058889216075426715     0.011226773874833548       1.0051228616996266       1.1390110720616746        2.767481156261407    2.114719975590975e-09     0.011226773874833548       492.34955907336354       5.7934714303969193       5.7934714303969193       1884.5987681261799                                                 1381.7131903269003                                              10.536018725916056        23.206267332589732               390.29652922740706                          70.213625375613759                      8.6331371377529464
                       4       947.70922002919349     0.022127747711920179      0.11793663708263338       68.455618253749932       3.0519918762638465      0.96463280190224965     0.058687978678063558     0.013293477218116405       1.0054966882444012       1.1474714658133554       2.7169410115135073    2.115744549203941e-09     0.013293477218116405       492.23870449993223       5.7934714303969193       5.7934714303969193       1883.8314971975931                                                 1381.0442920447349                                              10.548500652925792        23.201087029033658               390.26460664872309                          70.150225068614802                      8.6227857535606631
                       2       947.56371377044923     0.022131866397738998      0.11791917377856945       68.493434940725962       3.0521341416116816      0.96469328564753709     0.058762604638616253     0.010024160761260458       1.0055396884103767       1.1478795310018486       2.7065002686397275   2.1160455677499102e-09     0.010024160761260458       492.19765073718702       5.7934714303969193       5.7934714303969193       1883.5404846801046                                                 1380.8816851381239                                              10.461148804793741        23.190803858218374               390.27351587753549                          70.118601716802047                      8.6147292846311245
                       6       948.35012606999476     0.022131866397738998      0.11791917377856945       68.493434940725962       3.0521341416116816      0.96469328564753709     0.058762604638616253     0.010024160761260458       1.0060528945733045       1.1478795310018486       2.7065002686397275   2.1160455677499102e-09     0.010024160761260458       493.77047533627831       5.7934714303969193       5.7934714303969193       1885.1133092791956                                                 1380.8816851381239                                              10.461148804793741        23.115626078515447               390.28491313144025                          71.629461383130192                      8.7404747431924097
                       4       949.91518541569087     0.022131866397738998      0.11791917377856945       68.493434940725962       3.0521341416116816      0.96469328564753709     0.058762604638616253     0.010024160761260458       1.0068464303805797       1.1478795310018486       2.7065002686397275   2.1160455677499102e-09     0.010024160761260458       496.90059402767042       5.7934714303969193       5.7934714303969193       1888.2434279705878                                                 1380.8816851381239                                              10.461148804793741        23.001109522526349                390.2849189770435                          74.640567564457584                      8.9739979636429972
                       1       950.04422349405013     0.022133921712222712      0.11791280302097919       68.501168629441878       3.0519334375882612      0.96463542498687005     0.058628492339653296    0.0097228177190261111       1.0068929695252529       1.1475042396110007       2.7069262987468643   2.1156209115072553e-09    0.0097228177190261111       497.02727316808841       5.7934714303969193       5.7934714303969193       1888.5015041273064                                                 1381.0284836501539                                               10.44574730906402        23.008750099693032               390.27275886390368                          74.744548665213642                      9.0012155392780926
                       1       951.24346552750853      0.02213537748115852      0.11920002991459556       67.853305754156608       3.0525707813099991      0.96197445562209771       0.0564349189477052     0.018470821420827888       1.0077151754247076       1.1519844838728828       2.5013459133935561   2.1169697189941157e-09     0.018470821420827888       497.09663419767821       5.7934714303969193       5.7934714303969193       1890.8999881942232                                                 1377.1589930194091                                              16.644360977135943        23.542901968842443               390.05421065910059                           75.12548716668455                      8.3740344030506613
                       4       950.84285115222531     0.022116431719806845      0.11905060119415768       67.826218709367254       3.0508880927333939      0.96272157592500085      0.05575675925611373     0.025275288839335081       1.0076421505774773       1.1604285402039254        2.489261256474733   2.1134105135878914e-09     0.025275288839335081       496.41052776778866       5.7934714303969193       5.7934714303969193       1890.0987594436567                                                 1377.0994653613102                                              16.588766314557901        23.341793883231446                389.9826269094047                          74.666178561374295                      8.4199284137782282
                       1       950.65911078881254      0.02212670573271321      0.11900193277070611       67.885457908735702       3.0500904688881421      0.96014529901562118     0.054303789395225469      0.02347805907141649       1.0090395745344884       1.1423180359842118       2.6098601310112892   2.1117254790686395e-09      0.02347805907141649       496.95961580349814       5.7934714303969193       5.7934714303969193       1889.7312787168312                                                 1376.9473381730882                                              15.824324740244862        23.840623520572422                 390.007196156014                          74.646118948503542                       8.465677178408173
                       2       950.12401537778112     0.022118527002572518      0.11899028686479834       67.985232225625992       3.0480959503738996      0.96109033704012137     0.053654239307511446     0.013739244141864702       1.0087071979809656       1.1573517462666405       2.5826452100761199    2.107517801044382e-09     0.013739244141864702        497.2197264230652       5.7934714303969193       5.7934714303969193       1888.6610878947683                                                 1376.8375769725988                                              14.603784499104144        23.609954913659863               390.12729839653389                           74.97027593407816                      8.5121971787932971
                       4       947.00582433397051     0.022118527002572518      0.11899028686479834       67.985232225625992       3.0480959503738996      0.96109033704012137     0.053654239307511446     0.013739244141864702        1.004280190105026       1.1573517462666405       2.5826452100761199    2.107517801044382e-09     0.013739244141864702        490.9833443354442       5.7934714303969193       5.7934714303969193       1882.4247058071471                                                 1376.8375769725988                                              14.603784499104144        24.325856226639701               390.01829444373237                          68.104002099793689                      8.5351915652784882
                       2       946.95295401792305     0.022118527002572518      0.11899028686479834       67.985232225625992       3.0480959503738996      0.96109033704012137     0.053654239307511446     0.013739244141864702       1.0042750412988399       1.1641806510690624       2.5597603135657874    2.107517801044382e-09     0.013739244141864702       490.99222242458319       5.7934714303969193       5.7934714303969193       1882.3189651750522                                                 1376.7229582513648                                              14.603784499104144        24.326724833541505               390.01829444373237                          68.111106648544393                      8.5360964987649375
                       4       946.87371259907468     0.022118527002572518      0.11899028686479834       67.985232225625992       3.0480959503738996      0.96109033704012137     0.053654239307511446     0.013739244141864702       1.0043705055326821       1.1641806510690624       2.5597603135657874    2.107517801044382e-09     0.013739244141864702       490.83373958688634       5.7934714303969193       5.7934714303969193       1882.1604823373555                                                 1376.7229582513648                                              14.603784499104144        24.310634660203277               390.01829444373237                          67.985156301070049                      8.5196541818806146
                       3       947.28458171198031     0.022229994906023207      0.11878907099694171       68.073713213162563       3.0524621853266276      0.95933563626716545      0.05463415991709715     0.022583927586088182       1.0057542805459136       1.1267479386973238       2.4463555815013458    2.116739837068067e-09     0.022583927586088182        491.4850248935943       5.7934714303969193       5.7934714303969193       1882.9822205631667                                                 1377.3454045166154                                               14.15179115295691        24.833175023244337               389.93234341843191                          68.276710817288546                      8.4427956346295119
                       6       947.14867136489283     0.022229994906023207      0.11878907099694171       68.073713213162563       3.0524621853266276      0.95933563626716545      0.05463415991709715     0.022583927586088182       1.0055622818255212       1.4062521517342466       1.7975785737766781    2.116739837068067e-09     0.022583927586088182       491.83259915651013       5.7934714303969193       5.7934714303969193       1882.7103998689918                                                 1376.7260095595248                                               14.15179115295691        24.867207011172752               389.94883733010289                          68.541562358686122                      8.4749924565483692
                       1       948.38061352112254     0.022128124509341665      0.11860484885931642         68.0239303959073       3.0495380438142003       0.9583098132016018     0.055301163563759428     0.028319015189048655       1.0039972105348562       1.3845335266972487       2.3292934817924125   2.1105592311266823e-09     0.028319015189048655       491.53329607641029       5.7934714303969193       5.7934714303969193       1885.1742841814512                                                 1379.9192714662593                                              13.721716638781555        25.050458664368648               389.86582317391725                           68.32614044961295                      8.2908737885114228
