#                 weight             minuslogpost                 omegabh2                 omegach2                       H0                     logA                       ns                      tau               mnu_sample                 A_planck               TT_tSZ_Amp               TT_kSZ_Amp                       As                      mnu                chi2__CMB            minuslogprior         minuslogprior__0                     chi2 chi2__sbt_spt_audit.likelihoods.candl_cobaya.CandlCobayaLikelihood chi2__sbt_spt_audit.likelihoods.desi_dr2_bao.DESIDR2BAOGaussian chi2__planck_2018_lowl.TT chi2__planck_2018_lowl.EE_sroll2 chi2__planck_2018_highl_plik.TT_lite_native chi2__planckpr4lensing.PlanckPR4Lensing
                       1       1049.2752457385959     0.021838451086653676      0.11789573163322949       68.157284203126579        3.040055763774046      0.96651478147911085     0.043085807935633338     0.038343782356105673      0.99934291742074077       1.5707450135842476       1.0864833482395126   2.0906409022856957e-09     0.038343782356105673       651.49124000543293       5.7934714303969193       5.7934714303969193       2086.9635486163979                                                 1424.6461624699045                                              10.826146141059963         24.57845074194995               395.55908446639137                          219.03003972723047                      12.323665069861176
                       2       1024.7876187849727     0.021842668015489793      0.11788036457964771       68.160067223857496       3.0389282610809341      0.96666052902210275     0.042451717067621006     0.036481965153508364       1.0018897435882086       1.2469077405211855        1.913228556919111   2.0882850274152467e-09     0.036481965153508364       603.93985975733574       5.7934714303969193       5.7934714303969193       2037.9882947091517                                                  1423.219707153333                                                10.8287277984829        24.107087574624245               396.32970539940595                          172.95249784781993                      10.550568935485559
                       4       987.38005763367948     0.021826544646840241      0.11796970720310396       68.038599290596423        3.029406793272972      0.96505708213061137     0.039729651963627356     0.032176461722142717       1.0040668178892878       1.1691504650494806       2.5084065807299551   2.0684958492684915e-09     0.032176461722142717       545.66334707506746       5.7934714303969193       5.7934714303969193       1963.1731724065651                                                 1406.0393060714885                                              11.470519260009009        23.682660345506008               399.22301368303425                          114.23301517223948                      8.5246578742877865
                       3       975.02008852622305     0.021804513892842065      0.11867868270959887       68.121244216791723       3.0384711824109001      0.96326294325065442     0.043642268701129715    0.0035268090335448532       1.0054986060066888       1.1668933372289303       2.5821442037912785   2.0873307349822364e-09    0.0035268090335448532       525.67479041385025       5.7934714303969193       5.7934714303969193       1938.4532341916522                                                  1401.401420430579                                              11.377023347222723        24.019929359804507               394.98402444134939                          97.560900945153392                      9.1099356675429188
                       1       965.91637314972604     0.022008570166241782      0.11796964696671185       67.961003573272663       3.0327163823962051      0.96559687174570008     0.048039323210659061     0.047670099468116262      0.99848152249778888      0.87128322063022967       2.8643131715553003   2.0753530616513055e-09     0.047670099468116262       520.48230255849603       5.7934714303969193       5.7934714303969193       1920.2458034386582                                                 1386.8753803961142                                              12.888120484048038        23.664294830793267               392.03120192236565                          96.403390090994833                      8.3834157143422754
                       1       960.06686991851984     0.021962098866897647      0.11790332253824146       67.658905318090888       3.0407627663013472      0.96543778648224265     0.051954752763754358     0.079811974084860265       1.0005081749739788      0.85951256812364119       3.1832226267640578   2.0921195133165684e-09     0.079811974084860265       506.55665317142137       5.7934714303969193       5.7934714303969193       1908.5467969762458                                                 1386.5076856311571                                              15.482458173667604        23.471326957003384               390.41320360193561                          84.306303626397465                      8.3658189860848839
                       5       955.06880750503683      0.02215216516669995      0.11882203410672874        67.89014589129259       3.0465761649681755      0.96388653955219816     0.055455841589276147     0.020293316455380156      0.99888618452893974       1.3604414163089251       2.3571113169944966   2.1043172589326837e-09     0.020293316455380156       502.07543560107558       5.7934714303969193       5.7934714303969193       1898.5506721492798                                                 1380.5444022838046                                              15.930834264399454        24.117919948166161               389.97101150382645                           78.43883572236011                      9.5476684267228418
                       1        952.9121853033713     0.022156116908105029      0.11878464822812207       67.917550024979377       3.0475246161938223      0.96371435196324617     0.055690916988717906      0.01980832793230327      0.99985419292833144        1.360795592371967       2.3411635381479385   2.1063140479948993e-09      0.01980832793230327       498.36027746707856       5.7934714303969193       5.7934714303969193       1894.2374277459487                                                  1380.312652976809                                              15.564497302061326        24.058216662042639               389.96160621329483                          75.055386069655967                      9.2850685220851297
                       3       952.04340481959434     0.022163836123038239      0.11873971697713438       67.942054968909645       3.0463119408610355      0.96345094676646581     0.055172327914784228     0.019226043048578965      0.99981543616703983       1.4185869234280688        1.640942414394305   2.1037613210331352e-09     0.019226043048578965       498.26958999181721       5.7934714303969193       5.7934714303969193       1892.4998667783948                                                 1378.9490949134088                                              15.281181873168943        24.103180228819042               389.96802623155821                          75.060352618986528                      9.1380309124534023
                       8       947.45992746149091     0.022165647628915444      0.11905176190749697       67.975433506945521       3.0427280919787845      0.96347670878825042     0.052568435380653721     0.002972524908189042       1.0020688370357604       1.3223443249818347       1.9201179942135069   2.0962352525756253e-09     0.002972524908189042       491.78956464488186       5.7934714303969193       5.7934714303969193       1883.3329120621879                                                 1376.1565457640761                                              15.386801653229842        23.736122522363985               390.29736243664371                          69.037840131227739                      8.7182395546464413
                       3       948.53642083217176     0.022218807463721669      0.11842358604695315       67.937137231972258       3.0512517664765344      0.96602344345114766     0.057368718101869054     0.048651422885676761       1.0020638695510318        1.190085858957453       1.8848615912472424   2.1141792452754529e-09     0.048651422885676761       491.12041902337683       5.7934714303969193       5.7934714303969193       1885.4858988035496                                                 1379.3329469113926                                              15.032532868780175         23.32669952706857               390.05373956167386                          69.300196737141633                      8.4397831974927691
                       9       948.09173432498483     0.022220051481196608      0.11842021314367204        67.91946132570375       3.0518500882485711      0.96544391997404921     0.057567408560472398     0.049205533257196246       1.0048180616065356       1.1898185349798722       1.9014666753436127    2.115444583249771e-09     0.049205533257196246        490.0650626336091       5.7934714303969193       5.7934714303969193       1884.5965257891758                                                 1379.2665059786386                                               15.26495717692794        23.063478397761457               390.13082372074467                          68.509202598229479                      8.3615579168735064
                       3       948.35137739118454     0.022222605548283959      0.11829919446506384       67.934114961798429       3.0545925511359551      0.96488775347435041     0.058863811688185275     0.053187982005255735       1.0051190695546484       1.2861624699080696       2.2615803192920794   2.1212540740249256e-09     0.053187982005255735        490.1651076689119       5.7934714303969193       5.7934714303969193       1885.1158119215752                                                 1380.0209023782279                                              14.929801874435165        23.208008805319366               390.29860228194326                          68.309868050996727                      8.3486285306525581
                       3       948.76636854565959     0.022230143282521212      0.11815713317160044        67.89965844413193       3.0544124936354184       0.9654319143844019     0.059060098755602357     0.062522439543600705       1.0049563514769031       1.2863296983122945       2.2526605745741639   2.1208721607025647e-09     0.062522439543600705       490.13168546024099       5.7934714303969193       5.7934714303969193       1885.9457942305253                                                 1380.6446134882583                                               15.16949528202602         23.08262851566343               390.32957742575871                          68.295490729989965                      8.4239887888288916
                       7       947.58251602884161     0.022260475883819547      0.11751087896546548       68.148165654923901       3.0540591070400316      0.96554411053635658     0.058964660997153431     0.066206762479155426       1.0056694380301128       1.1275773823532169       2.1079831793791763   2.1201228053243147e-09     0.066206762479155426       490.11648863187298       5.7934714303969193       5.7934714303969193       1883.5780891968893                                                 1381.2084526637607                                              12.253147901255506        23.045498892306625               390.27813683561919                          67.932058879443233                      8.8607940245039387
                       1       948.07888460061542     0.022277178313739304      0.11744701345141965        68.04591810456607       3.0563625084606847      0.96465314062198881      0.06060258501833371     0.078917269057101294       1.0041827661268117       1.1181719797043717       2.3115156058482529   2.1250119278502763e-09     0.078917269057101294       490.12855116904251       5.7934714303969193       5.7934714303969193        1884.570826340437                                                  1381.341760267471                                              13.100514903923333        23.431028209997066               390.61854854685089                          67.434033357841344                      8.6449410543532004
                       1       949.90837262263176     0.022363469116716692      0.11791669388437204       68.051126288525666       3.0557589810066732      0.96677789442665418     0.061339463277979747     0.077954148131355983       1.0012866251228945       1.1173466148510944       2.1953326335005987   2.1237298117467675e-09     0.077954148131355983       490.47330515945066       5.7934714303969193       5.7934714303969193       1888.2298023844696                                                 1383.7933068513357                                              13.963190373682973        23.250479238726371               390.81125895706032                          68.063745685477116                      8.3478212781868759
                       2       952.34207878695736     0.022372904740783253      0.11810527677931712       68.071529957794155       3.0544400495820243      0.96795132880194446     0.061310675693704603     0.062231083869572656       1.0003336513895114      0.92961145168385473       2.3644659309018152   2.1209306041478114e-09     0.062231083869572656       490.50874602848984       5.7934714303969193       5.7934714303969193       1893.0972147131208                                                  1388.400956892649                                              14.187511791982061        23.040620411437317               390.78992223866322                          68.364820436131467                      8.3133829422578032
                       2       949.96073083541535      0.02237263152698923      0.11861181521614794       68.086072067230134       3.0541483533300147      0.96518935907241477     0.059911795530035457     0.039741003177046146       1.0011160057222674       1.0878888183652444       2.2279319241901376   2.1203120268625327e-09     0.039741003177046146       490.92716426859499       5.7934714303969193       5.7934714303969193       1888.3345188100368                                                 1382.6569036570106                                              14.750450884431219         23.63262241956761               390.46709088995499                          68.297066452982151                      8.5303845060902521
                       4       949.99205365287105     0.022189199113127236      0.11782861429088902        67.74867385081528       3.0476837476450638      0.96511262892608729     0.058132881093999167     0.089509234988660979       1.0010448882061782       1.2031569038886192       2.6835662390804975   2.1066492554764457e-09     0.089509234988660979       490.42771255005744       5.7934714303969193       5.7934714303969193       1888.3971644449482                                                 1381.8676720254387                                              16.101779869452088        23.315071824401343               390.17633863075679                          68.160770622854571                      8.7755314720447579
                       5       950.41823092515483     0.022130506351226004      0.11781045327983655       67.629556048653001       3.0504667723472969      0.96682701140655036     0.059232109164954326      0.10320462461601224       1.0011975266645483        1.205062939238605       2.6442298248898659   2.1125202782046517e-09      0.10320462461601224       491.26190978812411       5.7934714303969193       5.7934714303969193       1889.2495189895158                                                 1380.9846471979311                                              17.002962003460873        22.972350397720334               390.40416089789528                          69.084367701082627                      8.8010307914258696
                       4       950.99260418485801     0.022153091011613828      0.11735186937442965       67.658824381181731       3.0529143413813342      0.96732013936886407     0.060957564827804227      0.12437425326613963       1.0018844382391652       1.2020782631444216       2.7025363094558519   2.1176971502127936e-09      0.12437425326613963       491.48894158680707       5.7934714303969193       5.7934714303969193       1890.3982655089221                                                 1382.9350675311102                                               15.97425639100493        22.800593642414015               390.77826980153776                          68.131593422555966                      9.7784847202993124
                       5       953.38920749930207       0.0221651056233753      0.11685613799050928       67.481575139740414       3.0410151157941048      0.96594466845611016     0.054242810211718208      0.16881769270217012       1.0034758281943128       1.3710621675730486        2.466252461075392   2.0926475252335096e-09      0.16881769270217012       495.22163992716276       5.7934714303969193       5.7934714303969193       1895.1914721378103                                                 1382.4853745301489                                               17.48445768049843        22.726503306441828               390.13120520707201                          67.785802369333013                      14.578129044315933
                      11       953.87739048425738     0.022192316035754309      0.11681653282787897       67.489222780572121        3.042918228915255      0.96555269157702772     0.054686990039240178        0.173721305647772       1.0047786262114611       1.4384543864285899       2.2172265340384212   2.0966338622186786e-09        0.173721305647772       495.54021774111527       5.7934714303969193       5.7934714303969193       1896.1678381077209                                                 1383.1131310602441                                              17.514489306361593        22.712901568730217               390.05547197620871                          67.308274191194243                      15.463570004982087
                       1       957.70763982275014     0.022189204075498362      0.11674716140883958       67.460248846468119       3.0365124522543749       0.9683960821279467      0.05155171479853872      0.19400882163101923       1.0036614157180799       1.4400620885200217       2.1764741400763281   2.0832462188633293e-09      0.19400882163101923       498.67277609942164       5.7934714303969193       5.7934714303969193       1903.8283367847064                                                 1387.6702192148446                                              17.485341470440186        22.204878549941441               390.73871389060992                           68.28989440969336                      17.439289249176916
                       2       959.69600748398318     0.022347581857735426      0.11651269535687556       67.778578336014533       3.0332097981118817      0.97028690601313794     0.051419708043301031      0.18119564708467928       1.0019348219535655       1.0861523616166542       2.1898712925051722   2.0763773261408196e-09      0.18119564708467928        498.5315391675785       5.7934714303969193       5.7934714303969193       1907.8050721071725                                                  1394.784525543869                                              14.489007395724954        21.987390386757397               390.94464458101999                          67.912934847624399                      17.686569352176697
                       4       958.75931065984662      0.02232817360820874      0.11654944911805823       67.988665216666746       3.0379859303350116      0.97141270910947086     0.054366788804594682       0.1632570625298953       1.0006454188914777       1.0851680871557035       2.2212940261158738   2.0863180991217179e-09       0.1632570625298953       496.53333909224818       5.7934714303969193       5.7934714303969193       1905.9316784588993                                                 1396.9803854243769                                              12.417953942274208        21.996759569834751               390.23429472534212                          69.235944142762634                      15.066340654308657
                       1       959.33257727901309     0.022306101978789072      0.11666347391552977       67.947218325010127       3.0415868498230254       0.9725345590891783     0.055951760847714548      0.16524986368786948       1.0023407150266006      0.99782315428501356       2.4369094995151257   2.0938443051215152e-09      0.16524986368786948       496.10782289994717       5.7934714303969193       5.7934714303969193       1907.0782116972323                                                  1398.270329748754                                              12.700059048531379        21.663399687027322                390.1171558285659                          68.436845366794273                      15.890422017559663
                       1       949.69005700112859       0.0221751806984079      0.11891201244743142       68.236754513196772       3.0440724023721186      0.96827257965875713     0.055702653687045529    0.0022647159766811531       1.0018158564997095       1.3291955535124167       2.4904843110590926   2.0990551383887715e-09    0.0022647159766811531       491.42138044791278       5.7934714303969193       5.7934714303969193       1887.7931711414633                                                 1383.9195802630886                                              12.452210430461884        22.569692664664217               390.07364999975704                           70.30238653710849                       8.475651246383034
                       3       948.95251282004563     0.022016113678338098      0.11826064144154826        68.11366594034007       3.0444082843316065      0.96904343505850199     0.055568945295779437     0.019758686454131189       1.0033688053979049       1.4195276753379005       1.5710162072251312   2.0997602915592115e-09     0.019758686454131189       492.55213763610669       5.7934714303969193       5.7934714303969193       1886.3180827792974                                                 1381.6886105476594                                              12.077334595531383        22.260852149563277               390.15721672815891                           71.63215447697371                      8.5019142814108122
                       6       949.09158267594842     0.022036676015146656      0.11824058481832948       68.066493078721336       3.0440227125516546      0.96969502888847581     0.055557468580352626      0.02479299070214103        1.003115180531472       1.4203296791712399       1.4967761079331288   2.0989508393071238e-09      0.02479299070214103       492.58529264650832       5.7934714303969193       5.7934714303969193       1886.5962224911029                                                 1381.4869695942098                                              12.523960250384896        22.149053169568447               390.15703136812965                          71.770434799487077                      8.5087733093231694
                       7       948.86391316793868     0.022031417735730412      0.11823619249970239        68.05757860944054       3.0436693518455256      0.96964202971479363     0.055235353046054404     0.025796770836584069       1.0021372297816125       1.4205481619269247       1.4973617992751191   2.0982092835824593e-09     0.025796770836584069       492.16131457949592       5.7934714303969193       5.7934714303969193       1886.1408834750835                                                 1381.4223450346492                                              12.557223860938223        22.289600747641032               390.15038284981182                          71.293406432855122                      8.4279245491879227
                       1        949.3815729646908     0.022030075293485173      0.11818996279086243       68.034177493737403        3.043085041722895      0.97070837478399097     0.055377190135984494     0.029499467908481288        1.001460919694652       1.4513967045134717       1.4529863127943243    2.096983636772455e-09     0.029499467908481288       492.97633699418105       5.7934714303969193       5.7934714303969193       1887.1762030685877                                                 1381.5093080612844                                              12.690558013122224        22.131071485141831               390.18615354770418                          72.218068885607323                      8.4410430757276664
                       1       949.46776522899393     0.022038145029806368      0.11798142101325602       68.030153375379101       3.0425025214180419      0.97103297040969416     0.055289284853430543     0.041726920744819609        1.002873950551574       1.5478492613621744       1.4744145277819747   2.0957624569406465e-09     0.041726920744819609       493.28453775878461       5.7934714303969193       5.7934714303969193        1887.348587597194                                                 1381.5541617866947                                               12.50988805171453        21.896494101496444                390.1717614293006                          72.421300973399454                      8.7949812545881194
                       2       949.64138441624027     0.022011041382319615      0.11791138731538101       68.085970156146928        3.043036683616263      0.97124337058117405     0.055532824241399659     0.036194011463245343       1.0031644186470949        1.548017123756608       1.4940362281323099   2.0968822330660079e-09     0.036194011463245343       493.95885564559217       5.7934714303969193       5.7934714303969193       1887.6958259716866                                                 1381.8090453552043                                              11.927924970890155        21.847790148681952               390.20492361630033                          73.113949053020846                      8.7921928275890213
                       5       949.28681300799053     0.022013630576267568      0.11819839755454985       68.145817554265676       3.0433151761797115      0.97096082440426446     0.056379653640063726     0.014484159077966675        1.002308112386342       1.3926693089051947       1.7268740436913907   2.0974662804970025e-09     0.014484159077966675       494.26774816591103       5.7934714303969193       5.7934714303969193       1886.9866831551872                                                 1380.8719934419512                                              11.846941547324896        21.914462569842897               390.19420762995651                           73.61087844446422                      8.5481995216474047
                       1       950.66295658751835     0.022087314434509026      0.11751229978691957       68.255370794583968        3.040646343825379      0.97575871487058052      0.05763842986324938     0.037928859905899143      0.99990035444538095       1.3928207045283549       1.6312586745495634   2.0918759577607516e-09     0.037928859905899143       495.84743991355248       5.7934714303969193       5.7934714303969193       1889.7389703142428                                                  1382.878398216382                                              11.013132184308249        21.258087040448913               390.25144551694478                          75.286246948030083                      9.0516604081287397
                       3       950.95364521055512     0.022136135329785037      0.11702989539629903       68.344150474956066       3.0504129085678202      0.97238591107129724     0.062559271743319517     0.061466406983712966       1.0007140224715607       1.3881467061903001       1.9096351910625962   2.1124064929427261e-09     0.061466406983712966       493.31222001543586       5.7934714303969193       5.7934714303969193       1890.3203475603163                                                 1386.4727431275376                                              10.535384417342751        21.867540052070979               391.16606902962826                          70.849654236267511                      9.4289566974691077
                       3       951.52789888010238     0.022147536221417213      0.11727043956983588       68.343095562888195       3.0494193134315588       0.9726696616379269       0.0625491984617913     0.052307133217656399      0.99985450438395151       1.3873270249652101       1.9011978517363366   2.1103086584971693e-09     0.052307133217656399       493.24705026911153       5.7934714303969193       5.7934714303969193       1891.4688548994109                                                 1387.5680313237915                                              10.653773306507984        21.844101150680956                391.1592388111859                          71.162351533469263                      9.0813587737754364
                       1        952.3345925264224     0.022156678099164089      0.11711142817104872       68.371014998968874       3.0504581553108667      0.97256461359423285     0.063034961135674972     0.057683607824080559      0.99731228322843635       1.3872840870415537       1.9129557694225265   2.1125020746188854e-09     0.057683607824080559       494.58665347785023       5.7934714303969193       5.7934714303969193       1893.0822421920509                                                 1387.9692341326183                                              10.526354581582096         22.20864241924437               391.32399256638695                          72.558389265371886                      8.4956292268470381
                       2        951.2250072552963     0.021958266797704552      0.11704436624312695       68.062158613820628       3.0491786177443236      0.96898506493122871      0.05815851042726964     0.083639888458273623        1.002273675428581        1.314419059013042       2.2175542920376992   2.1098007774291773e-09     0.083639888458273623       495.70638759344052       5.7934714303969193       5.7934714303969193       1890.8630716497987                                                  1384.048793545745                                              11.107890510613208        22.561635221745291               390.23281776210257                          73.734082034993946                      9.1778525745986972
                       4       950.69501069485557     0.021925127774471774      0.11686044091319472       68.110706601708884       3.0477257211753312       0.9674561657450057     0.057677519458647221      0.07745787757290061       1.0042996458087237       1.3123964025739281       2.3823842138455849   2.1067376808384829e-09      0.07745787757290061       493.55326398226435       5.7934714303969193       5.7934714303969193       1889.8030785289172                                                 1385.4905858021648                                              10.759228744488166        22.564808148447071               390.14014257634364                          70.632294149869338                      10.216019107604332
                       9       947.16617328041434     0.022241025857605633      0.11773374845429524       68.219889157693572       3.0563153302366075      0.96181387426566356     0.057585027368335588      0.05136200341292764       1.0062532320907336       1.3837447738280939       2.0838188106563393   2.1249116759262499e-09      0.05136200341292764       490.44222798231812       5.7934714303969193       5.7934714303969193       1882.7454037000348                                                 1380.4561915211111                                              11.846984196605769        24.137235745883231               390.05243224726337                          67.972473981490438                      8.2800860076810867
                       6       947.86689007673885     0.022121103988296895      0.11784682104107155       68.025705038330727        3.053999801194093       0.9625051764083562     0.055980306243110942     0.053562068635443078       1.0089212482337808       1.4941611308590155       1.6094129817124911   2.1199970733762077e-09     0.053562068635443078        490.3017303935456       5.7934714303969193       5.7934714303969193       1884.1468372926838                                                 1381.0044943665907                                              12.840612532547556         23.48929085581085               389.99322927165605                          68.193831876958939                      8.6253783891197635
                       1       947.57156568674918     0.022121216212039517      0.11784449132104841       68.025083285058273        3.053914480368614      0.96257272786210213     0.055962789839095618     0.053627152301812309       1.0088936280498106       1.3726829422526274       1.6728122627822106   2.1198162011920862e-09     0.053627152301812309       490.28107268764137       5.7934714303969193       5.7934714303969193       1883.5561885127045                                                 1380.4299524722201                                              12.845163352843226        23.474207062202311               389.98287890994959                          68.195540863000133                      8.6284458524893175
                       6       947.28389614515231     0.022136928025521019      0.11776009306469866        68.05845446059206       3.0536376990720733      0.96304759598885659     0.056257781854112607     0.055530341030102522       1.0067680150632687       1.4172439938578798       2.0524555109477385   2.1192295569053201e-09     0.055530341030102522       489.54268991831344       5.7934714303969193       5.7934714303969193       1882.9808494295107                                                 1380.8750518037693                                              12.563107707428154        23.654597254593568               390.00668880788936                          67.503150747508911                      8.3782531083215641
                       5       948.22066362387568       0.0221725213031863      0.11758627554898494       68.071458015506124       3.0589077497066959      0.95914154227385806     0.057430331857565797     0.065274848484575362       1.0085973314421401       1.1354004794186006        2.609403138237977   2.1304274848832595e-09     0.065274848484575362       491.19504412758403       5.7934714303969193       5.7934714303969193       1884.8543843869575                                                 1381.2100839678706                                               12.44925629150263        24.617945180846391               390.02120345295674                          68.151746698147662                      8.4041487956332812
                       2       949.31353930381897     0.022151644851417955      0.11771364251930863       68.013574760798065       3.0589679260218396      0.95832309256896409     0.056637084253604912     0.061869019432688299        1.009369357049591       1.3207485774200161       2.3963830457007766   2.1305556900163986e-09     0.061869019432688299       491.27754368617366       5.7934714303969193       5.7934714303969193        1887.040135746844                                                 1382.7922907491222                                              12.970301311547971        24.774751886973604               389.92800476497621                          68.244424722138035                       8.330362312085823
                       2       950.54742047690581     0.022151641024526991      0.11779043472000129       67.956811313787583       3.0556471708023634      0.96002272625893093     0.054756871846012432     0.064895959216781374       1.0112286813100291       1.5204075784673015       1.6476275217789649   2.1234923703570497e-09     0.064895959216781374       491.10942309964923       5.7934714303969193       5.7934714303969193       1889.5078980930177                                                 1384.8401279069053                                              13.558347086463286        23.973000665636789               389.93472204806955                           68.41628522626786                      8.7854151596750292
                       6       949.87073049100718     0.022141555260115194      0.11758688261883497       67.893802864080556        3.055303532097938      0.96078926535050713     0.055076188069648688     0.078363172524565233       1.0086806159280821       1.3904980022692417       1.7025684888659449   2.1227627815546982e-09     0.078363172524565233       490.93282848017577       5.7934714303969193       5.7934714303969193       1888.1545181212205                                                  1383.377376363967                                               13.84431327707782        24.137079123177386               389.93306694872109                          68.333111574850037                      8.5295708334272859
                       9       949.92995639013589     0.022147074832515688      0.11782916175168182       67.828924151769655        3.055539793984825      0.96166445382655341     0.055420504069245466     0.077245202835137541        1.009403573009594       1.1118974974490268       2.2076819252418405   2.1232643687455167e-09     0.077245202835137541       489.69654431199933       5.7934714303969193       5.7934714303969193       1888.2729699194779                                                 1383.7209096527017                                              14.855515954776743        23.749819402167532               389.97717654735027                          67.327078128115858                      8.6424702343656215
                       3       949.98640112797307     0.022148696971698412      0.11782242509205711       67.833689247872741        3.055465042285554      0.96171639992961433     0.055415836813699187      0.07687602613760168       1.0093735523174814       1.1119237703391787       2.2034325773393322   2.1231056570580095e-09      0.07687602613760168        489.6958052032964       5.7934714303969193       5.7934714303969193       1888.3858593951522                                                 1383.8797852583562                                               14.81026893349997        23.739601231617712               389.98483814781031                          67.330676399125068                      8.6406894247432842
                       4        952.2575006100335     0.022130790072210253       0.1190215139543384       68.115352894730776       3.0400568695563908      0.96152079988565786     0.046536852604773873     0.014683360236570075       1.0068128483186281       1.1714346014051755       1.8682302877278172   2.0906432140807729e-09     0.014683360236570075       494.23591822981484       5.7934714303969193       5.7934714303969193       1892.9280583592731                                                 1385.4628912501198                                              13.229248879338492         24.01521292930596               392.78778306384817                          69.018369813576342                      8.4145524230843591
                       1       953.70243675994163     0.022092807674008026      0.11912269790676845       67.985856182812725        3.044949149908164      0.96202453552664335     0.048550604086033872     0.029587124573337991       1.0071614054627325         1.53070567669647       1.3524365786702113    2.100896286802606e-09     0.029587124573337991       493.45531904094389       5.7934714303969193       5.7934714303969193       1895.8179306590894                                                 1388.1508591492886                                               14.21175246885679        23.948704253639221               391.60465824896738                          69.387348166194599                      8.5146083721426784
                       1       953.43714803999273     0.021873299572787164       0.1191315862200925       67.850648495363941       3.0390620185975257       0.9618993003869909     0.048904381940183379     0.021216969075740111       1.0074236264421041       1.2077233456488314       3.0431236800263628   2.0885643699161126e-09     0.021216969075740111       494.69974686833206       5.7934714303969193       5.7934714303969193       1895.2873532191916                                                 1386.3555916707342                                              14.232014680125349        23.360971470170853               391.45582319463347                          71.159201166100658                      8.7237510374270535
                       4       952.85439472198209      0.02186096206785787      0.11907219276494799       67.911415809289906       3.0392611293654452      0.96221756935568603     0.049029161289794433     0.015547831693861218       1.0056730034416836       1.3828752874867216       2.2009567719847323   2.0889802669750734e-09     0.015547831693861218        493.6485859907778       5.7934714303969193       5.7934714303969193       1894.1218465831703                                                 1386.9673875790745                                              13.505873013318027        23.567247499931682               391.40725375161861                          70.174794974909105                      8.4992897643183838
                       3       953.96790899067469       0.0219435917778842      0.11908467846221057       67.604682047088687       3.0333278110937139      0.96372337777742689     0.047319787608580875     0.057238910095757614       1.0039219445031313       1.3819254800694645       2.1761228376139248   2.0766223800799744e-09     0.057238910095757614       494.32924432401808       5.7934714303969193       5.7934714303969193       1896.3488751205555                                                  1384.424052520865                                              17.595578275672626        23.215983502454606               392.37844818825448                          69.884959900994247                      8.8498527323147371
                       1       953.03617513028087     0.022036491925473425      0.11957609562461195       67.844587906881586       3.0345133400603213      0.96580640978240095     0.049771655901074595     0.021124729387170027        1.002698423475014       1.2402076380772289       2.4807766409579957   2.0790857359656269e-09     0.021124729387170027       494.46478813862137       5.7934714303969193       5.7934714303969193       1894.4854073997678                                                  1383.956898095412                                              16.063721165734584        22.784793237601036               391.25911181710359                          71.744796289067224                      8.6760867948495601
                       1       954.72125570143885     0.022056670520121082      0.11984100430177792       67.576703543516288       3.0380027526644109      0.96654819400117453     0.050533080040085658     0.043434439856415173       1.0025958976819838        1.097670842120041       2.8078282743609311   2.0863531961472187e-09     0.043434439856415173         494.026357105937       5.7934714303969193       5.7934714303969193       1897.8555685420838                                                  1383.321683942537                                              20.507527493609725        22.747075905493318               390.92409624773182                          71.687047223470913                      8.6681377292409341
                       1       953.11026628838238     0.022231908380709875      0.11814275428050947       68.334022196311409       3.0405059031670651      0.97779618864966389     0.056853350974441941     0.040130430992259429      0.99787199311731212       1.0555873697970217       2.2084789354776739   2.0915821939528074e-09     0.040130430992259429       495.80542737559085       5.7934714303969193       5.7934714303969193       1894.6335897159709                                                 1387.5304447768351                                                11.2977175635449        21.220729420942632               390.30045879882692                          75.619258146002082                      8.6649810098192113
                       3       953.36397420946128     0.022235466508180535      0.11826163685524883       68.398001062390762       3.0369745706535172      0.97813140977091051     0.054999399811198467       0.0274837463079044      0.99838889584214485       1.0562807775446679       2.1555486887812814   2.0842091477474506e-09       0.0274837463079044       496.54321028900171       5.7934714303969193       5.7934714303969193       1895.1410055581287                                                   1387.50823806109                                              11.089557208036837        21.098157017072822               390.39903937001242                          76.291817677449927                       8.754196224466531
                       2       953.08672533553602     0.022249223018445972      0.11827378343321998       68.432123271716847       3.0374208062856192      0.97764609479999309       0.0549636507281532     0.025667377722198976      0.99847477874977864       1.0776110049400256       2.2439874390459802   2.0851394036751625e-09     0.025667377722198976       495.78421462950553       5.7934714303969193       5.7934714303969193       1894.5865078102781                                                 1387.8241589264885                                              10.978134254283916        21.183281681862297               390.38853245510035                          75.504838706111371                      8.7075617864315014
                       3       952.58047075036529     0.022195836131265467      0.11774600074918283       68.474617271049027       3.0367266387734828      0.97929658908040906     0.055242841107533552     0.034506277924484019      0.99858848210523454       1.1352725955686434       1.9803932123984338   2.0836924699081655e-09     0.034506277924484019       497.46577789573809       5.7934714303969193       5.7934714303969193       1893.5739986399367                                                 1385.6030053634404                                              10.505215380758257        20.929584235955474                390.4175580273552                          77.122822370545521                      8.9958132618819011
                       1       950.34847427511147     0.022147938120971121       0.1177250980231431       68.395369955794862       3.0361234563023354      0.97515768946055159     0.053602772658020756      0.03941944663176912       1.0016272008281553       1.1331881325276048       2.2231764794973552   2.0824360021128249e-09      0.03941944663176912       496.30256848663629       5.7934714303969193       5.7934714303969193        1889.110005689429                                                  1382.178217172069                                              10.629220030723928        21.269614553712472                390.5978615900238                           74.71920849738629                      9.7158838455136944
                       1       951.44415504424842     0.022219948541151613      0.11797680409230428       68.420240553248888       3.0275071900021078      0.97613802736457755     0.050803994374069655      0.01522255619117717      0.99975142984290133       1.1329502807147931       2.0731169239162379    2.064570257501388e-09      0.01522255619117717       497.56603419462692       5.7934714303969193       5.7934714303969193       1891.3013672277029                                                 1382.7935724230963                                              10.941760609979642        21.104800300538614               391.52272451405997                          75.433887081992168                      9.5046222980361552
                       7       951.23997326717927     0.022243229172067922      0.11852184949915597       68.225198808967377       3.0390312740805068      0.97422131027804582     0.053937761505030615     0.010858987232121288        1.000881885355198       1.0524448472379169       1.9525212906577338   2.0885001590003682e-09     0.010858987232121288       493.54611350066716       5.7934714303969193       5.7934714303969193       1890.8930036735646                                                 1384.6624101491575                                              12.684480023740074        21.542171847331019               390.46145432864711                          73.052069162032879                      8.4904181626561677
