#                 weight             minuslogpost                 omegabh2                 omegach2                       H0                     logA                       ns                      tau                      mnu                       As            minuslogprior         minuslogprior__0                     chi2 chi2__sbt_spt_audit.likelihoods.candl_cobaya.CandlCobayaLikelihood chi2__sbt_spt_audit.likelihoods.desi_dr2_bao.DESIDR2BAOGaussian
                       1       1290.9363822602409     0.023000855958567174      0.11615334009896322       68.923988149078312       3.0222409272984767       1.0120921927038413     0.054058134729513964     0.071174264765802298   2.0537262668688226e-09       3.4908863374028734       3.4908863374028734       2574.8909918456761                                                 2564.2053250926874                                              10.685666752988766
                       3       1290.5640802181986     0.023000855958567174      0.11615334009896322       68.923988149078312       3.0186420180552576       1.0167861607208388     0.054058134729513964     0.071174264765802298   2.0463483765660419e-09       3.4908863374028734       3.4908863374028734       2574.1463877615915                                                 2563.4607210086028                                              10.685666752988766
                       2       1290.1506414515693     0.023000855958567174      0.11615334009896322       68.923988149078312       3.0169348074116451       1.0164767005961841     0.054058134729513964     0.071174264765802298    2.042857809251656e-09       3.4908863374028734       3.4908863374028734        2573.319510228333                                                 2562.6338434753443                                              10.685666752988766
                       8       1290.2088117545868      0.02299563101720719      0.11640938026972315       68.940286016911571       3.0161460257297614       1.0162508780326376     0.053323509654694547     0.062522135432823436   2.0412470757750691e-09       3.4908863374028734       3.4908863374028734        2573.435850834368                                                 2562.7507572928507                                              10.685093541517219
                       1       1291.0379830200127      0.02299563101720719      0.11640938026972315       68.940286016911571       3.0226769705646381       1.0084623291807848     0.053323509654694547     0.062522135432823436   2.0546219756477286e-09       3.4908863374028734       3.4908863374028734       2575.0941933652198                                                 2564.4090998237025                                              10.685093541517219
                       4       1290.6346936899108     0.022866151979575478      0.11721488980305453       68.637155878257133       3.0362298947664148        1.009151517146587     0.060060482431170265     0.047612293138226298   2.0826576651989632e-09       3.4908863374028734       3.4908863374028734        2574.287614705016                                                 2562.3313442726344                                              11.956270432381594
                       4       1290.7965325093471     0.022752487946385236      0.11673910113465653       68.697156391069228        3.039998567289639       1.0139608660394117     0.063700971961711705     0.056426691057967715   2.0905213283955631e-09       3.4908863374028734       3.4908863374028734       2574.6112923438886                                                 2563.7025847429395                                              10.908707600949125
                       1       1291.2329514419635     0.022815711287768232      0.11733559419255903       68.679726466870761       3.0421483992123166       1.0110391021265941     0.063312476055031958      0.04495831100125211   2.0950204323081724e-09       3.4908863374028734       3.4908863374028734       2575.4841302091213                                                 2564.0203653177191                                              11.463764891402329
                       4       1291.6411653869905     0.022852331007607609      0.11729836491332464       68.791765919001563       3.0481781143606641       1.0102313560290914     0.066023101261496714     0.039407701224619777   2.1076909702231305e-09       3.4908863374028734       3.4908863374028734       2576.3005580991753                                                  2565.252194451919                                               11.04836364725616
                       1       1291.6648193314552     0.022739152824598576      0.11715969622083908       68.703408255488299       3.0457222405547686        1.013851181560308     0.066060058006247188     0.046747252089487636   2.1025210980536848e-09       3.4908863374028734       3.4908863374028734       2576.3478659881048                                                 2565.3769666268895                                              10.970899361215428
                       1       1293.8307574696792     0.022739152824598576      0.11715969622083908       68.703408255488299       3.0362556883233816       1.0347859396702872     0.066060058006247188     0.046747252089487636   2.0827113850409024e-09       3.4908863374028734       3.4908863374028734       2580.6797422645527                                                 2569.7088429033374                                              10.970899361215428
                       2       1292.0055399505154     0.022590188793250823      0.11599452859847617       68.913805969549102       3.0166511365152369       1.0394742842807576     0.059178984752203935     0.025884075322427424   2.0422783921314436e-09       3.4908863374028734       3.4908863374028734       2577.0293072262252                                                 2566.4249510183927                                              10.604356207832572
                       3       1291.2184730458728     0.022590188793250823      0.11599452859847617       68.913805969549102       3.0111431947845033       1.0442955630029842     0.059178984752203935     0.025884075322427424   2.0310605636823544e-09       3.4908863374028734       3.4908863374028734       2575.4551734169399                                                 2564.8508172091074                                              10.604356207832572
                       6       1290.4260814989716     0.022590188793250823      0.11599452859847617       68.913805969549102       3.0035007233944073       1.0496446731439528     0.059178984752203935     0.025884075322427424   2.0155974050699686e-09       3.4908863374028734       3.4908863374028734       2573.8703903231376                                                  2563.266034115305                                              10.604356207832572
                       3       1292.5713781246814     0.022590188793250823      0.11599452859847617       68.913805969549102       3.0288728680165633       1.0056461131038552     0.059178984752203935     0.025884075322427424     2.06739172187877e-09       3.4908863374028734       3.4908863374028734       2578.1609835745571                                                 2567.5566273667246                                              10.604356207832572
                      11       1290.0022452801343     0.022590188793250823      0.11599452859847617       68.913805969549102       3.0250315085326043       1.0154402567438174     0.059178984752203935     0.025884075322427424   2.0594653608287768e-09       3.4908863374028734       3.4908863374028734        2573.022717885463                                                 2562.4183616776304                                              10.604356207832572
                       4       1290.3384238590681     0.022678965076913835       0.1159681493715599       69.011730725033217       3.0318252410681548       1.0117757084916943     0.061712385555498107    0.0095054837497292981   2.0735044525760821e-09       3.4908863374028734       3.4908863374028734       2573.6950750433307                                                 2562.9333795289144                                              10.761695514416484
                       6       1290.0665081656116     0.022678965076913835       0.1159681493715599       69.011730725033217       3.0223461481148237       1.0197693431326542     0.061712385555498107    0.0095054837497292981   2.0539423729924078e-09       3.4908863374028734       3.4908863374028734       2573.1512436564176                                                 2562.3895481420013                                              10.761695514416484
                       5       1288.9943181806841     0.022678965076913835       0.1159681493715599       69.011730725033217       3.0187446956446107       1.0294033342197819     0.061712385555498107    0.0095054837497292981    2.046558501471699e-09       3.4908863374028734       3.4908863374028734       2571.0068636865626                                                 2560.2451681721464                                              10.761695514416484
                       2       1289.9510112056651     0.022811247258644366      0.11577802313399635        68.80357657527523       3.0236230796915011       1.0259800387917308     0.063328869395392104     0.046820637618622915   2.0565667921103739e-09       3.4908863374028734       3.4908863374028734       2572.9202497365245                                                 2562.0970757907326                                              10.823173945792062
                       9       1289.6846191203936     0.022963845897517078      0.11600772011158177       68.933304211440884       3.0243847870162912       1.0218177186473769      0.06198384975279473     0.043276295730325702   2.0581338908593732e-09       3.4908863374028734       3.4908863374028734       2572.3874655659815                                                 2561.5341547867438                                              10.853310779237878
                       1       1289.8630819302639     0.022963845897517078      0.11600772011158177       68.933304211440884       3.0200228231904163       1.0271183776451587      0.06198384975279473     0.043276295730325702   2.0491759366181902e-09       3.4908863374028734       3.4908863374028734       2572.7443911857222                                                 2561.8910804064844                                              10.853310779237878
                       1       1289.8279535456998     0.022872187080733672      0.11610624751389588        68.74385628255142       3.0180607612465105       1.0292528571723072     0.061727413852252132      0.05092256264119592   2.0451592682612228e-09       3.4908863374028734       3.4908863374028734       2572.6741344165939                                                 2561.5098947626097                                              11.164239653984191
                       1       1289.9802846807042     0.022839357955007657      0.11566755466543246       68.753740364388648       3.0184579730957601       1.0316163123725846     0.062916515302697151     0.067860143818741642    2.045971791117349e-09       3.4908863374028734       3.4908863374028734       2572.9787966866029                                                 2562.1348933706286                                              10.843903315974163
                       4       1289.7928491945847     0.022839357955007657      0.11566755466543246       68.753740364388648       3.0233707585030918       1.0272235521241673     0.062916515302697151     0.067860143818741642   2.0560479421945119e-09       3.4908863374028734       3.4908863374028734       2572.6039257143639                                                 2561.7600223983895                                              10.843903315974163
                       1       1289.9921005305673       0.0228197216472617      0.11532710344629099       69.002782861089884       2.9979714660843966       1.0290293914908988     0.050858243087957618     0.052752137846414068   2.0044834027885197e-09       3.4908863374028734       3.4908863374028734        2573.002428386329                                                 2562.2374929676148                                              10.764935418714217
                       2       1289.2774098747509     0.022834334127711534       0.1160992912254246       68.984954548556928       2.9986181297681433       1.0272315640006455      0.04989231572954745     0.033433679914171649   2.0057800486114732e-09       3.4908863374028734       3.4908863374028734       2571.5730470746962                                                 2560.9418830900904                                              10.631163984605964
                       1        1289.658333212496     0.022794649753560173      0.11571627641758715       68.942162413618448       2.9954155975832149        1.029673779982301     0.049278052244855319     0.053145793430766738   1.9993667483315334e-09       3.4908863374028734       3.4908863374028734       2572.3348937501864                                                 2561.7377059427668                                               10.59718780741982
                       7       1289.6443413444822     0.022981506465755672      0.11567143873587682        69.00163662417323       3.0100371879512755       1.0250588421815394     0.054994953082596054      0.07002344306747435   2.0288154386109197e-09       3.4908863374028734       3.4908863374028734       2572.3069100141588                                                 2561.6808328038082                                              10.626077210350594
                       2        1289.861229935821     0.023077210004897264      0.11595184645565414       69.235115870325572       3.0138724092361295       1.0221337137942512     0.055563757453157434     0.047336876313191591   2.0366113347016648e-09       3.4908863374028734       3.4908863374028734       2572.7406871968365                                                 2561.9356149291484                                               10.80507226768805
                       2       1289.6903608743642      0.02303112292920699      0.11587102397714857        69.22378042616549       3.0179529711034778       1.0234944203005889     0.058136390589972407     0.047449906811304461   2.0449388321318067e-09       3.4908863374028734       3.4908863374028734       2572.3989490739227                                                 2561.5555591549933                                              10.843389918929423
                       2       1290.4566995998719      0.02303112292920699      0.11587102397714857        69.22378042616549       3.0074276713492019       1.0348430328357892     0.058136390589972407     0.047449906811304461   2.0235281127240331e-09       3.4908863374028734       3.4908863374028734       2573.9316265249381                                                 2563.0882366060086                                              10.843389918929423
                       2       1290.4530656014251     0.023040757915362368      0.11597179643195225       69.194688108138635       3.0065460250756342       1.0344516326320361       0.0574718813250387     0.048864900378423157   2.0217448629172739e-09       3.4908863374028734       3.4908863374028734       2573.9243585280446                                                 2563.1770089887591                                              10.747349539285748
                       2       1292.8673911966102     0.023094222500746046      0.11458193864122027       69.274489969709805       3.0048096344480451       1.0379660239323494     0.058344309669842193      0.11302977386016418   2.0182373701559793e-09       3.4908863374028734       3.4908863374028734       2578.7530097184149                                                   2567.26863530743                                              11.484374410984973
                       2       1292.0964614134878     0.022976587669088097      0.11409011697114062       68.890475851869041       3.0000592365248058       1.0408073622738445     0.057823915107305487      0.14382631432484924   2.0086726755834286e-09       3.4908863374028734       3.4908863374028734       2577.2111501521699                                                  2566.559397365048                                              10.651752787121941
                       7       1291.7901000333875     0.022860431322834048      0.11416789019961153       68.795230560856211         2.99985472929496       1.0439568168889211     0.058678802404282547      0.14390898227886667   2.0082619295005814e-09       3.4908863374028734       3.4908863374028734       2576.5984273919694                                                 2566.0424718789404                                              10.555955513028771
                       7       1292.1179273020373     0.022678789148646385      0.11446047903429597       68.332034090774783        3.005115928277744       1.0470662761390539     0.062572390034055736      0.15630749432544055   2.0188556384903803e-09       3.4908863374028734       3.4908863374028734        2577.254081929269                                                 2566.1197029952514                                              11.134378934017558
                       2       1291.0903260199982     0.022747688172815785      0.11537987545614244       68.605901965107904       2.9844634802672636       1.0434580622765863      0.05014586538746265      0.10142398826414176   1.9775889234775663e-09       3.4908863374028734       3.4908863374028734       2575.1988793651908                                                 2564.4262323261855                                              10.772647039005301
                       6       1290.5976958828901     0.022670948335213575      0.11530035263986718       68.648291980704784       2.9881157288623479       1.0453781761219247     0.052738805902994651     0.090081858127869049   1.9848247753667372e-09       3.4908863374028734       3.4908863374028734       2574.2136190909746                                                 2563.6406156099861                                              10.573003480988691
                       2       1290.7844069846246     0.022646379936597037      0.11497474602616789       68.946784010356822        2.988686238280633       1.0475959414110749     0.053681437442161854     0.076790759819035354   1.9859574596675382e-09       3.4908863374028734       3.4908863374028734       2574.5870412944437                                                 2563.6673968609184                                              10.919644433525368
                       3       1291.4648811102159     0.022719192742131016      0.11501933374836903       69.064112070615764       2.9787614583200375       1.0451610741994846     0.047941711337858045     0.062778514746538894   1.9663447557440732e-09       3.4908863374028734       3.4908863374028734       2575.9479895456261                                                 2564.7622403606701                                              11.185749184955924
                       1       1293.5667516791559     0.022719192742131016      0.11501933374836903       69.064112070615764       2.9727411047277572        1.045002015156423     0.047941711337858045     0.062778514746538894   1.9545422283723893e-09       3.4908863374028734       3.4908863374028734       2580.1517306835062                                                 2568.9659814985503                                              11.185749184955924
                       1       1293.0221773720993     0.022833310589392388      0.11529531957143287       69.159845616768237       2.9792059770853418       1.0409497370130991     0.049680624196536634     0.049587257253410483   1.9672190271876945e-09       3.4908863374028734       3.4908863374028734       2579.0625820693931                                                 2567.8805410921368                                              11.182040977256449
                       2       1292.9246658030904      0.02278249005746677      0.11553540760683159       69.028992760237188       2.9755504294319692       1.0416649463326644     0.047976733116673304     0.049226268129836263   1.9600408922897458e-09       3.4908863374028734       3.4908863374028734       2578.8675589313752                                                 2568.1001709720144                                              10.767387959360892
