#                 weight             minuslogpost                 omegabh2                 omegach2                       H0                     logA                       ns                      tau               mnu_sample                 A_planck               TT_tSZ_Amp               TT_kSZ_Amp                       As                      mnu                chi2__CMB            minuslogprior         minuslogprior__0                     chi2 chi2__sbt_spt_audit.likelihoods.candl_cobaya.CandlCobayaLikelihood chi2__sbt_spt_audit.likelihoods.desi_dr2_bao.DESIDR2BAOGaussian chi2__planck_2018_lowl.TT chi2__planck_2018_lowl.EE_sroll2 chi2__planck_2018_highl_plik.TT_lite_native chi2__planckpr4lensing.PlanckPR4Lensing
                       4        1522.125076713719     0.022866687887109393      0.11725684005469109       68.464535491709228       3.0308498562455815      0.98521003901941462     0.052312134383191551     0.082415131156974256      0.99859476904248934       2.8459963452076731       9.5044267376444171   2.0714829738236136e-09     0.082415131156974256       499.11997776244186       5.7934714303969193       5.7934714303969193        3032.663210566644                                                 2520.6954192306744                                              12.847813573527569        20.388516458229958               391.45282540638698                          77.152002325044506                      10.126633572780385
                       1       1519.3498866501207     0.022710622278300303      0.11667480632079172       68.265610011496094       3.0430237360929429      0.98216260468231631     0.057026353302859031      0.10402705929793059       0.9985754813169696       2.2725684265957353       9.0848884823772273   2.0968550838101541e-09      0.10402705929793059       494.49857142798106       5.7934714303969193       5.7934714303969193       3027.1128304394474                                                 2519.4893453209252                                              13.124913690541119        20.813078319837189               390.26568020053077                          74.384871091148938                      9.0349418164641584
                       5       1517.1049459373678     0.022735249895381955      0.11671513005306106       68.317327378661361       3.0412039765220382      0.97924392584918896      0.05644229674825927     0.095689846451534097      0.99850611145959345       2.5761911473795722       9.8367310377138928   2.0930427814914505e-09     0.095689846451534097       493.62821901750289       5.7934714303969193       5.7934714303969193       3022.6229490139417                                                 2516.0554366883653                                              12.939293308073747        21.142961165961026               390.26776413116352                          73.094656666421557                      9.1228370539567845
                       2       1516.4564283039745     0.022734824490977367      0.11671637589140846       68.317217569521091       3.0411887160884121      0.97922703196102279     0.056421552033679628     0.095639189229186974        1.000153204541419       1.8133228464775639       9.8556292780440558   2.0930108409947207e-09     0.095639189229186974       493.10462725325385       5.7934714303969193       5.7934714303969193        3021.325913747155                                                 2515.2824758694742                                              12.938810624427283         20.99436099543766               390.32258676370134                          71.954404105764254                      9.8332753883506001
                       1       1516.1121511942902     0.022728211064827256      0.11698841885097151       68.448561833894885       3.0381107650010297      0.97830975614696769     0.055366652177585775     0.075809086530264899      0.99977168676944139       2.0066794466889277       9.8600032727422953   2.0865785602017765e-09     0.075809086530264899       493.03393315138277       5.7934714303969193       5.7934714303969193       3020.6373595277864                                                 2515.4754121794354                                              12.128014196968362         21.08790069873578                390.3338630280353                           71.93626445149431                       9.675904973117385
                      14       1515.8990725100666     0.022731181390481359      0.11690559223885899       68.468761747746797       3.0393563948378528      0.97846732653716784     0.055973345438997207     0.078401156745583761      0.99953022023650095        1.994087034049572       9.8533797257456985   2.0891792841466387e-09     0.078401156745583761       492.52455580061087       5.7934714303969193       5.7934714303969193       3020.2112021593393                                                 2515.7640351245791                                              11.922611234149956        21.109110431356726               390.29960573140454                          71.542591645182938                      9.5732479926666461
                       2       1516.1425956473227     0.022574138509821023      0.11661136307556742       68.452684700549824       3.0509185646652717      0.97989987237888154     0.061482007857749703     0.079546367971216669       1.0005548900687748       1.9366320954460858       9.8377783084035446   2.1134749142702925e-09     0.079546367971216669       492.17554664995436       5.7934714303969193       5.7934714303969193       3020.6982484338514                                                 2517.3317999075671                                              11.190901876329889        20.963795099904814               390.71569877777654                           71.48114640790844                      9.0149063643645277
                       2       1518.5489784962638     0.022425988585472567      0.11700295139527581       68.431158174432326       3.0488001695772238      0.97734800654625154     0.061100558540330654      0.05686308412279785       0.9973255888081296       2.1102161290146171       9.9193558709775278     2.10900247825897e-09      0.05686308412279785       494.39235665206252       5.7934714303969193       5.7934714303969193       3025.5110141317336                                                  2520.081122956994                                              11.037534522677184        21.522113408982364               390.63795958943683                          73.920991543240888                      8.3112921104023911
                       8       1518.3669642282882      0.02245654909065543      0.11692593358653013       68.586328227266876       3.0483681761494004      0.97777469577039555      0.06107633177636964     0.047512129317748612      0.99714479296454905       2.1216300142244622       9.8744848751056029   2.1080915998100165e-09     0.047512129317748612        494.2361303191941       5.7934714303969193       5.7934714303969193       3025.1469855957826                                                 2520.3563750815429                                              10.554480195045151        21.485520611522077               390.62734057764311                           73.82310344893979                      8.3001656810891298
                       2       1526.5434762742009     0.022172120529023842      0.11617485008255772       68.773868114725175       3.0540728824227332      0.98233117011487159     0.062379090072916407     0.033720298106968485      0.99990834828282904       2.4770619494247486       9.3314259610075663    2.120152011028492e-09     0.033720298106968485       502.36466779600948       5.7934714303969193       5.7934714303969193       3041.5000096876079                                                 2528.3080016180415                                              10.827340273557043        20.835202273500386               390.97427413137677                          82.228880804339568                       8.326310586792772
                       1        1523.158278992581     0.022296622059183993      0.11568237117341731       68.833852619421464       3.0623741252530161       0.9854577153171068     0.066440921410607159     0.049393373422164516       1.0033405867105116       1.9946758468971546        9.762177796002879   2.1378251607740816e-09     0.049393373422164516       499.94780007957223       5.7934714303969193       5.7934714303969193       3034.7296151243681                                                 2523.8009088498256                                              10.980906194970187        20.365338210348341               392.19602396387381                          78.735623097555489                      8.6508148077945588
                       2       1524.2894593846956     0.022368360280962962      0.11474159995935372       68.942213875327084       3.0569612376643152      0.99072150811913762     0.069993220899462638     0.068551066012334294      0.99814002375253075       1.9226885929281949       9.8356910933747166   2.1262846155091584e-09     0.068551066012334294       506.31352426721736       5.7934714303969193       5.7934714303969193       3036.9919759085974                                                  2518.792750022425                                              11.885701618954728         20.00211699820602               393.49983362794887                          82.813158375242367                       9.998415265820066
                       1       1524.8951033104247     0.022432346066529274      0.11484397408385448       69.278105204083147       3.0646059565625068      0.98386134084204024     0.072762824673196169     0.029060818259160556      0.99942849752971685       2.5052377416524014       9.5955370112550522   2.1426017541947762e-09     0.029060818259160556        499.3024917078414       5.7934714303969193       5.7934714303969193       3038.2032637600555                                                 2524.8149797776464                                              14.085792274567668        20.614635136815821               395.11243613575391                          74.791127096253007                      8.7842933390186939
                       3       1525.4934241102264     0.022792179023071065      0.11388442220859273         69.3909580495569       3.0603777531261014      0.98219231131636275     0.070520369120115764      0.10995219544189846      0.99789324340835917       2.3719695823190263       9.6497907676720498   2.1335615235302323e-09      0.10995219544189846       499.06085229950838       5.7934714303969193       5.7934714303969193        3039.399905359659                                                 2525.7854905096983                                              14.553562550452245         20.99719937897288               393.72477527519487                          72.121386913439054                      12.217490731901604
                       2       1525.8128895704704     0.022891304447928789      0.11386754912697784       69.495306842993941       3.0564630046799937      0.98370145100602036     0.068077097978647721      0.11859413050696782      0.99783459647338635       2.3095186666016563        9.557995435303221   2.1252254942461394e-09      0.11859413050696782       498.99199275488041       5.7934714303969193       5.7934714303969193       3040.0388362801468                                                 2525.8784013393506                                              15.168442185916049        20.827807649456645               392.48894375359538                          72.484975858828903                      13.190265492999449
                       4       1526.4346940056496      0.02278649833315486      0.11381921230121635       69.431350990152112       3.0576912625333383      0.98695747644244824     0.069450798838354283      0.12098897688541546      0.99721207406712831       2.2216486904274508       9.4368327340134872   2.1278374228821388e-09      0.12098897688541546       499.28798648410492       5.7934714303969193       5.7934714303969193       3041.2824451505053                                                 2526.6987205640853                                              15.295738102315251         20.47789762736852               393.08685542569992                          72.783001705028255                      12.940231726008218
                       1       1525.5195081905026     0.022883043247577006      0.11542276448655636       69.407150882040455       3.0710002556195426      0.98833353136241597     0.075284712690372027     0.070121939967508179      0.99571452703413377       1.9115529858412701       9.4763806039547003   2.1563460864261269e-09     0.070121939967508179       498.81659784110326       5.7934714303969193       5.7934714303969193       3039.4520735202113                                                 2528.0679297765691                                              12.567545902539013        20.545834652609983               396.20752554564734                          73.763404968213507                      8.2998326746324302
                       1       1526.2932085165455     0.023071516126316315      0.11540273283333398       69.497513748160983       3.0667635583405519      0.99046268293383888     0.074088780436903007     0.078786703269771982      0.99488182011696746       2.2902594486954184       9.1617492058615113   2.1472296263064947e-09     0.078786703269771982       498.81815719411492       5.7934714303969193       5.7934714303969193       3040.9994741722971                                                 2529.7557079303674                                               12.42560904781543         20.34050936472903                395.3462988507772                          74.559883653463757                      8.5714653251448905
                       1       1527.6241515023776     0.022934317666927127      0.11598888908503004       69.504558434137664       3.0647701286811193      0.99438739308517565     0.074008738136337807     0.044825881452362708      0.99324838952338756       1.7658989013691837       9.3298069976587623   2.1429535385399058e-09     0.044825881452362708       502.93014874325792       5.7934714303969193       5.7934714303969193       3043.6613601439612                                                 2528.2018416647893                                              12.529369735913898        20.064006515950894               395.24950370628437                          79.268862899896419                      8.3477756211262104
                       1       1527.9049323377612     0.022948000199253422      0.11673136124946004       69.367177701746428       3.0623020729374053      0.99171358453978231     0.070681934111670369     0.049677556490843572      0.99406999977412547       1.8535838111424796       9.2938628242313932   2.1376711310700421e-09     0.049677556490843572       500.85163804088518       5.7934714303969193       5.7934714303969193       3044.2229218147286                                                 2532.1782228573629                                              11.193060916480421         20.26510235471153               393.63453859037679                          78.498166346425876                      8.4538307493709937
                       5       1524.5086651928318      0.02291580207941122      0.11663620909816087       69.427136640389364       3.0539083401602483      0.99122742239902795     0.066042484389865611     0.038609847865785668       0.9960024696941453       1.8814355284885713       9.3715651180909507   2.1198031851188742e-09     0.038609847865785668       498.57796556076556       5.7934714303969193       5.7934714303969193       3037.4303875248697                                                 2527.2203976333217                                              11.632024330782427        20.170452366383074               391.66950311333437                          78.225890145866245                      8.5121199351818984
                       5       1523.8168775390568     0.022916505209221168       0.1166029128610859        69.43646470463473       3.0537143114300425       0.9912957133859992     0.065998843096226847     0.039417034154004701      0.99586478901788689       1.8433056814823809       9.6212393357229988   2.1193919222982712e-09     0.039417034154004701       498.46110949294126       5.7934714303969193       5.7934714303969193       3036.0468122173197                                                 2525.8747760530277                                              11.710926671351004        20.171052931043789               391.68825494732226                          78.084961489070523                      8.5168401255046895
                       3       1526.2965987018292     0.022897962931934759      0.11676487394481018       69.382280060760735         3.05211004989695      0.99185635837896435     0.065661781990970641     0.039836651693977716      0.99509903869043048       1.7778295883730764       9.1818030257072714   2.1159945891978154e-09     0.039836651693977716       499.51477783158447       5.7934714303969193       5.7934714303969193       3041.0062545428646                                                 2530.1160365512915                                              11.375440159988454        20.140317295371347               391.61405417401403                          79.221502363978487                      8.5389039982206274
                       4       1524.8652502882694     0.023041761184412535      0.11646586310105793       69.350878652529488       3.0523748760249791      0.99250196424540771     0.066260109648248314     0.062822568075150464      0.99448031272319071       2.1834494043334889        9.118088963122327    2.116555034058749e-09     0.062822568075150464       498.86526549306711       5.7934714303969193       5.7934714303969193       3038.1435577157449                                                 2528.2697229817504                                              11.008569240927223        20.132797842816615               391.73519326641122                          78.329207086721482                      8.6680672971177675
                       5       1524.2581365199624     0.023042195700337234      0.11643646539419417       69.363714642587013       3.0507899361334436      0.99262524242348249     0.065735788365936063     0.061473227077966673      0.99463868956199275       1.7492423475772902       9.4865257354950412   2.1132030785783025e-09     0.061473227077966673       499.12255754462024       5.7934714303969193       5.7934714303969193       3036.9293301791308                                                 2526.7353424548628                                              11.071430179647329        20.102668981847614               391.53010812875664                          78.661589132770516                      8.8281913012454609
                       9       1520.3515458652134     0.023024695137658598       0.1166795583045404       69.202763432434224       3.0500221564503227      0.98928335741202433     0.063278628936045619     0.043953276950406163      0.99682394561926058       1.7829359250493542       9.2553798549059785   2.1115812268803245e-09     0.043953276950406163       497.32823433021633       5.7934714303969193       5.7934714303969193        3029.116148869633                                                 2521.2232303273486                                              10.564684212068148        20.275115733569976               390.95285187368262                          77.659723796765178                      8.4405429261985088
                       3       1517.7646634606408     0.022967278807025565      0.11615959078161323       68.870410457600002       3.0367354108439795      0.98385805549936878     0.060165842272202522     0.049453664521674857      0.99424370835269937       2.2403459667658452       9.9043513979768001   2.0837107482855742e-09     0.049453664521674857       496.98011740531354       5.7934714303969193       5.7934714303969193       3023.9423840604877                                                 2516.0175111928675                                              10.944755462307107        20.633503442185088               390.41249010796167                           76.79946764637657                      9.1346562087902008
                       8       1517.5081616230518     0.022977409474000978      0.11612347806746603       68.924258454066234       3.0295112733288891      0.98291242781628652     0.055835730790700588     0.044577435264007176      0.99461503918107841       2.2652486119887367       9.9584071499123699   2.0687119771208156e-09     0.044577435264007176       497.53084014018651       5.7934714303969193       5.7934714303969193       3023.4293803853097                                                 2515.0416791193225                                              10.856861125800068        20.700250748472456               390.50359459962857                          76.789565131786532                      9.5374296602989688
                       6       1518.6532959007109     0.022977714808183725      0.11616476991249595       68.910552927941609       3.0299356316646464      0.98274007408745145     0.056129810979569733     0.045284849101515805      0.99492155420819661       2.6138272921725658       9.9903371582456177   2.0695900385857621e-09     0.045284849101515805       497.61152785965845       5.7934714303969193       5.7934714303969193       3025.7196489406278                                                 2517.2217923470575                                              10.886328733911702        20.689557046643131               390.42204577495909                           76.81102393951825                      9.6889010985379791
                       1       1519.6853496390645     0.023056094608996769      0.11601647570654619       68.888798813812798       3.0325415393814934      0.98293843295675354     0.057058030615546207      0.06020745702095031      0.99380903210524207       2.5132396566567907       9.7610800613948641    2.074990232385421e-09      0.06020745702095031       498.99193165005568       5.7934714303969193       5.7934714303969193       3027.7837564173351                                                 2517.7505410247541                                              11.041283742524913        20.813615450056091               390.28963018376794                          78.637968120577028                      9.2507178956546134
                       4       1521.9197363226785      0.02306594433324391      0.11621093943412507       68.810252242213522       3.0331559120103142       0.9833486017074935     0.057710249814700965     0.064048219813891069      0.99642303388616338       2.5165472450782476       9.7347078991365645   2.0762654412758771e-09     0.064048219813891069       502.68817443700937       5.7934714303969193       5.7934714303969193       3032.2525297845632                                                 2518.1699576829956                                              11.394397664558603         20.53936412942744               390.33257890595917                          81.124516507283474                       10.69171489433926
                       1       1520.1620448536594     0.023026699114684874      0.11628433039631332       68.820816797815141       3.0355892051058202      0.98303853021837773      0.05761684257744884      0.05215966878059658      0.99574421357452825       2.1727273788042494       9.0231976320186078   2.0813237553230739e-09      0.05215966878059658       497.84777998826388       5.7934714303969193       5.7934714303969193       3028.7371468465249                                                 2519.5514280884822                                              11.337938769778173        20.710850742207867               390.29515530059945                          77.791538140390713                      9.0502358050658334
                       1       1518.2740217018261     0.023009633934700565      0.11632676279971413       68.778919723933143        3.033728600950464      0.98380400171105387     0.056772675506361767     0.054532996734767518      0.99581514410151606       2.3876978050138669       9.7094363580873555   2.0774548360750269e-09     0.054532996734767518       498.01223136329867       5.7934714303969193       5.7934714303969193       3024.9611005428583                                                 2515.4859942113981                                              11.462874968161657        20.601297711246843                390.3880281657033                          77.773278957124475                      9.2496265292240381
                      12       1518.5466793645714     0.022804370596650324      0.11678265854394243       68.704286840584317        3.031365553619136      0.98127226823952807     0.056051386505657309     0.012368574707561329        0.995480967298917       2.0100176827091061       9.5060478133737067   2.0725515076489403e-09     0.012368574707561329       496.37091531836882       5.7934714303969193       5.7934714303969193        3025.506415868349                                                 2517.5311178751176                                              11.604382674862334        20.793099050916226               390.44301535161225                          76.601529594045445                      8.5332713217949312
                       3       1517.2685820148188      0.02281069563713856      0.11681565634064574       68.685389800916511       3.0293245096244004      0.98168866389761733     0.054953097239143718     0.013892120453455172      0.99484550263972604       2.3432165391901196       9.8889112072361929   2.0683256528852439e-09     0.013892120453455172       496.53072636498342       5.7934714303969193       5.7934714303969193       3022.9502211688437                                                 2514.6831831566028                                              11.736311647257837        20.784486258208005               390.60168046328766                          76.676643553560311                      8.4679160899274137
                       2       1516.8235351656042     0.022833980875138295      0.11682488885624963       68.743407291791556       3.0286915905234881      0.98106649737815477     0.054231041512798159     0.016378291886462441      0.99505124950818669       2.3617711319206718       9.8759611281380977   2.0670169842569981e-09     0.016378291886462441       496.16326632811746       5.7934714303969193       5.7934714303969193       3022.0601274704145                                                 2514.4439038768351                                              11.452957265461773        20.868907982891642               390.72096447123408                          76.035167852447913                      8.5382260215438439
                       1       1518.2257861799283     0.022846006063788015      0.11679541517745939       68.760349476544576       3.0280933853891141      0.98106347976396957      0.05408714825203835     0.016349174243438166       0.9938871404123566       2.1442658170377751       9.5702050832017349   2.0657808538508175e-09     0.016349174243438166       497.23640670916456       5.7934714303969193       5.7934714303969193       3024.8646294990626                                                 2516.2191852992314                                              11.409037490667057        20.958083977850549               390.72180861230731                           77.17739588969205                      8.3791182293146402
                       4       1518.6819527844355     0.022890959994783203      0.11714165872413129       68.697297441328331       3.0287716813210097      0.97966360943716924     0.053755674507041315     0.012661120555704685      0.99551982222605873       2.2514088592343624       9.5289185435354558   2.0671825399254123e-09     0.012661120555704685       496.91842955568865       5.7934714303969193       5.7934714303969193        3025.776962708077                                                 2516.7141099179134                                                12.1444232344748        21.018181826330817               390.78463584177598                          76.659641242441282                      8.4559706451405408
                       1       1518.2933626360464     0.022856647284364387      0.11695076093953002        68.62784206497858       3.0315122003524997      0.97959393458385347     0.054646095297726398     0.020776010972165502       0.9963717665278824       2.2035916185315756       9.5687857748602188   2.0728554628437388e-09     0.020776010972165502       496.62351968509819       5.7934714303969193       5.7934714303969193       3024.9997824112988                                                 2516.0578768645623                                                12.3183858616382        21.009596659155534                390.5679147350898                          76.584818862346324                      8.4611894285065521
                       1       1516.2675791603795     0.022848798252584387       0.1166114802806731       68.956489680338393       3.0324163538399382      0.98020413459153111     0.054165219026843459    0.0015269346993744722      0.99650028344095887       2.2956160765181162       9.7237895647274524   2.0747304898678011e-09    0.0015269346993744722       496.13521867868377       5.7934714303969193       5.7934714303969193        3020.948215459965                                                 2514.0027102107233                                              10.810286570558066        21.042293924873775               390.68325738017813                          76.062145774551524                      8.3475215990803502
                       2       1516.2001941665794     0.022882279304105916      0.11652883064544316        68.96667040917302       3.0341725914934599      0.98083655022011373     0.055364316209452286    0.0082733933560936689      0.99709183031733584       2.2680070904603564       9.6970252321031811   2.0783774111678982e-09    0.0082733933560936689       495.75733057898793       5.7934714303969193       5.7934714303969193       3020.8134454723649                                                 2514.2342753233961                                              10.821839569981199        20.916445470003225               390.48008744356673                          75.891492417971435                      8.4693052474465009
                       1       1517.4880172210271      0.02290453384474234       0.1167011242551743       68.992550325363382        3.032202455278513      0.97941292485284248     0.054034143512739025    0.0048588588772708937      0.99708157472853587        2.094961994615633        9.347259151528851   2.0742867554594409e-09    0.0048588588772708937       495.91018813661907       5.7934714303969193       5.7934714303969193       3023.3890915812603                                                 2516.6659603284202                                              10.812943116220438        21.096123872465114               390.73337538068336                          75.584842945330621                      8.4958459381400022
                       2       1518.5954552577616     0.022848188075204341      0.11740690360859252       68.481540778272887        3.040628219873946      0.97780253623992219     0.056633293386645037     0.033758795726978527      0.99773904790297852       2.0869017056700461       9.2058615452180081   2.0918380450460549e-09     0.033758795726978527       495.12693434095149       5.7934714303969193       5.7934714303969193       3025.6039676547293                                                 2516.9711527755903                                              13.505880538187069        21.372176707410347               390.25055927784905                          75.262208297311432                      8.2419900583806829
                       1       1516.3606576900395      0.02268066236839936      0.11762946862244375       68.415491717829951       3.0404994215181556      0.97677559135002368     0.056783268552035068     0.014132767467038575      0.99828869414144927       2.3886669784930086       9.7501317170819419   2.0915686370952959e-09     0.014132767467038575        493.5247937321007       5.7934714303969193       5.7934714303969193       3021.1343725192851                                                 2514.1982784756042                                              13.411300311579977         21.39482576883006               390.23309205819561                          73.636362858856074                      8.2605130462189216
                       1       1515.6286659393379     0.022647832349812519      0.11750761799055749       68.411536468720541       3.0399762557393886      0.97526610319255624     0.055302953863459348     0.014388450823326257      0.99981796515965682       2.2306954407021578       9.9074745836353859   2.0904746861442276e-09     0.014388450823326257       493.17165979615936       5.7934714303969193       5.7934714303969193       3019.6703890178819                                                  2513.337151511384                                              13.161577710338658        21.554774455432039                390.3351260935288                          73.050433482805374                      8.2313257643931621
                       1       1515.2136433475127     0.022624445098933237      0.11753484670465136       68.410259411191973       3.0367059921747042      0.97767850669717105     0.053815299667641175     0.020469155310408611      0.99899851791154415       2.0362820317074624       9.8720881550630217   2.0836494491898785e-09     0.020469155310408611       493.41018637122386       5.7934714303969193       5.7934714303969193       3018.8403438342316                                                 2512.5256875812438                                              12.904469881763793        21.241907931260471               390.60423373495979                          73.292660830963356                      8.2713838740402288
                       9       1514.8707195102884     0.022571741410041583      0.11682099394108067       68.727818741008122         3.05148836983745      0.97663915933575685     0.060370410362403232     0.031712062536770724       1.0012828029922627       2.0205658454914031       9.8261773023424883   2.1146795263722238e-09     0.031712062536770724       490.73063152550952       5.7934714303969193       5.7934714303969193       3018.1544961597829                                                 2516.9034518147105                                               10.52041281956267        21.474547441504228               390.44432268673881                          70.540972499036499                      8.2707888982299718
                       2        1515.824477870993     0.022578350492373105      0.11651613437630491       68.805624328948028       3.0519519616784496      0.97821865658989193     0.060999651456761166     0.040329563756641401       1.0027135996531387       1.9753532193136913       9.8085084461263303    2.115660101822806e-09     0.040329563756641401       492.18612032486971       5.7934714303969193       5.7934714303969193        3020.062012881192                                                 2517.4752759929706                                              10.400616563352134        21.114899214603383               390.54928202766246                          71.788028632195278                       8.733910450408608
                       6       1514.8127728880038     0.022632651405891172      0.11633083616000456       68.872737537777581       3.0495026037434467      0.97868756515747724     0.060214842540460126     0.041251410791816399       1.0012270955024958        1.775689478838901       9.9401363053647565   2.1104844340836153e-09     0.041251410791816399       491.18096524902484       5.7934714303969193       5.7934714303969193       3018.0386029152137                                                 2516.4148143251518                                              10.442823341037169        21.159378668067575               390.42310656799395                           70.96457415165851                      8.6339058613048305
                       1       1514.7439080367305     0.022642066255220535      0.11641091098825553       68.995519463846634         3.04344079888262      0.97796713640179422     0.057544207832633316     0.030447461874728549       1.0000092084802794       1.8541456494744504       9.9534872867792394   2.0977297864312352e-09     0.030447461874728549       490.92067587102844       5.7934714303969193       5.7934714303969193       3017.9008732126672                                                 2516.4008112909492                                              10.579386050690021        21.291796862537183               390.20945814765082                          70.756047328399021                      8.6633735324414207
                       5       1515.6891315250095     0.022726693766532011      0.11644152277274111       69.012002360207774       3.0420969974322203      0.97819583218870121     0.056980692414752454     0.033884386100220737       1.0003571581979478       1.9691776461020309        9.579528295758589    2.094912747296238e-09     0.033884386100220737       491.35077903495039       5.7934714303969193       5.7934714303969193       3019.7913201892252                                                  2517.906647789162                                              10.533893365112718        21.210170029189271                 390.193443244425                          71.014978087266314                      8.9321876740698496
                       3       1517.7252665804742     0.022577454117738663      0.11632126826792612       68.966605530929073         3.04575013296476      0.97700536482134059     0.058178333366463726     0.029253435676259439       1.0029196196531658       1.6373849470962989       9.7201521212284163   2.1025797432520416e-09     0.029253435676259439       492.14965792266594       5.7934714303969193       5.7934714303969193       3023.8635903001546                                                 2521.1010553244837                                              10.612877053004949        21.203300834299341               390.21645672129983                           71.45073438763103                      9.2791659794357155
                       2       1516.2438378332647     0.022577959697917642      0.11634397506283817        68.95468248368644       3.0462598340712694      0.97691794832233192     0.058509216181238152     0.029890083785408476       1.0028477696208102       2.2669164310535685       9.7082943181160726   2.1036517036401919e-09     0.029890083785408476       492.19238246620716       5.7934714303969193       5.7934714303969193       3020.9007328057355                                                 2518.1286881445526                                              10.579662194975722        21.219180387567064               390.24450680995318                          71.486536410409968                      9.2421588582769854
                       1       1514.8129697580343     0.022595800589888901       0.1162431376315292       68.988460074882028       3.0464099921656418      0.97625919693950614     0.058522786401247563     0.029911199336547702       1.0015770391942103       2.2794915475802568       9.9131346639794042   2.1039676076884149e-09     0.029911199336547702         490.557138354995       5.7934714303969193       5.7934714303969193       3018.0389966552748                                                 2516.8155566741229                                               10.66630162615672        21.463846032780452               390.25000155570427                          70.037509355087167                      8.8057814114231423
                       4        1514.678563708577     0.022600163928277194      0.11608433575161343       68.983380857299338       3.0468856502897057      0.97718745167944043     0.059895249202666978     0.026356240193727599       1.0000993287849855       2.2538635058155898       9.9308010048292683   2.1049686150235417e-09     0.026356240193727599       491.45643006042303       5.7934714303969193       5.7934714303969193       3017.7701845563602                                                   2515.61333101216                                              10.700423483777392        21.406698325967398               390.36379262716684                          71.115546405699675                      8.5703927015891477
                       1       1515.1939790248375     0.022660066675010526      0.11621848123375622       68.910661101668268       3.0403309958894131      0.97982417647014175      0.05925809258208671     0.042841220448082452      0.99719510351997176       2.2674420458019968        9.905957427034723   2.0912163929968348e-09     0.042841220448082452       492.01637301961841       5.7934714303969193       5.7934714303969193       3018.8010151888811                                                 2516.3032741870306                                              10.481367982231857        21.041798005056364               390.35051445841447                          71.484533139204032                      9.1395274169435829
                       2       1515.1630396700516     0.022613306428490146      0.11589359498310489       68.997203844902785       3.0349326001889474      0.98225949797357781     0.056956857866705742     0.040735223974182784      0.99724099790072318       2.2281630750407877       9.9273640535828598   2.0799575964741162e-09     0.040735223974182784       493.50913901353471       5.7934714303969193       5.7934714303969193       3018.7391364793093                                                 2514.4446572409984                                              10.785340224775732        20.701887961184582               390.35453168305298                          72.626125991054579                      9.8265933782425439
                       6       1516.4008735021027     0.022620222038986067      0.11592124332750103       68.998289034744417       3.0351329953166957      0.98225487094817643     0.056967791041400331      0.04034036752999403      0.99914515304817053       2.2269971925635832       9.9180366103713418   2.0803744516088461e-09      0.04034036752999403       496.04970810949175       5.7934714303969193       5.7934714303969193       3021.2148041434116                                                 2514.3978776134136                                              10.767218420506222        20.564354035915187               390.37650107442198                          74.281149552625706                       10.82770344652886
                       4       1515.8771873585149     0.022616400503016356      0.11581162123623197         69.0627810777153       3.0349071088595676      0.98190722933996377      0.05625249739736337     0.038294411236330983       0.9993767441607655       2.4538164508908809       9.9985175107726754   2.0799045762657088e-09     0.038294411236330983       494.69917017208485       5.7934714303969193       5.7934714303969193       3020.1674318562359                                                 2514.4211317850782                                               11.04712989907304        20.627374421457262               390.43909940424157                          72.938404389784665                      10.694291956601377
                      13       1516.1198407481711     0.022599848635180074      0.11620089019721332       68.860512916439816       3.0416204816317762      0.98103670617266248     0.056133973401016939     0.044924111829893504      0.99929224843832976       2.3786543142604275        9.931246298655072   2.0939147260769243e-09     0.044924111829893504       494.74062462067599       5.7934714303969193       5.7934714303969193       3020.6527386355483                                                 2515.4622320893382                                              10.449881925533816        20.972524117862804               390.33789354254469                          74.872859991487019                      8.5573469687814701
                       1       1515.3795440404997     0.022758522409006502      0.11687062235244389       68.569787834220691       3.0419909457843182      0.97877417592334948     0.057254382140608961     0.063332713265426804       1.0000990504290472       2.4183653374617289       9.9196899184216321   2.0946905901274514e-09     0.063332713265426804       493.15194191745468       5.7934714303969193       5.7934714303969193       3019.1721452202055                                                 2514.4832475325534                                              11.536955770197798        21.061638749739927               390.23194528020144                          72.695298639410026                      9.1630592481032895
                       8       1516.8380051910087     0.022701472555625903      0.11723894122513916       68.545658919877397       3.0416593526124567      0.97899737158607236     0.056977044934137855     0.048099223070267386      0.99794400180916931        2.810812008786804       9.8378979031296367   2.0939961201777124e-09     0.048099223070267386       492.49132045647247       5.7934714303969193       5.7934714303969193       3022.0890675212236                                                 2517.8936330152906                                              11.704114049460426        21.214496456980726               390.21199222715569                          72.712923527446947                      8.3519082448890813
                       3       1518.2123793303881     0.022854983803125145      0.11751894576083048       68.536180936451544       3.0416940968034387      0.98050684942750455      0.05645307147315607     0.042056899198912957      0.99771951294504402       2.7355066316728518       9.7045730143316771   2.0940688756427351e-09     0.042056899198912957       494.78627161420627       5.7934714303969193       5.7934714303969193       3024.8378157999823                                                 2517.1724751922984                                              12.879068993477812        21.083393844473846               390.34614399202604                          75.064938246408687                      8.2917955312976623
                       5        1516.950850239984     0.022805280887689006       0.1174355174754661       68.549353962195696       3.0407925035708963      0.98108595849442082     0.055876873182663662     0.039842017586083557      0.99729606321695863       2.4553489551036445       9.7848655954847157   2.0921817281635099e-09     0.039842017586083557       495.67460420750734       5.7934714303969193       5.7934714303969193       3022.3147576191741                                                 2514.1956530128773                                              12.444500398789257        21.046838745146715               390.38688583519007                          75.921771701455114                      8.3191079257154783
                       1       1519.2039902424167     0.022827939858622692      0.11728007954524146       68.469551829844065       3.0421847114669176      0.98054654915024053     0.056020195901545479     0.057526997520192032        1.002262631261239        2.408964835349432       9.8196786777851379   2.0950965086047472e-09     0.057526997520192032       499.27147875271976       5.7934714303969193       5.7934714303969193       3026.8210376240395                                                  2514.575497523288                                              12.974061348031865        20.740244487608322                390.4020760488209                          79.064491528245583                      9.0646666880449267
                       3        1519.194890737876      0.02263350982104876      0.11631720683080109       68.865732887594234       3.0607996623503757      0.97370881161187361     0.063524408934176602     0.012461322789218222       1.0033723280886757       1.8649157972935848       9.4229524003197049   2.1344618827391389e-09     0.012461322789218222       493.71713498107744       5.7934714303969193       5.7934714303969193       3026.8028386149581                                                 2522.5048821513374                                              10.580821482543794        22.037360590419837               391.19215620020748                          72.270989993697867                      8.2166281967522288
                       3        1518.367521887486     0.022853119257183609      0.11607128213815808        68.74913401711207       3.0539419074700325      0.97820536233117061     0.060616579417521223     0.068271175711579202       1.0021795886912044       2.2026250929210507        9.311942633183639   2.1198743424033434e-09     0.068271175711579202       494.11054718639753       5.7934714303969193       5.7934714303969193        3025.148100914178                                                 2520.1886060899865                                              10.848947637794518        21.338666883379972               390.45485131145068                          73.766252777184121                      8.5507762143827204
                       2       1518.1522682159866     0.022823532226042435      0.11594516779115506       68.724239951974539       3.0543038365544501      0.97916498655483231     0.061249746791552921       0.0719776708985196       1.0019549308821505       2.1788398842868006       9.3263048100205665   2.1206417254439139e-09       0.0719776708985196       493.89026900007656       5.7934714303969193       5.7934714303969193       3024.7175935711793                                                 2520.0096415914459                                              10.817682979656979        21.200559061758725               390.53561187802524                          73.526328213945803                      8.6277698463467658
                       2       1521.4732506063647     0.022800675621677501      0.11601937752289546        68.72851579392848       3.0546880371352767      0.97913153219314297     0.061175265982212339     0.066504969884580156       1.0058268665222958       2.1885955300763635       9.3166228592643101   2.1214566337606546e-09     0.066504969884580156       500.28031461632179       5.7934714303969193       5.7934714303969193       3031.3595583519354                                                 2520.2896570786661                                              10.789586656947739        20.869820279732778               390.55238558833582                          79.083511646891225                      9.7745971013619588
                       1       1519.8303278739077     0.022787531932199605      0.11597667569316411       68.831265512734916       3.0640703688089608      0.97761786856990696     0.066132632067910258     0.059493998955769532       1.0022688840024745       1.3870500608133569       9.7771331036195441    2.141454510186848e-09     0.059493998955769532       494.38470712593659       5.7934714303969193       5.7934714303969193       3028.0737128870214                                                 2523.1238442208682                                              10.565161540216565        21.523813844586641               392.03307144762749                          72.573230807016046                      8.2545910267063878
                       2       1521.5030776943036     0.022793737120513118      0.11646685519364856       68.772101760440577       3.0631998802456861      0.97153890409553745     0.063396963037402665      0.04408623784840919       1.0042185636365135       2.7902457294781184       9.5834358484900761   2.1395912096355271e-09      0.04408623784840919       495.84591112298142       5.7934714303969193       5.7934714303969193       3031.4192125278132                                                 2524.7472732968636                                               10.82602810796854        22.482702312396725                391.1575829710813                          73.989042715986443                      8.2165831235169637
                       6       1521.9903616013362      0.02279241716877663      0.11609784770698535       69.156257387673165       3.0558673785686365      0.97081616526652303      0.05989287135924562     0.027838672883020141       1.0037372001083755       2.8102002337030569       9.3890630297085007   2.1239600313580268e-09     0.027838672883020141       495.84072292230383       5.7934714303969193       5.7934714303969193       3032.3937803418785                                                 2525.6486650254515                                              10.904392394123128        22.647757598257613               390.26688765712146                          74.618887230340434                      8.3071904365843068
                       2       1518.8447247945205     0.022745803307362051      0.11632561139314872        69.27404870533276       3.0542328284525326      0.97019446240140661      0.05949780229052079    0.0026339869723567833       1.0047077325905855       2.4477586621073906       9.6552980471095662   2.1204911480463139e-09    0.0026339869723567833       493.15615968232021       5.7934714303969193       5.7934714303969193       3026.1025067282471                                                 2521.5969317535778                                              11.349415292349182        22.549869089971594               390.22228776005829                          71.973097853591355                      8.4109049786989374
