#        weight    minuslogpost        omegabh2        omegach2              H0            logA              ns             tau             mnu              As   minuslogprior minuslogprior__0            chi2 chi2__sbt_spt_audit.likelihoods.candl_cobaya.CandlCobayaLikelihood chi2__sbt_spt_audit.likelihoods.desi_dr2_bao.DESIDR2BAOGaussian
              9       821.81383     0.022389384      0.11698077       69.237462       3.0661987      0.93760499     0.035349667    0.0054340944    2.146017e-09        2.104592         2.104592       1639.4185                                                          1627.1875                                                       12.230936
              4       822.39053     0.022479227      0.11664695       69.146803       3.0676016      0.93591591     0.035676092     0.047090479   2.1490298e-09        2.104592         2.104592       1640.5719                                                          1628.9021                                                       11.669829
              2       770.31042     0.022479227      0.11664695       69.146803       3.0450811      0.95168185     0.035676092     0.047090479   2.1011736e-09        2.104592         2.104592       1536.4117                                                          1524.7418                                                       11.669829
              2       768.87283     0.022489427      0.11686915       69.076818       3.0441723      0.94965281     0.034650766     0.035343471   2.0992648e-09        2.104592         2.104592       1533.5365                                                          1522.4974                                                       11.039099
             10       746.47855     0.022489427      0.11686915       69.076818       3.0421069      0.94671686     0.034650766     0.035343471   2.0949334e-09        2.104592         2.104592       1488.7479                                                          1477.7088                                                       11.039099
             10       746.16772     0.022489427      0.11686915       69.076818        3.041955      0.94680407     0.034650766     0.035343471   2.0946152e-09        2.104592         2.104592       1488.1263                                                          1477.0872                                                       11.039099
              1       746.59385     0.022505186      0.11711657       69.085537       3.0415619      0.94565553     0.033915158     0.024859963    2.093792e-09        2.104592         2.104592       1488.9785                                                           1478.086                                                       10.892558
              1       737.99404     0.022505186      0.11711657       69.085537       3.0370776      0.94824133     0.033915158     0.024859963   2.0844239e-09        2.104592         2.104592       1471.7789                                                          1460.8863                                                       10.892558
             12       737.12946     0.022505186      0.11711657       69.085537       3.0505883      0.93143025     0.033915158     0.024859963    2.112777e-09        2.104592         2.104592       1470.0497                                                          1459.1572                                                       10.892558
              3       731.76643     0.022201399      0.11677169       68.336836       3.0642435      0.94192296     0.044377746      0.10184884   2.1418254e-09        2.104592         2.104592       1459.3237                                                          1448.8242                                                       10.499467
              2       726.29783     0.022201399      0.11677169       68.336836       3.0604868      0.94448357     0.044377746      0.10184884   2.1337941e-09        2.104592         2.104592       1448.3865                                                           1437.887                                                       10.499467
              4       725.83829     0.022201399      0.11677169       68.336836       3.0605752      0.94408502     0.044377746      0.10184884   2.1339829e-09        2.104592         2.104592       1447.4674                                                          1436.9679                                                       10.499467
              3       724.94188     0.022215356      0.11706201       68.421295       3.0616691      0.94263405     0.044311708     0.077470517   2.1363185e-09        2.104592         2.104592       1445.6746                                                           1435.244                                                       10.430544
              9       716.16661     0.022215356      0.11706201       68.421295       3.0547438      0.94726625     0.044311708     0.077470517    2.121575e-09        2.104592         2.104592        1428.124                                                          1417.6935                                                       10.430544
              1       712.95736     0.022215356      0.11706201       68.421295       3.0509942       0.9503481     0.044311708     0.077470517   2.1136347e-09        2.104592         2.104592       1421.7055                                                           1411.275                                                       10.430544
              2       712.63985      0.02205553      0.11802414       68.421861        3.049555       0.9532231     0.043792051      0.01618548   2.1105951e-09        2.104592         2.104592       1421.0705                                                          1410.5542                                                       10.516327
              6       710.62438      0.02205553      0.11802414       68.421861       3.0531804      0.94479628     0.043792051      0.01618548   2.1182606e-09        2.104592         2.104592       1417.0396                                                          1406.5232                                                       10.516327
              1        704.1744      0.02205553      0.11802414       68.421861       3.0435176      0.95292531     0.043792051      0.01618548    2.097891e-09        2.104592         2.104592       1404.1396                                                          1393.6233                                                       10.516327
              5       704.62364      0.02205553      0.11802414       68.421861       3.0443291      0.95065827     0.043792051      0.01618548   2.0995941e-09        2.104592         2.104592       1405.0381                                                          1394.5218                                                       10.516327
              2       704.58314     0.022045993      0.11810288       68.447125       3.0444291      0.95060439     0.043802416    0.0066483192    2.099804e-09        2.104592         2.104592       1404.9571                                                          1394.4788                                                        10.47831
              2       700.41004     0.022045993      0.11810288       68.447125       3.0344571      0.95996967     0.043802416    0.0066483192   2.0789689e-09        2.104592         2.104592       1396.6109                                                          1386.1326                                                        10.47831
              5       698.90228     0.022045993      0.11810288       68.447125       3.0220918      0.97132034     0.043802416    0.0066483192     2.05342e-09        2.104592         2.104592       1393.5954                                                          1383.1171                                                        10.47831
              5       699.24198     0.022127134      0.11724282       68.291784       3.0234249      0.97030028     0.044874918     0.069170056   2.0561593e-09        2.104592         2.104592       1394.2748                                                          1383.5587                                                        10.71611
              7       699.22696     0.022114614      0.11720345       68.305063       3.0223645      0.97076385     0.044527828     0.066912192   2.0539801e-09        2.104592         2.104592       1394.2447                                                          1383.6069                                                       10.637865
              4       698.77498     0.022160684      0.11708648       68.482901       3.0235408      0.96968985     0.044833808     0.056598606   2.0563975e-09        2.104592         2.104592       1393.3408                                                          1383.0276                                                       10.313203
              2       698.71276     0.022155773      0.11712485       68.429667       3.0227138      0.96948075     0.044381495     0.058021744   2.0546977e-09        2.104592         2.104592       1393.2163                                                          1382.8265                                                       10.389822
              4       698.02155     0.022127995      0.11761742       68.523805        3.021061      0.96890069     0.043066433     0.017730036   2.0513044e-09        2.104592         2.104592       1391.8339                                                          1381.4896                                                       10.344287
             13       698.35283     0.022127995      0.11761742       68.523805        3.020357      0.97133579     0.043066433     0.017730036   2.0498609e-09        2.104592         2.104592       1392.4965                                                          1382.1522                                                       10.344287
              2       698.31705     0.022167064      0.11729775       68.170436       3.0273642      0.96983916     0.046540347     0.073586664    2.064275e-09        2.104592         2.104592       1392.4249                                                          1380.9538                                                       11.471145
              3       701.25034     0.022167064      0.11729775       68.170436       3.0430946      0.95716371     0.046540347     0.073586664   2.0970036e-09        2.104592         2.104592       1398.2915                                                          1386.8203                                                       11.471145
             16       701.09995     0.022175343      0.11737009       68.170496       3.0439537      0.95658137     0.046760804       0.0703073   2.0988059e-09        2.104592         2.104592       1397.9907                                                          1386.4249                                                       11.565812
             16       702.31951     0.021991175      0.11717729       68.183681       3.0450052      0.96464055     0.049656625     0.071926324    2.101014e-09        2.104592         2.104592       1400.4298                                                          1389.6687                                                       10.761157
              2       701.31344     0.022028042      0.11736552       68.075619       3.0532177      0.96165854     0.052955852     0.071167136   2.1183396e-09        2.104592         2.104592       1398.4177                                                          1386.8879                                                       11.529802
              4         700.536     0.022028042      0.11736552       68.075619       3.0408256      0.97489421     0.052955852     0.071167136    2.092251e-09        2.104592         2.104592       1396.8628                                                           1385.333                                                       11.529802
              1         698.715     0.022028042      0.11736552       68.075619       3.0335804      0.97661451     0.052955852     0.071167136    2.077147e-09        2.104592         2.104592       1393.2208                                                           1381.691                                                       11.529802
             11       698.37461     0.022028042      0.11736552       68.075619       3.0398695      0.97027391     0.052955852     0.071167136   2.0902515e-09        2.104592         2.104592         1392.54                                                          1381.0102                                                       11.529802
             14       697.90007     0.022333998      0.11784362       68.509456       3.0696209        0.957178     0.063755836     0.021345688   2.1533739e-09        2.104592         2.104592       1391.5909                                                          1380.7556                                                       10.835318
              1       698.23971     0.022333998      0.11784362       68.509456       3.0748207      0.95272444     0.063755836     0.021345688      2.1646e-09        2.104592         2.104592       1392.2702                                                          1381.4349                                                       10.835318
              3        698.6196     0.022333998      0.11784362       68.509456        3.073997      0.95557048     0.063755836     0.021345688   2.1628178e-09        2.104592         2.104592         1393.03                                                          1382.1947                                                       10.835318
              3       698.22833     0.022333998      0.11784362       68.509456       3.0653182      0.96042189     0.063755836     0.021345688   2.1441283e-09        2.104592         2.104592       1392.2475                                                          1381.4122                                                       10.835318
             11       698.48958     0.022333998      0.11784362       68.509456       3.0694514      0.95535256     0.063755836     0.021345688   2.1530088e-09        2.104592         2.104592         1392.77                                                          1381.9347                                                       10.835318
              2       698.92742     0.022333998      0.11784362       68.509456        3.060735      0.96589573     0.063755836     0.021345688   2.1343239e-09        2.104592         2.104592       1393.6457                                                          1382.8103                                                       10.835318
              6       699.01301     0.022194776      0.11721251        68.32354       3.0460308       0.9740094     0.059009723     0.071967796   2.1031699e-09        2.104592         2.104592       1393.8168                                                            1383.07                                                       10.746796
              1       698.43111     0.022073035      0.11767726       68.268699       3.0427162      0.97473436     0.057667744     0.021390328   2.0962103e-09        2.104592         2.104592        1392.653                                                          1381.5667                                                       11.086348
              5       698.40025     0.022073035      0.11767726       68.268699       3.0428363      0.97457989     0.057667744     0.021390328   2.0964622e-09        2.104592         2.104592       1392.5913                                                           1381.505                                                       11.086348
              1        698.3606     0.022068138      0.11741272       68.334901        3.040917      0.97557283     0.057176915      0.02512925   2.0924423e-09        2.104592         2.104592        1392.512                                                          1381.8341                                                       10.677883
              4       697.73876     0.022068138      0.11741272       68.334901       3.0444316      0.97173963     0.057176915      0.02512925   2.0998093e-09        2.104592         2.104592       1391.2683                                                          1380.5905                                                       10.677883
              7       697.48607     0.022131299      0.11727505       68.352177       3.0450376      0.96994544     0.057028115     0.035875919   2.1010822e-09        2.104592         2.104592       1390.7629                                                           1380.075                                                       10.687922
              5       697.49442     0.022129859      0.11727659       68.352519       3.0449643      0.96997983     0.057002937     0.035478063   2.1009281e-09        2.104592         2.104592       1390.7797                                                          1380.0941                                                       10.685519
              1        697.6503     0.022084896      0.11741181       68.351242       3.0469019      0.97133134     0.058257647     0.027330639   2.1050028e-09        2.104592         2.104592       1391.0914                                                          1380.4444                                                        10.64697
              1       700.00891     0.022370954      0.11801818       68.244864       3.0698999      0.95975798     0.065822086     0.048543379   2.1539747e-09        2.104592         2.104592       1395.8086                                                          1383.2435                                                        12.56517
              6       700.02234     0.022370954      0.11801818       68.244864       3.0725732      0.95628358     0.065822086     0.048543379   2.1597406e-09        2.104592         2.104592       1395.8355                                                          1383.2703                                                        12.56517
              2       699.70373     0.022368156      0.11791156       68.287897       3.0715956       0.9566399     0.065522591     0.047059707   2.1576302e-09        2.104592         2.104592       1395.1983                                                          1383.0497                                                        12.14861
              6       702.35064     0.022368156      0.11791156       68.287897       3.0891865      0.94164033     0.065522591     0.047059707   2.1959208e-09        2.104592         2.104592       1400.4921                                                          1388.3435                                                        12.14861
             10       702.46616      0.02237492      0.11794688       68.316981       3.0886803      0.94005453     0.065001749     0.029227006   2.1948095e-09        2.104592         2.104592       1400.7231                                                          1388.5225                                                       12.200639
              4       699.68578      0.02237492      0.11794688       68.316981       3.0757496      0.95339516     0.065001749     0.029227006   2.1666116e-09        2.104592         2.104592       1395.1624                                                          1382.9617                                                       12.200639
              6       697.92017     0.022419533      0.11679488        68.57595       3.0493023      0.95812443     0.053414703     0.077090403   2.1100617e-09        2.104592         2.104592       1391.6312                                                          1381.2594                                                        10.37179
              1       697.96341     0.022419533      0.11679488        68.57595       3.0451828      0.96233641     0.053414703     0.077090403   2.1013872e-09        2.104592         2.104592       1391.7176                                                          1381.3458                                                        10.37179
              5       698.04744     0.022395334      0.11678474       68.561342       3.0469844      0.96333805     0.054602966      0.07910572   2.1051765e-09        2.104592         2.104592       1391.8857                                                          1381.5262                                                       10.359492
              1       700.63136     0.022395334      0.11678474       68.561342       3.0518261      0.96285285     0.054602966      0.07910572   2.1153939e-09        2.104592         2.104592       1397.0535                                                          1386.6941                                                       10.359492
              2       700.77934     0.022405972      0.11676236       68.560487        3.052002      0.96262212     0.054621947     0.082145883    2.115766e-09        2.104592         2.104592       1397.3495                                                          1386.9861                                                        10.36339
              1       700.64979     0.022353426      0.11696832       68.372017       3.0527888      0.96372864     0.055236046     0.090262288   2.1174314e-09        2.104592         2.104592       1397.0904                                                          1386.2621                                                        10.82832
              6       700.88808     0.022353426      0.11696832       68.372017       3.0615043      0.94859596     0.055236046     0.090262288   2.1359663e-09        2.104592         2.104592        1397.567                                                          1386.7387                                                        10.82832
              3       701.07038     0.022353426      0.11696832       68.372017       3.0623788       0.9479666     0.055236046     0.090262288   2.1378352e-09        2.104592         2.104592       1397.9316                                                          1387.1033                                                        10.82832
              2        700.6815     0.022419224      0.11828962       68.484766       3.0792896      0.94216253      0.06098546      0.02752473    2.174295e-09        2.104592         2.104592       1397.1538                                                          1385.8131                                                       11.340721
              2       699.37448     0.022419224      0.11828962       68.484766       3.0735456      0.95087657      0.06098546      0.02752473   2.1618418e-09        2.104592         2.104592       1394.5398                                                           1383.199                                                       11.340721
              4       699.62129     0.022396662      0.11825863       68.712783       3.0740435      0.95199603      0.06154902   0.00039290393   2.1629184e-09        2.104592         2.104592       1395.0334                                                          1384.5728                                                       10.460618
              3       700.15346     0.022445949      0.11683019       68.799137       3.0776057      0.95285595     0.064860936     0.048136839    2.170637e-09        2.104592         2.104592       1396.0977                                                          1385.7594                                                       10.338325
             10       699.56997     0.022245127       0.1171238       68.116674       3.0700103      0.95822905     0.062635614     0.091475034   2.1542125e-09        2.104592         2.104592       1394.9307                                                          1382.9459                                                       11.984892
              8       698.88475     0.022245127       0.1171238       68.116674       3.0616584      0.96528999     0.062635614     0.091475034   2.1362957e-09        2.104592         2.104592       1393.5603                                                          1381.5754                                                       11.984892
              3        699.4824     0.022243079      0.11694487       68.011173       3.0617332      0.96543678     0.062923453      0.10886685   2.1364554e-09        2.104592         2.104592       1394.7556                                                          1382.1803                                                       12.575312
              4       699.86514     0.022117043      0.11734823       67.717735       3.0501561      0.96825126     0.057784175      0.10664641   2.1118641e-09        2.104592         2.104592       1395.5211                                                          1380.3233                                                       15.197814
              8        699.8512     0.022114644      0.11736041       67.719394       3.0501539      0.96830977     0.057790579       0.1057225   2.1118593e-09        2.104592         2.104592       1395.4932                                                           1380.313                                                       15.180192
             10       698.09164     0.022336927      0.11697317       68.854566       3.0618951      0.96158901     0.061912527    0.0035079557   2.1368014e-09        2.104592         2.104592       1391.9741                                                          1381.5036                                                       10.470511
              4       699.47849     0.022660382      0.11694194       68.841077       3.0519528      0.95117367     0.053650238     0.041967283   2.1156619e-09        2.104592         2.104592       1394.7478                                                          1384.3434                                                       10.404411
              1       698.80939     0.022611198      0.11742516        68.55738       3.0515322      0.95228637     0.053296888     0.058338126   2.1147723e-09        2.104592         2.104592       1393.4096                                                          1382.2376                                                       11.171958
              5       699.56306     0.022611198      0.11742516        68.55738       3.0498744      0.95537964     0.053296888     0.058338126   2.1112692e-09        2.104592         2.104592       1394.9169                                                           1383.745                                                       11.171958
              2       699.62777     0.022555863      0.11829098       68.371813        3.046424      0.95435725      0.05075529     0.029236066   2.1039971e-09        2.104592         2.104592       1395.0464                                                          1382.0487                                                        12.99763
             11       699.11239     0.022555863      0.11829098       68.371813       3.0433562      0.95306454      0.05075529     0.029236066   2.0975524e-09        2.104592         2.104592       1394.0156                                                           1381.018                                                        12.99763
              1       700.46802     0.022417406      0.11785963       68.005929       3.0585047      0.95881013     0.060438898      0.08558502    2.129569e-09        2.104592         2.104592       1396.7269                                                          1381.8893                                                       14.837565
              2       700.68819     0.022427902      0.11784142       68.001235       3.0589717      0.95857309     0.060598744     0.089011444   2.1305637e-09        2.104592         2.104592       1397.1672                                                          1382.2541                                                       14.913155
              6       700.95069     0.022458979       0.1177141       68.032076       3.0605212      0.95748408      0.06120214     0.090847666   2.1338675e-09        2.104592         2.104592       1397.6922                                                          1383.0227                                                       14.669465
              1       701.90799     0.022468295      0.11710633       68.044053       3.0610118      0.95903932     0.062309625       0.1209411   2.1349147e-09        2.104592         2.104592       1399.6068                                                           1385.904                                                       13.702758
              2       701.01426     0.022606709      0.11726332       68.325702        3.058102       0.9534278     0.059107338      0.08606287   2.1287115e-09        2.104592         2.104592       1397.8193                                                          1385.3779                                                       12.441426
              3       700.46715     0.022574496      0.11780842       68.312387       3.0603931       0.9530087     0.059750078     0.059576162   2.1335943e-09        2.104592         2.104592       1396.7251                                                          1383.7271                                                       12.997987
             13       700.70627     0.022503649       0.1176263       68.108344       3.0580876      0.95574395     0.059598749     0.084214426   2.1286809e-09        2.104592         2.104592       1397.2034                                                          1383.0298                                                       14.173598
              3       700.75112     0.022503649       0.1176263       68.108344       3.0580878      0.95564478     0.059598749     0.084214426   2.1286813e-09        2.104592         2.104592        1397.293                                                          1383.1194                                                       14.173598
              8       699.35909     0.022453738      0.11704041        68.29159       3.0519115      0.95979041     0.058026507     0.089452586   2.1155745e-09        2.104592         2.104592        1394.509                                                          1382.7776                                                       11.731394
              6       697.61713     0.022424376      0.11795149       68.493953       3.0517776      0.95822503     0.056856178      0.01727236   2.1152912e-09        2.104592         2.104592       1391.0251                                                          1379.7054                                                       11.319652
              1       698.03668     0.022321127      0.11803988       68.189664       3.0503802      0.96227862     0.057190467     0.048945521   2.1123373e-09        2.104592         2.104592       1391.8642                                                          1379.0982                                                       12.765979
              1       698.94437     0.022321127      0.11803988       68.189664       3.0466791      0.96522943     0.057190467     0.048945521    2.104534e-09        2.104592         2.104592       1393.6796                                                          1380.9136                                                       12.765979
              2       698.90148     0.022278718      0.11850966       68.126383       3.0463983      0.96554501     0.056788658     0.032275716   2.1039429e-09        2.104592         2.104592       1393.5938                                                          1379.9656                                                       13.628183
              1       698.96658     0.022276415      0.11842512        68.11133       3.0453904       0.9660061     0.056455379     0.039111505   2.1018235e-09        2.104592         2.104592        1393.724                                                          1380.1095                                                       13.614443
             11        698.1483     0.022175279      0.11832572       68.319017       3.0454098      0.96990598     0.057698866    0.0086214742   2.1018642e-09        2.104592         2.104592       1392.0874                                                          1380.5591                                                       11.528324
              3       697.98724     0.022254633      0.11751734       68.584076       3.0401266      0.96763246      0.05526521   0.00035530485   2.0907891e-09        2.104592         2.104592       1391.7653                                                          1381.2994                                                       10.465879
              2       698.70381     0.022256403      0.11669582       68.805817       3.0424313       0.9705805     0.057751463     0.019121285   2.0956133e-09        2.104592         2.104592       1393.1984                                                          1382.6482                                                       10.550193
              3       698.71344     0.022255672      0.11667928       68.801493       3.0422743      0.97066976     0.057708129     0.020511782   2.0952842e-09        2.104592         2.104592       1393.2177                                                          1382.6711                                                       10.546643
              1          700.77     0.022255672      0.11667928       68.801493       3.0356707      0.97843835     0.057708129     0.020511782   2.0814933e-09        2.104592         2.104592       1397.3308                                                          1386.7842                                                       10.546643
              4       701.10473     0.022222498      0.11703605       68.745338       3.0434076      0.97765568     0.061274874   0.00068640463   2.0976601e-09        2.104592         2.104592       1398.0003                                                          1387.6171                                                       10.383168
              8       702.30711     0.022070114      0.11673975       68.686139       3.0429579      0.98496966     0.063251371     0.019706335   2.0967171e-09        2.104592         2.104592        1400.405                                                          1389.8661                                                       10.538986
              1       702.36027      0.02206488      0.11673495       68.699013       3.0428434      0.98517223     0.063257529     0.017817459    2.096477e-09        2.104592         2.104592       1400.5114                                                          1389.9286                                                       10.582788
              5       700.84781      0.02206488      0.11673495       68.699013       3.0487066      0.98173223     0.063257529     0.017817459   2.1088051e-09        2.104592         2.104592       1397.4864                                                          1386.9036                                                       10.582788
              2       700.67591      0.02206488      0.11673495       68.699013       3.0680481      0.96495505     0.063257529     0.017817459   2.1499896e-09        2.104592         2.104592       1397.1426                                                          1386.5598                                                       10.582788
              6        701.3564      0.02206488      0.11673495       68.699013       3.0677665      0.96616853     0.063257529     0.017817459   2.1493843e-09        2.104592         2.104592       1398.5036                                                          1387.9208                                                       10.582788
             10       699.95147     0.022113534      0.11707685       68.670908       3.0648376      0.96274797     0.060661051   0.00093695255   2.1430981e-09        2.104592         2.104592       1395.6938                                                          1385.3347                                                       10.359036
              9       698.29889     0.022113534      0.11707685       68.670908       3.0491065      0.97353252     0.060661051   0.00093695255   2.1096487e-09        2.104592         2.104592       1392.3886                                                          1382.0296                                                       10.359036
              1       699.64839      0.02207168      0.11813262        68.15764       3.0572283      0.97201513     0.063534788     0.015340483   2.1268526e-09        2.104592         2.104592       1395.0876                                                          1383.0437                                                       12.043941
              9       699.54275      0.02207168      0.11813262        68.15764       3.0594615      0.97112492     0.063534788     0.015340483   2.1316075e-09        2.104592         2.104592       1394.8763                                                          1382.8324                                                       12.043941
              4       699.61977     0.022149734      0.11830821       68.290978        3.066363      0.96874362     0.065987583    0.0084073627   2.1463696e-09        2.104592         2.104592       1395.0304                                                          1383.4345                                                       11.595865
              5       699.49625     0.022150511      0.11780538       68.292513       3.0639812      0.97053537     0.065611009     0.035457378   2.1412636e-09        2.104592         2.104592       1394.7833                                                          1383.6167                                                       11.166584
              4       699.57777     0.022150511      0.11780538       68.292513       3.0635712      0.97097404     0.065611009     0.035457378   2.1403858e-09        2.104592         2.104592       1394.9464                                                          1383.7798                                                       11.166584
              1       699.35767     0.022148778       0.1177946       68.345327        3.062095      0.97151224     0.064957399     0.033147897   2.1372286e-09        2.104592         2.104592       1394.5062                                                          1383.6046                                                         10.9016
              3       699.33096     0.022148778       0.1177946       68.345327       3.0724382      0.96247114     0.064957399     0.033147897   2.1594491e-09        2.104592         2.104592       1394.4527                                                          1383.5511                                                         10.9016
              2       698.81822      0.02230163      0.11710295       68.302319       3.0645218       0.9593237     0.060475067     0.085628406   2.1424214e-09        2.104592         2.104592       1393.4273                                                          1382.3627                                                       11.064566
              2       698.70592      0.02230163      0.11710295       68.302319       3.0549347      0.96751679     0.060475067     0.085628406     2.12198e-09        2.104592         2.104592       1393.2026                                                          1382.1381                                                       11.064566
              6       698.87715     0.022320704      0.11753431       68.165658       3.0566286      0.96538819       0.0604254      0.08248694   2.1255774e-09        2.104592         2.104592       1393.5451                                                           1381.253                                                       12.292128
             13       698.95838     0.022320704      0.11753431       68.165658       3.0560329      0.96595945       0.0604254      0.08248694   2.1243115e-09        2.104592         2.104592       1393.7076                                                          1381.4154                                                       12.292128
              4       698.50098     0.022399045      0.11679584       68.355764       3.0532769      0.96437915     0.059256072     0.090100999    2.118465e-09        2.104592         2.104592       1392.7928                                                          1381.7768                                                        11.01601
             11        698.7715      0.02234588      0.11658194       68.321011       3.0548338      0.96661671     0.060904365     0.097930011   2.1217659e-09        2.104592         2.104592       1393.3338                                                          1382.4405                                                        10.89337
              7       698.43449      0.02234588      0.11658194       68.321011       3.0608566      0.96109335     0.060904365     0.097930011   2.1345835e-09        2.104592         2.104592       1392.6598                                                          1381.7664                                                        10.89337
             11       698.51747      0.02234588      0.11658194       68.321011        3.057861      0.96300901     0.060904365     0.097930011   2.1281987e-09        2.104592         2.104592       1392.8258                                                          1381.9324                                                        10.89337
              7       698.68065      0.02226812       0.1166818        68.18341       3.0570174      0.96447623     0.061040707       0.0931724    2.126404e-09        2.104592         2.104592       1393.1521                                                          1381.7194                                                       11.432711
              1       699.03737     0.022220286      0.11617782       68.278045       3.0552239      0.96730297      0.06139953     0.097111849   2.1225937e-09        2.104592         2.104592       1393.8656                                                           1383.233                                                       10.632552
              1       700.48705     0.022220286      0.11617782       68.278045       3.0590665      0.96800752      0.06139953     0.097111849   2.1307658e-09        2.104592         2.104592       1396.7649                                                          1386.1324                                                       10.632552
              3       700.42828     0.022224909      0.11606137         68.3169       3.0582307      0.96825002     0.061121011     0.098593876   2.1289855e-09        2.104592         2.104592       1396.6474                                                          1386.1536                                                        10.49375
              1       702.41608       0.0222642      0.11506148       67.928223       3.0505958      0.97034087      0.05850407      0.20345183   2.1127929e-09        2.104592         2.104592        1400.623                                                          1389.1103                                                        11.51263
              4       700.13442     0.022264091      0.11614747       68.032337       3.0434891      0.96764809     0.053305571      0.13985161    2.097831e-09        2.104592         2.104592       1396.0597                                                          1384.2611                                                       11.798531
             10       699.46418     0.022263862      0.11645821       68.215208       3.0431244       0.9668658     0.052653685      0.10244654   2.0970661e-09        2.104592         2.104592       1394.7192                                                          1383.6429                                                       11.076287
              1       699.78433      0.02224776       0.1165375       68.094541       3.0499561      0.96647197     0.056039298      0.10743139   2.1114417e-09        2.104592         2.104592       1395.3595                                                          1383.6075                                                       11.751992
              7       699.43264      0.02224776       0.1165375       68.094541       3.0521906      0.95837221     0.056039298      0.10743139   2.1161651e-09        2.104592         2.104592       1394.6561                                                          1382.9041                                                       11.751992
              5       699.23612      0.02231496      0.11771026       67.944162       3.0493302      0.95360499     0.052179367     0.085485918   2.1101206e-09        2.104592         2.104592       1394.2631                                                          1379.6238                                                       14.639237
              7       699.27543     0.022098863      0.11858181       67.891761       3.0347596      0.95949634     0.045909911      0.03356754   2.0795978e-09        2.104592         2.104592       1394.3417                                                          1379.3371                                                       15.004537
              2       699.03508     0.022219366       0.1190696       67.996281       3.0367816      0.95339296     0.044833251    0.0037740792    2.083807e-09        2.104592         2.104592        1393.861                                                          1378.2207                                                       15.640326
              5        699.7361     0.022232163      0.11856995       68.048108       3.0293638      0.95448388     0.041772222     0.020803346   2.0684069e-09        2.104592         2.104592        1395.263                                                          1380.8535                                                       14.409529
              1       697.08858     0.022386455      0.11786726       68.419235       3.0575493       0.9509122      0.05532319     0.029448194   2.1275355e-09        2.104592         2.104592        1389.968                                                          1378.5006                                                       11.467387
              7       696.97647     0.022364376      0.11846279       68.421585       3.0568248      0.95149338     0.054439502     0.013903859   2.1259945e-09        2.104592         2.104592       1389.7438                                                          1378.0304                                                       11.713315
             10       696.63195     0.022364376      0.11846279       68.421585       3.0523857      0.95665732     0.054439502     0.013903859    2.116578e-09        2.104592         2.104592       1389.0547                                                          1377.3414                                                       11.713315
              6       696.70293     0.022357715      0.11822646       68.418727       3.0521261      0.95767384     0.054759338     0.025980717   2.1160285e-09        2.104592         2.104592       1389.1967                                                          1377.7093                                                       11.487322
              3       696.51622     0.022375481      0.11827624       68.512758        3.048563      0.95712213     0.052733768     0.014177007   2.1085024e-09        2.104592         2.104592       1388.8233                                                          1377.7013                                                       11.121986
             19       696.54498     0.022375481      0.11827624       68.512758       3.0499147      0.95546232     0.052733768     0.014177007   2.1113543e-09        2.104592         2.104592       1388.8808                                                          1377.7588                                                       11.121986
             15       696.96521     0.022380662      0.11799853       68.466014       3.0507018       0.9562069     0.053519404     0.035574621   2.1130169e-09        2.104592         2.104592       1389.7212                                                          1378.5861                                                       11.135097
              1       697.63011     0.022419583      0.11752349       68.455059       3.0559679      0.95668304     0.056863554     0.059324818   2.1241735e-09        2.104592         2.104592        1391.051                                                          1380.0403                                                       11.010747
             10       697.75644      0.02238314      0.11674793       68.663198       3.0438479      0.96039327     0.051458592     0.066772136   2.0985839e-09        2.104592         2.104592       1391.3037                                                          1381.0182                                                       10.285547
              5       697.46731     0.022370491      0.11695227        68.58887       3.0396768      0.95984654     0.049208371      0.06175556   2.0898487e-09        2.104592         2.104592       1390.7254                                                          1380.3772                                                       10.348195
              2       697.68175     0.022370491      0.11695227        68.58887       3.0383238      0.96218476     0.049208371      0.06175556    2.087023e-09        2.104592         2.104592       1391.1543                                                          1380.8061                                                       10.348195
              1       697.38374     0.022285185      0.11706877       68.618114       3.0337902      0.96465658     0.047618167     0.039977786   2.0775828e-09        2.104592         2.104592       1390.5583                                                          1380.2583                                                       10.299965
              1        697.8241     0.022319567      0.11686451       68.726786       3.0323283      0.96419928     0.046856284     0.038005291   2.0745477e-09        2.104592         2.104592        1391.439                                                          1381.1102                                                       10.328797
              1       696.34413     0.022375801      0.11744835       68.786421        3.045232      0.96081199     0.052833465    0.0080463481   2.1014906e-09        2.104592         2.104592       1388.4791                                                          1378.1605                                                       10.318612
              4       696.75167     0.022235798      0.11849368       68.376224       3.0349068      0.96123009     0.046673127    0.0022677101   2.0799039e-09        2.104592         2.104592       1389.2941                                                           1377.754                                                       11.540167
              1       696.74144     0.022234172      0.11847002       68.336849       3.0336435      0.96125464     0.046280859     0.003568666   2.0772781e-09        2.104592         2.104592       1389.2737                                                          1377.4824                                                       11.791298
              4       697.52489     0.022234172      0.11847002       68.336849       3.0277556      0.96487365     0.046280859     0.003568666   2.0650832e-09        2.104592         2.104592       1390.8406                                                          1379.0493                                                       11.791298
              3       697.79908     0.022234172      0.11847002       68.336849       3.0394966      0.95333015     0.046280859     0.003568666   2.0894722e-09        2.104592         2.104592        1391.389                                                          1379.5977                                                       11.791298
              2       697.80339     0.022235099      0.11846559       68.344362       3.0394493      0.95331904     0.046265064    0.0027470273   2.0893735e-09        2.104592         2.104592       1391.3976                                                          1379.6509                                                       11.746702
              2       698.50461     0.022096473      0.11819045       68.190577       3.0343014      0.95882099     0.044967698     0.021366994   2.0786451e-09        2.104592         2.104592          1392.8                                                           1380.927                                                       11.873045
              2       698.16201     0.022086987      0.11799951       68.348906       3.0472782      0.96064821     0.051492858     0.026506942   2.1057951e-09        2.104592         2.104592       1392.1148                                                          1381.3209                                                        10.79396
              1       698.30428     0.022086987      0.11799951       68.348906       3.0474908      0.96005719     0.051492858     0.026506942   2.1062428e-09        2.104592         2.104592       1392.3994                                                          1381.6054                                                        10.79396
              7        701.0003     0.022086987      0.11799951       68.348906        3.056489      0.95279333     0.051492858     0.026506942   2.1252807e-09        2.104592         2.104592       1397.7914                                                          1386.9974                                                        10.79396
              2       700.76767     0.022086987      0.11799951       68.348906       3.0559978      0.95365246     0.051492858     0.026506942   2.1242371e-09        2.104592         2.104592       1397.3262                                                          1386.5322                                                        10.79396
              2       700.83083     0.022090985      0.11807736       68.337751       3.0555285      0.95320436     0.051068446     0.025150153   2.1232404e-09        2.104592         2.104592       1397.4525                                                          1386.5686                                                       10.883851
              1       700.05499     0.022313217      0.11830162       68.087468       3.0620126      0.94440858     0.053308304     0.050209544   2.1370525e-09        2.104592         2.104592       1395.9008                                                          1381.9969                                                       13.903889
              2        698.2132     0.022313217      0.11830162       68.087468       3.0458386      0.95895884     0.053308304     0.050209544   2.1027658e-09        2.104592         2.104592       1392.2172                                                          1378.3133                                                       13.903889
              1       698.33083      0.02247028      0.11829596       68.369055       3.0488036      0.95383714     0.053441207     0.033370663   2.1090097e-09        2.104592         2.104592       1392.4525                                                          1380.0478                                                       12.404666
              1       698.34768     0.022458163      0.11828372       68.329489       3.0479519      0.95422528     0.053116214     0.037151193   2.1072143e-09        2.104592         2.104592       1392.4862                                                          1379.8604                                                       12.625741
              3       698.71231     0.022360652      0.11823982       68.257793       3.0583073      0.95827378     0.059278828     0.046732248   2.1291486e-09        2.104592         2.104592       1393.2154                                                          1380.7029                                                       12.512561
              2       698.39409     0.022323754      0.11795779       68.309502        3.059987      0.96070633     0.061208396     0.044853218    2.132728e-09        2.104592         2.104592        1392.579                                                          1380.7915                                                        11.78747
              5       698.32816     0.022323754      0.11795779       68.309502       3.0579977      0.96420472     0.061208396     0.044853218   2.1284896e-09        2.104592         2.104592       1392.4471                                                          1380.6597                                                        11.78747
              2        700.0316     0.022323754      0.11795779       68.309502       3.0513887      0.96948439     0.061208396     0.044853218   2.1144687e-09        2.104592         2.104592        1395.854                                                          1384.0666                                                        11.78747
