#                 weight             minuslogpost                 omegabh2                 omegach2                       H0                     logA                       ns                      tau               mnu_sample                 A_planck               TT_tSZ_Amp               TT_kSZ_Amp                       As                      mnu                chi2__CMB            minuslogprior         minuslogprior__0                     chi2 chi2__sbt_spt_audit.likelihoods.candl_cobaya.CandlCobayaLikelihood chi2__sbt_spt_audit.likelihoods.desi_dr2_bao.DESIDR2BAOGaussian chi2__planck_2018_lowl.TT chi2__planck_2018_lowl.EE_sroll2 chi2__planck_2018_highl_plik.TT_lite_native chi2__planckpr4lensing.PlanckPR4Lensing
                       6       953.33175320719624      0.02250674745184901      0.11644441910422973        68.48529120465065       3.0605073660722675       0.9618709604231841     0.061546765067023647      0.08521926016897112       1.0066269242179511       1.2635191178347738       2.0405852757243452   2.1338380786472986e-09      0.08521926016897112       496.50960772115019       5.7934714303969193       5.7934714303969193       1895.0765635535986                                                 1387.8465207414097                                              10.720435091039073        24.199624285364621               390.80898279472996                          71.697207425308804                      9.8037932157467758
                       6       953.41267771334037      0.02250674745184901      0.11644441910422973        68.48529120465065       3.0605073660722675       0.9618709604231841     0.061546765067023647      0.08521926016897112       1.0058818283841719       1.2635191178347738       2.0405852757243452   2.1338380786472986e-09      0.08521926016897112       496.67145673343799       5.7934714303969193       5.7934714303969193       1895.2384125658868                                                 1387.8465207414097                                              10.720435091039073        24.324213226827112               390.80180782772777                          72.074805985185478                      9.4706296936976226
                       2       951.70260057918676     0.022431940593394466      0.11673546263630233       68.397654544557554       3.0592794706442139       0.9607027591613958     0.059665494339628262     0.075425882951738785       1.0070040385708738        1.296277456463466       2.0374497943091665   2.1312195565909531e-09     0.075425882951738785       495.22351365501845       5.7934714303969193       5.7934714303969193       1891.8182582975796                                                 1385.5879264531216                                              11.006818189439295        24.502900331674994               390.34353183064621                          71.298186509941274                      9.0788949827559833
                       1       950.92105626341197     0.022401762087237525      0.11695341120275332       68.340853409215143        3.061924621092496      0.96196303175428355       0.0616021127047627     0.070124539210192752       1.0061477345481231       1.2906180249122601       2.0349037779240891   2.1368644154155436e-09     0.070124539210192752       493.69282767526187       5.7934714303969193       5.7934714303969193         1890.25516966603                                                 1385.2524260622374                                              11.309915928530645        24.273752243021761               390.86676640890715                          69.952162388740845                      8.6001466345921305
                       6       950.77218803281846     0.022418739691106797      0.11686209506936648       68.469780736974585       3.0615052934551237      0.96293937445910838     0.061663949496230337     0.062753007496035712       1.0059351561812411       1.2960150641890749        1.979443533614156   2.1359685569510762e-09     0.062753007496035712        493.0287247091245       5.7934714303969193       5.7934714303969193        1889.957433204843                                                 1386.1718546926336                                              10.756853803084571         24.07243415089323                390.8529251345123                          69.522484373755688                       8.580881049963299
                       3       951.30572785251229     0.022450653996434665      0.11683124513961521       68.527979724530354       3.0602515161036408      0.96312942205846463     0.061355532968229168     0.058632061352828321        1.005575114593249       1.2929498254265495       1.9609234344356086   2.1332922060755403e-09     0.058632061352828321       493.28624685050016       5.7934714303969193       5.7934714303969193       1891.0245128442307                                                 1387.0904627306215                                              10.647803263109157        24.040680114277848               390.73653690316002                          69.918092543732996                      8.5909372893292968
                       4        950.3794177955042     0.022431525690061245      0.11694462325250513       68.734669484311993       3.0617021702018907      0.96257558000981858     0.060993329118911782     0.035606123105617157       1.0067664040124791       1.3081188430735524       1.9178151577742042   2.1363891208900369e-09     0.035606123105617157       492.70087473757474       5.7934714303969193       5.7934714303969193       1889.1718927302145                                                 1386.1476135293426                                              10.323404463297033        24.177029368878436               390.67655877011998                           69.49932466593043                      8.3479619326459051
                       4       950.70183071012184     0.022431525690061245      0.11694462325250513       68.734669484311993       3.0617021702018907      0.96257558000981858     0.060993329118911782     0.035606123105617157       1.0060668826593702       1.3081188430735524       1.9178151577742042   2.1363891208900369e-09     0.035606123105617157        493.3457005668098       5.7934714303969193       5.7934714303969193       1889.8167185594498                                                 1386.1476135293426                                              10.323404463297033        24.293587888858269               390.64356631029767                          70.140522670764895                      8.2680236968889584
                       2       950.16496971056563     0.022404097401891272      0.11690462512767481       68.690730285350909        3.061469160202861      0.96245773463127049     0.060824559650709042     0.040177668412527741       1.0062234682647846       1.3109712487861345       1.9582726378437634   2.1358913788547392e-09     0.040177668412527741       493.05662711482893       5.7934714303969193       5.7934714303969193       1888.7429965603374                                                 1385.3647197780876                                              10.321649667420974         24.29094403711008               390.60650840598669                          69.848179519035781                      8.3109951526963552
                       4       949.71182782486903     0.022411111523812522      0.11689953810820013       68.744518138275097       3.0606268397168983      0.96151811443543866     0.060418229115430808     0.036207045813660244        1.006317721873828       1.2979827614976636       2.0471056722163028   2.1340930312893641e-09     0.036207045813660244       493.59888651811082       5.7934714303969193       5.7934714303969193       1887.8367127889442                                                 1383.9192366502784                                               10.31858962055475        24.503423156835822               390.48611173602893                          70.262808983805854                      8.3465426414402106
                       2       946.86658319837022     0.022323006219105823      0.11719612103885366       68.782792971142996       3.0541874563175098       0.9670099387148785     0.059621453382583879     0.013319943799076295       1.0033242916285381         1.34028175416236       1.9749069600205658   2.1203949390182508e-09     0.013319943799076295        489.7344839134679       5.7934714303969193       5.7934714303969193       1882.1462235359465                                                 1382.0673554337072                                              10.344384188771311        23.223736099464588               390.34977165968479                          67.907439968379293                      8.2535361859391987
                       1        948.0191075866345     0.022206494997702303      0.11746488556739031       68.369636311297484       3.0520197019766835      0.96620787899032934     0.056817128635921456     0.031353773977335388       1.0047196688276656       1.4029566598990066       1.8825125608516433   2.1158034221232899e-09     0.031353773977335388       490.37703772837062       5.7934714303969193       5.7934714303969193       1884.4512723124751                                                 1383.1803504066395                                              10.893884177464777        23.230934503004448               390.07967928108468                          68.800108771696287                      8.2663151725852444
                       1       947.96594797369085     0.022190700080823852      0.11729246505762542       68.411343153000345       3.0536368625555044      0.96558896169447994     0.057426931476058631     0.030801457511602473       1.0052905075179783       1.3984995156916378        1.937856572506423   2.1192277841354241e-09     0.030801457511602473       490.36740328098688       5.7934714303969193       5.7934714303969193       1884.3449530865878                                                 1383.3327645956681                                              10.644785209932991        23.358997325921337               390.06740611840706                          68.674710324892885                      8.2662895117655886
                       1       948.98259129526252     0.022190700080823852      0.11729246505762542       68.411343153000345       3.0536368625555044      0.96558896169447994     0.057426931476058631     0.030801457511602473       1.0052894947462063       1.3783134603436005       2.1393067121572766   2.1192277841354241e-09     0.030801457511602473       490.36905304056711       5.7934714303969193       5.7934714303969193       1886.3782397297311                                                 1385.3644014792314                                              10.644785209932991        23.359149644961974               390.06740611840706                          68.676286033553069                      8.2662112436449675
                       4       948.51459065861525     0.022190700080823852      0.11729246505762542       68.411343153000345       3.0536368625555044      0.96558896169447994     0.057426931476058631     0.030801457511602473       1.0063849689623716       1.3783134603436005       2.1393067121572766   2.1192277841354241e-09     0.030801457511602473       489.43305176727222       5.7934714303969193       5.7934714303969193       1885.4422384564366                                                 1385.3644014792314                                              10.644785209932991        23.196076606466988               390.06800469235736                          67.771759544484723                      8.3972109239631507
                       1       949.02875746007737     0.022198828037682021      0.11696198770420872        68.52781255063833         3.04966353348668      0.96774543653775547     0.056380680306101619     0.032811031497478819       1.0056526391366425       1.3965092631108298       2.0825064849096973   2.1108241011322225e-09     0.032811031497478819       489.71809501652325       5.7934714303969193       5.7934714303969193       1886.4705720593608                                                 1386.4178727770561                                              10.334604265781584        22.738599204365755               390.09144284325998                          68.153687954306733                       8.734365014590761
                       4       948.97659603350337     0.022198828037682021      0.11696198770420872        68.52781255063833         3.04966353348668      0.96774543653775547     0.056380680306101619     0.032811031497478819        1.005652372756884       1.3788894796169802       2.1167174795681065   2.1108241011322225e-09     0.032811031497478819       489.71812262805798       5.7934714303969193       5.7934714303969193       1886.3662492062128                                                 1386.3135223123734                                              10.334604265781584        22.738635854396932               390.09144284325998                          68.153753335014471                      8.7342905953865877
                       4       948.18623482867451     0.022188702062767969      0.11696524230432166       68.564669299635639       3.0467094967797603      0.96728594363329334     0.054530927489884903     0.034352782366244783       1.0060404797883495       1.3866461714957523       2.1492702415342015    2.104597850070413e-09     0.034352782366244783       489.91082417767859       5.7934714303969193       5.7934714303969193       1884.7855267965551                                                 1384.5826378467882                                              10.292064772088439        22.773974332591933               390.14795706380448                          67.935225920098276                      9.0536668611838724
