#                 weight             minuslogpost                 omegabh2                 omegach2                       H0                     logA                       ns                      tau                      mnu                       As            minuslogprior         minuslogprior__0                     chi2 chi2__sbt_spt_audit.likelihoods.candl_cobaya.CandlCobayaLikelihood chi2__sbt_spt_audit.likelihoods.desi_dr2_bao.DESIDR2BAOGaussian
                       2       25260.318368870263     0.021982794181052871      0.11617584076898307       68.095375495826275       3.0488173066465971      0.98278328613519372     0.062421347465089656       12.071223204184291   2.1090386206904353e-09       3.4908863374028734       3.4908863374028734       50513.654965065718                                                 49976.478554580026                                              537.17641048569169
                       2       25164.803172866381      0.02212188552719194      0.11671124071749769        68.06320112806182       3.0434477483597342      0.97731637008448824     0.057501744129633742       12.072168735428765   2.0977443646070331e-09       3.4908863374028734       3.4908863374028734       50322.624573057954                                                 49786.514588082224                                              536.10998497572916
                       5       25100.537099338526      0.02212188552719194      0.11671124071749769        68.06320112806182       3.0455413649063185      0.97898571116378952     0.057501744129633742       12.072168735428765   2.1021408375776615e-09       3.4908863374028734       3.4908863374028734       50194.092426002244                                                 49657.982441026514                                              536.10998497572916
                       1       24592.608432920439     0.022588381185026055      0.11671682902634485       68.012358551110864       3.0858756329282366      0.96370875887441165     0.073037202087854108       12.133964703490816   2.1886623101801226e-09       3.4908863374028734       3.4908863374028734       49178.235093166069                                                  48648.10186130755                                              530.13323185852084
                       4       24586.370658527994     0.022633796450325254      0.11664755261163302       68.091016475360775       3.0833248113364773       0.9625642133911072     0.071402602459552253       12.133725833972184   2.1830865375262019e-09       3.4908863374028734       3.4908863374028734       49165.759544381181                                                  48637.63356046407                                              528.12598391710856
                       1       24577.683025928269     0.022020048655323751      0.11360236084437682       67.677666581320139       3.0542922141645694      0.99850974790730984     0.068659188898587659       12.297201261047601    2.120617078662211e-09       3.4908863374028734       3.4908863374028734        49148.38427918173                                                 48608.172757531327                                              540.21152165040485
                       1       24539.452219693834     0.022140213448457301      0.11429451912451807       67.528767493561176       3.0154020166807349      0.99323628471909997      0.04678842191703346       12.295878487826931     2.03972893430492e-09       3.4908863374028734       3.4908863374028734       49071.922666712861                                                 48529.628449557087                                              542.29421715577269
                       2       24429.130310917903     0.022180278559152493      0.11445029555242915       67.333661916143797        3.018676027208766      0.99132742308385535     0.047776971609663245       12.314152440508753    2.046417972325552e-09       3.4908863374028734       3.4908863374028734       48851.278849160997                                                 48305.225523178502                                              546.05332598249356
                       1       24341.774502173812     0.022180278559152493      0.11445029555242915       67.333661916143797       3.0243691314804955      0.99333404187899221     0.047776971609663245       12.314152440508753   2.0581016699227913e-09       3.4908863374028734       3.4908863374028734       48676.567231672816                                                 48130.513905690321                                              546.05332598249356
                       2       24291.469794889483     0.022287346116622298      0.11426823291130558       67.499948763459727       3.0270679708168422      0.99075756660610792     0.048355806937967892       12.318826051281778   2.0636636577475418e-09       3.4908863374028734       3.4908863374028734       48575.957817104158                                                 48034.691071672205                                              541.26674543194906
                       1       24190.799661768946     0.022862401821865684      0.11545136376178984       67.967679863065584         3.02169843199307      0.96616773332749439     0.037580135593628078        12.25705355902979   2.0526124321628224e-09       3.4908863374028734       3.4908863374028734       48374.617550863084                                                 47847.544489889195                                              527.07306097389187
                       2       24146.674571612264     0.022862401821865684      0.11545136376178984       67.967679863065584       3.0281811811972452      0.96650116817372012     0.037580135593628078        12.25705355902979   2.0659622287121629e-09       3.4908863374028734       3.4908863374028734        48286.36737054972                                                 47759.294309575831                                              527.07306097389187
                       1       23998.490340823744     0.022985117410368263      0.11512662070641728       67.959248896810507       3.0375672755083181      0.96338534355456906     0.041560938663774347       12.285340394496178   2.0854448347904209e-09       3.4908863374028734       3.4908863374028734       47989.998908972681                                                 47464.567586028541                                              525.43132294413863
                       1       23849.504690667512     0.022996939690795231      0.11337298172613118       67.722732315850493       3.0085839198461417      0.96675842151507441     0.029471005737610224       12.365051351099895   2.0258691672224433e-09       3.4908863374028734       3.4908863374028734       47692.027608660217                                                 47166.012163749932                                              526.01544491028289
                       1       23758.612560334775     0.022952809109901835      0.11458115859204779       67.088401990169388       3.0341679100098848      0.95892308522347236     0.040350824634755929        12.33223444321505   2.0783676813009604e-09       3.4908863374028734       3.4908863374028734       47510.243347994743                                                 46965.552310010477                                              544.69103798426841
                       3       23587.536548463064     0.022576592922233574      0.11677596063019786       65.784897851968211       3.0574108223551355      0.96586832088599228     0.052656577396191964       12.359490745411588   2.1272407754419465e-09       3.4908863374028734       3.4908863374028734        47168.09132425132                                                 46564.223096020127                                              603.86822823119246
                       4       23497.201678384699     0.022576592922233574      0.11677596063019786       65.784897851968211       3.0491863319727313      0.97117143820902307     0.052656577396191964       12.359490745411588   2.1098170529770457e-09       3.4908863374028734       3.4908863374028734       46987.421584094591                                                 46383.553355863398                                              603.86822823119246
                       1       23381.901735242245     0.022723864337285463      0.11486026410731787       66.138378527536801       3.0362739937708856      0.97320901057760478     0.047774515947207871       12.423398008605439   2.0827495103537766e-09       3.4908863374028734       3.4908863374028734       46756.821697809683                                                 46173.594719886401                                              583.22697792327892
                       4       23184.442769165002     0.022623969108850197      0.11482948438586414       65.419705963692863       3.0293206173571976       0.9756831971860942     0.045294747678664732       12.482538659919728   2.0683176024248078e-09       3.4908863374028734       3.4908863374028734       46361.903765655195                                                 45744.260017710883                                               617.6437479443116
                       1       23015.578388697741     0.023312176135612671      0.11490322015176622       65.939524383115113       3.0315690289671218      0.94698187458634997     0.038569813330025612       12.439915540186975   2.0729732636952017e-09       3.4908863374028734       3.4908863374028734       46024.175004720673                                                 45428.120277298673                                              596.05472742199788
                       1       22932.100486833937     0.023312176135612671      0.11490322015176622       65.939524383115113       3.0352467844565574      0.94933670092669842     0.038569813330025612       12.439915540186975   2.0806111890971072e-09       3.4908863374028734       3.4908863374028734       45857.219200993066                                                 45261.164473571065                                              596.05472742199788
                       1       22780.037097834313     0.023312176135612671      0.11490322015176622       65.939524383115113       3.0182180215135737       0.9593682844271294     0.038569813330025612       12.439915540186975   2.0454809158444657e-09       3.4908863374028734       3.4908863374028734       45553.092422993817                                                 44957.037695571817                                              596.05472742199788
                       1       22184.574460966967     0.023283364029803761      0.11366517415375095       64.797540839454669       3.0551537759036247      0.96077941264994338     0.059197611592489811       12.589488131590484   2.1224449084814276e-09       3.4908863374028734       3.4908863374028734       44362.167149259127                                                 43700.252019492167                                              661.91512976695708
                       1       22174.994702198012     0.023277287223850963       0.1134445827677468       64.795347786990547       3.0516125198910937      0.96181184979833134      0.05784355976452419       12.599093985786046   2.1149420802465634e-09       3.4908863374028734       3.4908863374028734       44343.007631721215                                                 43681.831566462082                                              661.17606525913448
                       3        22046.07204081491     0.023607254127947275      0.11343197237306993       64.975354660514341       3.0541169559116303      0.94976608223732228     0.055583709525495031       12.602907045366303   2.1202454555838089e-09       3.4908863374028734       3.4908863374028734       44085.162308955012                                                 43428.933314894493                                              656.22899406051761
                       4       22022.696145496036     0.023529616698520453      0.11471907894351273       64.470248472769768       3.0425638891039641      0.94811182841762387     0.048500086502255395       12.590794217646891   2.0958910729792654e-09       3.4908863374028734       3.4908863374028734       44038.410518317265                                                 43341.603361315116                                               696.8071570021491
                       1       21894.104871280557     0.023529616698520453      0.11471907894351273       64.470248472769768       3.0417192780952576      0.95337467596225389     0.048500086502255395       12.590794217646891   2.0941216076661088e-09       3.4908863374028734       3.4908863374028734       43781.227969886306                                                 43084.420812884156                                               696.8071570021491
                       1       21780.359903304459     0.023678014031318591      0.11454204125662393       64.500828024548923        3.026943464571052      0.95186376959865948      0.04009376012459101        12.63305970329646   2.0634067347275342e-09       3.4908863374028734       3.4908863374028734       43553.738033934111                                                  42853.75505990602                                               699.9829740280918
                       2       21437.293647132265     0.023678014031318591      0.11454204125662393       64.500828024548923       3.0043005512680647      0.97178741297942861      0.04009376012459101        12.63305970329646   2.0172101809421855e-09       3.4908863374028734       3.4908863374028734       42867.605521589721                                                  42167.62254756163                                               699.9829740280918
                       1       21185.334492573802     0.024137394954236245      0.11801130244772078       64.245200159812612       3.0407910553852915      0.94934623550209385     0.048570402944969074       12.599590087150304   2.0921786982982423e-09       3.4908863374028734       3.4908863374028734       42363.687212472796                                                 41608.576144020539                                              755.11106845225436
                       1        21024.94305203775     0.024156672207668976      0.11771810395656182       63.901948192612032       3.0222436553952887      0.95138684410286811      0.03969160159779158       12.663593760641003   2.0537318696405466e-09       3.4908863374028734       3.4908863374028734       42042.904331400692                                                 41254.700943009411                                              788.20338839128249
                       4       20991.071396783431     0.023812290425177324      0.11573693587433713       64.035374066387064       3.0429250086641595      0.97286338151174523      0.05726464305376399       12.739141767935877   2.0966480769179953e-09       3.4908863374028734       3.4908863374028734       41975.161020892054                                                 41219.373845457521                                              755.78717543453104
                       1       20799.983500591705       0.0237377706881686      0.11613600238477211       63.378542485600605       3.0561324678797304      0.97271746097043599     0.063951818611938938       12.775922547570239   2.1245231450939486e-09       3.4908863374028734       3.4908863374028734       41592.985228508602                                                  40776.06865552473                                              816.91657298387202
                       1       20797.295523850811     0.023681204647633135      0.11596284804829168       63.329283996215885       3.0549388828401955      0.97550016625930902      0.06425423068595916       12.786133594546374   2.1219888587957966e-09       3.4908863374028734       3.4908863374028734       41587.609275026814                                                 40768.823823422405                                              818.78545160441217
                       1       20715.886763129547     0.023518311797605756      0.11903894318754808       62.437610960647241       3.0627325803126193      0.97374359132920374     0.065238576200928947        12.75969482548005   2.1385916123805295e-09       3.4908863374028734       3.4908863374028734       41424.791753584286                                                 40501.557581469278                                                923.234172115006
                       1       20684.229894560278     0.023713162144063563       0.1188970339257762       62.827111772750385       3.0682227642503395      0.97014792904472491     0.066450764576928376       12.766374835827095    2.150365163607782e-09       3.4908863374028734       3.4908863374028734       41361.478016445748                                                 40471.137006409946                                               890.3410100358027
                       1       20551.324625806665     0.023713162144063563       0.1188970339257762       62.827111772750385       3.0660100069780603      0.97637967428882066     0.066450764576928376       12.766374835827095   2.1456121879839719e-09       3.4908863374028734       3.4908863374028734       41095.667478938522                                                  40205.32646890272                                               890.3410100358027
                       2       20299.449401490885     0.023713162144063563       0.1188970339257762       62.827111772750385       3.0469948068246002      0.99244253270319827     0.066450764576928376       12.766374835827095   2.1051983986445835e-09       3.4908863374028734       3.4908863374028734       40591.917030306962                                                 39701.576020271161                                               890.3410100358027
                       1       20231.863616314033     0.023793294119350928      0.11899071210122483       62.613210093724909        3.018662456863042      0.99025650424716549     0.051273187514964035       12.794738075123686   2.0463902019145989e-09       3.4908863374028734       3.4908863374028734       40456.745459953258                                                 39537.027869070618                                              919.71759088263673
                       1       19957.595975210843     0.023793294119350928      0.11899071210122483       62.613210093724909       2.9928670116819029       1.0095820272814133     0.051273187514964035       12.794738075123686   1.9942776781460288e-09       3.4908863374028734       3.4908863374028734       39908.210177746878                                                 38988.492586864239                                              919.71759088263673
                       2       19906.809051941127      0.02407531714573596      0.11931770680536467       62.819937659657647       2.9947316130367247       0.9989157670803871     0.048728438308281254       12.784144425081948   1.9979996799530279e-09       3.4908863374028734       3.4908863374028734       39806.636331207446                                                 38893.868704615881                                              912.76762659156441
                       1       19673.325749407912     0.024167655777489683      0.11800611793162397       62.764218615166286       3.0045901893778959        1.002203670425404     0.055091876194385526        12.87795254814567   2.0177945265064131e-09       3.4908863374028734       3.4908863374028734       39339.669726141015                                                  38419.57754121488                                                920.092184926134
                       2       19615.223848420977     0.024156472539660034      0.11766259790331023       62.530776118978622       2.9860590931250628       1.0034276792007766     0.046403055106562521       12.910912970870701   1.9807469085821131e-09       3.4908863374028734       3.4908863374028734       39223.465924167147                                                 38278.060052448564                                              945.40587171858283
                       2       19585.308388239238     0.024267246452275692      0.11633455951049919       62.799288802688785       2.9935093792605052       1.0013296895146702     0.050863177273280047        12.92720515813525   1.9955591490128032e-09       3.4908863374028734       3.4908863374028734       39163.635003803669                                                 38251.803217098895                                              911.83178670477253
                       1       19472.742380135605     0.024530731534556278      0.11657650181626632       62.731569442734028       3.0069347985057906      0.98856554508399153     0.054182663335284716         12.9230234248132    2.022531016410425e-09       3.4908863374028734       3.4908863374028734       38938.502987596403                                                   38004.0225692315                                              934.48041836490188
                       2       19375.027238106082     0.024490148570635691      0.11552613549533015       62.706703086603504       3.0203319799288804      0.99310734562997305     0.063039752583403746       12.968353551496975   2.0498095511053418e-09       3.4908863374028734       3.4908863374028734       38743.072703537357                                                 37812.830345897462                                              930.24235763989566
                       1         19211.0330311623     0.024649617510302913      0.11713789691938283       62.354209240205378       3.0362007557532023      0.98500364853317357     0.067058735038480699       12.977431898095304   2.0825969794939044e-09       3.4908863374028734       3.4908863374028734       38415.084289649792                                                  37420.97963629743                                              994.10465335236222
                       1       19141.704202873058       0.0247229453171205       0.1167005019913951       62.308858246890665       3.0285284389067408      0.98412874751104906     0.063155531761087111       13.008427726549396   2.0666797746030708e-09       3.4908863374028734       3.4908863374028734       38276.426633071307                                                 37273.722652078097                                              1002.7039809932113
                       2       19077.438649733056     0.024497774919803504      0.11737118930689067        61.68396205275976       3.0232920103191043      0.98951775042555967     0.061804882732195088       13.024233624522514   2.0558860385277667e-09       3.4908863374028734       3.4908863374028734       38147.895526791304                                                  37072.26966076353                                              1075.6258660277722
                       1        18855.34264292481     0.025265137618071903      0.11827111354145345       62.054802836593851       3.0680132544690917      0.96014153583175166     0.074840494863092077        13.02086403359948   2.1499146882638948e-09       3.4908863374028734       3.4908863374028734       37703.703513174813                                                 36620.455559833383                                              1083.2479533414275
                       1       18784.697805583222     0.025259564982179288      0.11972320374662429       61.711011857734519       3.0490383973674597      0.96128057496632657      0.06358970963714014       13.042406105669999    2.109504961109281e-09       3.4908863374028734       3.4908863374028734       37562.413838491637                                                 36417.977375634451                                              1144.4364628571834
                       4       18715.986200218311     0.025248676240735655      0.11609008796216631       62.385386859799958       3.0583348407657063      0.97509506791007738     0.074407534965407141       13.144276127231857    2.129207293491694e-09       3.4908863374028734       3.4908863374028734       37424.990627761814                                                 36395.177425563881                                               1029.813202197932
                       1       18598.500840342454     0.024983570653243043      0.11354614725590217       61.998048142435238       3.0360479240246865      0.98935920442045855     0.069758480006943929       13.240804254875801   2.0822787169186563e-09       3.4908863374028734       3.4908863374028734       37190.019908010101                                                 36140.411493624022                                               1049.608414386076
                       1       18250.736273470153     0.024983570653243043      0.11354614725590217       61.998048142435238        3.018672845843311       1.0112631174755518     0.069758480006943929       13.240804254875801    2.046411461932464e-09       3.4908863374028734       3.4908863374028734       36494.490774265498                                                 35444.882359879419                                               1049.608414386076
                       2        18160.23913222559     0.024983570653243043      0.11354614725590217       61.998048142435238        3.003174109196697       1.0206883989538933     0.069758480006943929       13.240804254875801   2.0149391898376757e-09       3.4908863374028734       3.4908863374028734       36313.496491776372                                                 35263.888077390293                                               1049.608414386076
                       1       17818.094700348662     0.024944083505395089       0.1131709084369607       61.331055816357512       3.0289445469134693       1.0265980406171222     0.084166642840693376       13.361904722273588   2.0675399155479826e-09       3.4908863374028734       3.4908863374028734       35629.207628022516                                                 34484.964107997839                                                1144.24352002468
                       2       17796.319136000631     0.025007479979073072      0.11314571578972543       61.340097008208538       3.0288443491977932       1.0243843654647704     0.083480394242709963       13.366524581247662   2.0673327631496478e-09       3.4908863374028734       3.4908863374028734       35585.656499326455                                                 34438.088270453518                                              1147.5682288729374
                       1       17736.445757521844     0.024928633010863566      0.11296783885423616       61.236446265437309       3.0546204016142902       1.0273469322258617     0.097567564401152607       13.380844570536148   2.1213131527882399e-09       3.4908863374028734       3.4908863374028734        35465.90974236888                                                 34309.509724598662                                              1156.4000177702212
                       1       17678.136019854672     0.024821574111093512      0.11417085216659255       60.721534995514986       3.0532471277491506        1.027866260788076     0.096156509337709237       13.381149769543276   2.1184020082326129e-09       3.4908863374028734       3.4908863374028734       35349.290267034536                                                 34113.822110241861                                              1235.4681567926748
                       2       17592.956712266503     0.024821574111093512      0.11417085216659255       60.721534995514986       3.0499325035444795       1.0332075125743156     0.096156509337709237       13.381149769543276   2.1113919259732258e-09       3.4908863374028734       3.4908863374028734       35178.931651858198                                                 33943.463495065524                                              1235.4681567926748
                       1       17509.253440336634     0.024821574111093512      0.11417085216659255       60.721534995514986       3.0396982642435666       1.0409015373936055     0.096156509337709237       13.381149769543276   2.0898936327269443e-09       3.4908863374028734       3.4908863374028734       35011.525107998459                                                 33776.056951205785                                              1235.4681567926748
                       1        17357.71184443805      0.02489157025089906      0.11331111726936129        60.60390249384664       3.0362099970785188       1.0439898990303778     0.095346044253356715       13.461813266038108   2.0826162255390248e-09       3.4908863374028734       3.4908863374028734       34708.441916201293                                                 33450.742208502488                                              1257.6997076988021
                       3       17258.837745728757     0.025194728228400003      0.11371206205037925       60.601581660994462       3.0469210300291558       1.0314508342231992     0.096839975332512027       13.465939918515364   2.1050430895821294e-09       3.4908863374028734       3.4908863374028734       34510.693718782706                                                 33224.555399360521                                              1286.1383194221821
                       1       17249.501848467935     0.025173208404883136      0.11354523023261831       60.542023505037108       3.0408421836128787       1.0326332086188061     0.094262415420342999       13.475623465362784    2.092285670421506e-09       3.4908863374028734       3.4908863374028734       34492.021924261062                                                 33198.878956632478                                              1293.1429676285809
                       1       17166.752948011963     0.025343171215570073      0.11240207720051162       60.723673116702955       3.0478219997854303       1.0300514952486244     0.097796419691247069        13.51817768035686   2.1069405243788278e-09       3.4908863374028734       3.4908863374028734       34326.524123349118                                                 33055.572850462675                                              1270.9512728864427
                       1       17159.359311808439     0.025343171215570073      0.11240207720051162       60.723673116702955       3.0573018741893487       1.0271364013839672     0.097796419691247069        13.51817768035686   2.1270090290856748e-09       3.4908863374028734       3.4908863374028734        34311.73685094207                                                 33040.785578055627                                              1270.9512728864427
                       1       16856.695983497186      0.02548453290611968      0.11441310014562683       59.554167070820426       3.0800920709697608       1.0128491241406983      0.10432152656186086       13.547299528400261   2.1760405805632653e-09       3.4908863374028734       3.4908863374028734       33706.410194319564                                                 32202.850370340733                                              1503.5598239788317
                       2       16648.733543803111     0.025167514326725086      0.11512292150859524       58.645974006615845       3.0836464309935105       1.0271569512467935      0.10893640332163991       13.640011572932071   2.1837887739901473e-09       3.4908863374028734       3.4908863374028734       33290.485314931415                                                 31631.314093039327                                              1659.1712218920852
                       2       16512.161372669481     0.025167514326725086      0.11512292150859524       58.645974006615845       3.0759407845557369       1.0376979253890479      0.10893640332163991       13.640011572932071   2.1670259369944056e-09       3.4908863374028734       3.4908863374028734       33017.340972664155                                                 31358.169750772071                                              1659.1712218920852
                       1        16490.69670755522     0.025296026757034674       0.1146636444181803       58.708343054220876       3.0728896130214558       1.0324429531463513      0.10654802500310921       13.642584018326119   2.1604240460140874e-09       3.4908863374028734       3.4908863374028734       32974.411642435633                                                 31318.622175701112                                              1655.7894667345192
                       1       16477.479839468018     0.025557695705649881      0.11657260254203915       58.631570047895771       3.0730747708544892       1.0182312675205367         0.10091792007226       13.599614391333317   2.1608241024845326e-09       3.4908863374028734       3.4908863374028734       32947.977906261229                                                 31233.714283740024                                              1714.2636225212034
                       6       16433.801488681718     0.025582760290961046      0.11662681533034601       58.535057679323259       3.0785848820933674       1.0171119953974597      0.10334418640437655       13.610276464997542   2.1727633467312334e-09       3.4908863374028734       3.4908863374028734       32860.621204688628                                                 31122.567423617904                                              1738.0537810707215
                       4       16365.902634732047     0.025582760290961046      0.11662681533034601       58.535057679323259       3.0820985862456132       1.0199198696579752      0.10334418640437655       13.610276464997542    2.180411222642701e-09       3.4908863374028734       3.4908863374028734       32724.823496789289                                                 30986.769715718568                                              1738.0537810707215
                       1        16308.57997762513     0.025791455519553311      0.11912140967244805       58.068686085213479       3.0823879997351877       1.0040466226293625     0.097230730965888634       13.564668024252342   2.1810423543879682e-09       3.4908863374028734       3.4908863374028734       32610.178182575455                                                 30728.586526850671                                              1881.5916557247838
                       1       16235.737735330673     0.025791455519553311      0.11912140967244805       58.068686085213479       3.0780183719598488       1.0099466391067544     0.097230730965888634       13.564668024252342   2.1715328028682669e-09       3.4908863374028734       3.4908863374028734       32464.493697986542                                                 30582.902042261758                                              1881.5916557247838
                       1       16205.320876048436     0.025681810614956963      0.11906476484489797       57.847547196074004        3.085366385667649       1.0122871131622513       0.1020212041097736       13.568061647235274   2.1875480236420761e-09       3.4908863374028734       3.4908863374028734       32403.659979422067                                                 30486.716114466028                                              1916.9438649560409
                       1       16051.577397544186     0.026311991811180557      0.11880610472516584       58.374082376069595       3.1481132499123881      0.99107124225757259      0.12741886884665282       13.587147811579916   2.3292076769103101e-09       3.4908863374028734       3.4908863374028734       32096.173022413568                                                  30222.24064155521                                              1873.9323808583586
