#                 weight             minuslogpost                 omegabh2                 omegach2                       H0                     logA                       ns                      tau               mnu_sample                 A_planck               TT_tSZ_Amp               TT_kSZ_Amp                       As                      mnu                chi2__CMB            minuslogprior         minuslogprior__0                     chi2 chi2__sbt_spt_audit.likelihoods.candl_cobaya.CandlCobayaLikelihood chi2__sbt_spt_audit.likelihoods.desi_dr2_bao.DESIDR2BAOGaussian chi2__planck_2018_lowl.TT chi2__planck_2018_lowl.EE_sroll2 chi2__planck_2018_highl_plik.TT_lite_native chi2__planckpr4lensing.PlanckPR4Lensing
                       4       947.75037211570054     0.022347106661891981       0.1168592687682449       68.870188251278989       3.0541423916973112      0.96547489111133289     0.059476330524652551     0.038500750839436673       1.0053263314030711       1.3488667558185121       1.7071953677772649   2.1202993863786907e-09     0.038500750839436673       489.91624297580194       5.7934714303969193       5.7934714303969193       1883.9138013706072                                                 1383.3931259047158                                              10.604432490089403        23.281635483896139               390.28381062215226                          67.274268891219805                      9.0765279785337558
                       2       947.72584718451526     0.022347106661891981       0.1168592687682449       68.870188251278989       3.0541423916973112      0.96547489111133289     0.059476330524652551     0.038500750839436673       1.0050967557947974       1.4584202602244301       1.6327747106938963   2.1202993863786907e-09     0.038500750839436673        489.8077344177122       5.7934714303969193       5.7934714303969193       1883.8647515082366                                                 1383.4525846004349                                              10.604432490089403        23.316030466104621               390.28381062215226                          67.211827300922124                      8.9960660285332139
                       3        947.2541735936735     0.022347106661891981       0.1168592687682449       68.870188251278989       3.0541423916973112      0.96547489111133289     0.059476330524652551     0.038500750839436673        1.005004054468448         1.19506680781685       2.3532511522865693   2.1202993863786907e-09     0.038500750839436673       489.78491858605025       5.7934714303969193       5.7934714303969193       1882.9214043265531                                                 1382.5320532504134                                              10.604432490089403        23.329956974397817               390.28381062215226                          67.206434953402066                      8.9647160360981282
                       1       947.24865702733871     0.022347106661891981       0.1168592687682449       68.870188251278989       3.0541423916973112      0.96547489111133289     0.059476330524652551     0.038500750839436673       1.0049045257314824         1.19506680781685       2.3532511522865693   2.1202993863786907e-09     0.038500750839436673       489.77388545338067       5.7934714303969193       5.7934714303969193       1882.9103711938835                                                 1382.5320532504134                                              10.604432490089403        23.344931602538452               390.28381062215226                          67.213355054677791                      8.9317881740122065
                       1       948.46656936498539     0.022378220055071903       0.1170816812532894       68.966629212557621       3.0572767652893633      0.96413705607181377     0.060370284546409747     0.026904367228050449       1.0051339596307867       1.1892010829279422       2.3501200024547004   2.1269556228991835e-09     0.026904367228050449       490.25033489836176       5.7934714303969193       5.7934714303969193       1885.3461958691769                                                 1384.3191191246531                                               10.77674184616205        23.754938327862362               390.50936908195189                          67.465728411197588                      8.5202990773499181
                       5       948.12103329021818     0.022343038168782282      0.11700717968965907       69.016129708136873       3.0574824756263355      0.96364996863785479     0.059939395251253372     0.020108900566404971       1.0058668535549935       1.1890416818812506       2.3772389762708834   2.1273932046630978e-09     0.020108900566404971       490.13853248876416       5.7934714303969193       5.7934714303969193       1884.6551237196425                                                 1383.4190231316361                                               11.09756809924216         23.83073054611441               390.37957309971608                          67.425290967573929                      8.5029378753597538
                       5       948.14963042818749     0.022343038168782282      0.11700717968965907       69.016129708136873       3.0574824756263355      0.96364996863785479     0.059939395251253372     0.020108900566404971       1.0060720892730537       1.1593675264267369       2.2772030769212881   2.1273932046630978e-09     0.020108900566404971       490.10746005944384       5.7934714303969193       5.7934714303969193       1884.7123179955811                                                 1383.5072898368949                                               11.09756809924216        23.797978430798139               390.38228908387975                            67.3801656813677                      8.5470268633982354
                       1       948.59586589778291     0.022308969099445585      0.11702428537089916       68.960746104804059       3.0590808643064675      0.96313982080540095     0.059786571674585808     0.026720617510268996       1.0071484813714719       1.1502913506965593       2.3051854167627854   2.1307963249095236e-09     0.026720617510268996        490.1258501257858       5.7934714303969193       5.7934714303969193       1885.6047889347719                                                 1384.5085508105865                                              10.970387998399755        23.878206628227417               390.36049678462547                          67.306775445040358                      8.5803712678925166
                       3       948.81293822847852     0.022308969099445585      0.11702428537089916       68.960746104804059       3.0590808643064675      0.96313982080540095     0.059786571674585808     0.026720617510268996       1.0073114664997542       1.2415516586048079       1.9455664355093285   2.1307963249095236e-09     0.026720617510268996       490.14148268775483       5.7934714303969193       5.7934714303969193       1886.0389335961631                                                 1384.9270629100085                                              10.970387998399755        23.852048726461817               390.35486211106371                          67.315367632779115                      8.6192042174502141
                       1       948.77899646346714     0.022308969099445585      0.11702428537089916       68.960746104804059       3.0590808643064675      0.96313982080540095     0.059786571674585808     0.026720617510268996        1.006999088446572       1.4401525805671991       1.7234398681141621   2.1307963249095236e-09     0.026720617510268996       490.15256730623605       5.7934714303969193       5.7934714303969193       1885.9710500661404                                                 1384.8480947615046                                              10.970387998399755        23.902259661889104               390.37398233826008                          67.329775181547078                      8.5465501245398237
                       5       949.07251337773289     0.022246600003378313      0.11696408496424701       69.020818272822098       3.0624033702122269      0.96217445297057524     0.060444064619900505      0.01279038855695222       1.0083747144039354       1.4453184857130958        1.726912402719722   2.1378876822979234e-09      0.01279038855695222       490.34069892626133       5.7934714303969193       5.7934714303969193       1886.5580838946719                                                 1384.7604040500187                                              11.456980918391956        24.108683888380313                390.5066648500196                          67.361151197962997                       8.364198989898421
                       1       949.37233494486964     0.022246600003378313      0.11696408496424701       69.020818272822098       3.0624033702122269      0.96217445297057524     0.060444064619900505      0.01279038855695222       1.0084922224909976        1.449610428204102       1.6177083171630628   2.1378876822979234e-09      0.01279038855695222         490.323721964078       5.7934714303969193       5.7934714303969193       1887.1577270289454                                                 1385.3770241464754                                              11.456980918391956        24.089392046379885                390.5066648500196                          67.345050734776194                      8.3826143329023584
                       4       948.80985430971782      0.02226808639316083      0.11708044703688737       68.980764220162058       3.0607900019458438      0.96142495562728902     0.060767403235356461     0.013275284464351032       1.0070981054878139       1.4643764256012461         1.74662833568708   2.1344412630734911e-09     0.013275284464351032       490.86066162104703       5.7934714303969193       5.7934714303969193       1886.0327657586417                                                 1384.0702330648869                                              11.101871072707794        24.310750623016418               390.61001856033801                          67.560942907130396                      8.3789495305621973
                       4       948.54960788490405     0.022320089293660292      0.11735533686886436       68.710592582613572       3.0628624443778754      0.96441107600875675        0.063388017858845     0.028225290889113058       1.0053916342316602       1.4865688726687125       1.4770105845260479   2.1388693566153429e-09     0.028225290889113058       490.79230210363664       5.7934714303969193       5.7934714303969193       1885.5122729090142                                                 1384.4319817110868                                              10.287989094290698        23.649789329230771               391.48010047489595                          67.389467835303236                      8.2729444642067396
                       3       948.44717494469012       0.0223545964274992      0.11744578869503751       68.923847570844316       3.0588215179489846      0.96392246206624754     0.061166665690030916    0.0032147277773036075       1.0051920209898262       1.4912827897984331        1.427070610092235   2.1302437822971742e-09    0.0032147277773036075       490.12577374972432       5.7934714303969193       5.7934714303969193       1885.3074070285863                                                 1384.6696864210032                                              10.511946857858783        23.762387846185845               390.69317056309586                          67.410930179383115                      8.2592851610595108
                      12       949.05085083996232       0.0223545964274992      0.11744578869503751       68.923847570844316       3.0588215179489846      0.96392246206624754     0.061166665690030916    0.0032147277773036075        1.004731804143246       1.5933390571012698       1.5647308095908996   2.1302437822971742e-09    0.0032147277773036075       490.10293960897656       5.7934714303969193       5.7934714303969193       1886.5147588191307                                                 1385.8998723522952                                              10.511946857858783        23.835785158953229               390.69317056309586                          67.340607917616495                      8.2333759693110213
                       3       949.14151693597626     0.022111004819220001      0.11729380582406548       68.589016365905707       3.0610250073344143      0.96361884623188798     0.062613314419720331     0.016446315041984093       1.0056676956568136       1.6099482778279341       1.9626186459086288   2.1349429272164798e-09     0.016446315041984093       490.65627304951033       5.7934714303969193       5.7934714303969193       1886.6960910111586                                                 1385.7558688709196                                              10.283949090728711        23.687768701021753               391.26689997675578                          67.445848652506612                       8.255755719226185
                       1       947.73291312503238     0.022173669930785449      0.11669151502934343       68.736151977503511       3.0537772286714198       0.9676555610198968     0.059624462225147459      0.03510972122885006       1.0052825821223388       1.5655836840395818       1.7936213889810197   2.1195252727863983e-09      0.03510972122885006       489.84619644121983       5.7934714303969193       5.7934714303969193       1883.8788833892709                                                 1383.4710788134817                                              10.561608134569498        22.764273135713267               390.36544060160082                          67.773546268706966                      8.9429364351987566
                       2       948.01065393036254     0.022294535285046047      0.11819146806132261       68.539188668275827       3.0451089881691038      0.96221892203341775     0.052220443467980972    0.0075328727391386109       1.0063856146229837       1.6508555294152147       1.4594742581536417   2.1012321172500659e-09    0.0075328727391386109       489.93256718059342       5.7934714303969193       5.7934714303969193       1884.4343649999312                                                 1383.7606221871968                                               10.74117563214123        23.797871451442859               390.37540956942763                          67.376250941518364                      8.3830352182045509
                       3       948.59526976498398     0.022327748176872036      0.11840758093962872       68.419113784801766       3.0432942317013669      0.96511468447590831     0.053042094092979858     0.014383952204837729       1.0043486561285744       1.6499815162186753       1.3772091090365961   2.0974223506199581e-09     0.014383952204837729        489.6742792340865       5.7934714303969193       5.7934714303969193       1885.6035966691741                                                 1384.4222266543966                                              11.507090780691124        23.193583909561539               390.27615677093655                          67.814267319703376                      8.3902712338850218
                       7       948.57552177569926      0.02224595545364353      0.11832113729984936       68.284271721326718        3.040121324043477      0.96600578210593657     0.051861748697122137     0.030317202607401214        1.004249252369751       1.6349381033089558       1.5912427371088094   2.0907779697595741e-09     0.030317202607401214       490.15812645049908       5.7934714303969193       5.7934714303969193       1885.5641006906046                                                 1383.5416897178682                                              11.864284522237538        22.898112345881032               390.64454394838577                          67.922281935574603                       8.693188220657623
                       2       948.64149285776648     0.022214661808821808      0.11832304016498046       68.330928284281612       3.0383668995499913       0.9661637315385484     0.050712422445340362     0.023091043373391996       1.0045631719172723       1.6302632831212431       1.6231941820517701   2.0871130735109074e-09     0.023091043373391996       490.63705239254125       5.7934714303969193       5.7934714303969193       1885.6960428547391                                                 1383.5946360868309                                              11.464354375366737        22.824232727296419                391.0205138718859                          68.059326681293896                      8.7329791120650331
                       4        949.1968941563116     0.022313118391474339      0.11775692068660366       68.625127127432719       3.0335397034513214      0.96469915918026639     0.048163993238219474    0.0094312910763360829       1.0049374755735698       1.6562938524055755       1.4430763834041631   2.0770624471137243e-09    0.0094312910763360829       491.78873687264769       5.7934714303969193       5.7934714303969193       1886.8068454518293                                                 1384.5771545857544                                              10.440953993427096        23.112339246277713               392.25404725653601                           67.33772511401304                      9.0846252558209386
                       6       948.62578397205084     0.022239997897602767      0.11744702824003184       68.589094138365638        3.033851328661608      0.96468495405856525      0.04985883568099829     0.013004486982329892       1.0039996358833845       1.6633398587947583        1.710749477195985   2.0777098129981108e-09     0.013004486982329892       491.13056048549453       5.7934714303969193       5.7934714303969193       1885.6646250833078                                                 1384.1621336208152                                              10.371930976998126        23.093228563834202               391.35575300602676                          67.368200005932977                      9.3133789097005693
                       7       947.76705636335907     0.022239997897602767      0.11744702824003184       68.589094138365638        3.033851328661608      0.96468495405856525      0.04985883568099829     0.013004486982329892       1.0043816661756639        1.609021183580877       1.5223018458639488   2.0777098129981108e-09     0.013004486982329892       491.38815170666516       5.7934714303969193       5.7934714303969193       1883.9471698659243                                                 1382.1870871822609                                              10.371930976998126        23.038068310636845               391.35575300602676                          67.520520945341801                      9.4738094446597554
                       1       947.32088801075781     0.022213004108941496      0.11716459894827162       68.660186991675886       3.0481852823233608      0.96070090888639625     0.055350554733968112     0.013744740383005445       1.0066237632263992       1.6070727651780849       1.6249040026592376   2.1077060781275277e-09     0.013744740383005445       490.76750336469564       5.7934714303969193       5.7934714303969193       1883.0548331607217                                                 1381.9846510577456                                              10.302678738280505        24.100985152697262               389.92099331759374                          67.969701482068345                      8.7758234123363099
                       1       948.75965905947862     0.022213004108941496      0.11716459894827162       68.660186991675886       3.0481852823233608      0.96070090888639625     0.055350554733968112     0.013744740383005445       1.0083822572776289       1.6070727651780849       1.6249040026592376   2.1077060781275277e-09     0.013744740383005445        493.6450454621372       5.7934714303969193       5.7934714303969193       1885.9323752581633                                                 1381.9846510577456                                              10.302678738280505        23.816293408103718               389.96489053497118                          70.460581423186511                      9.4032800958758038
                       3       948.78828162808713     0.022213004108941496      0.11716459894827162       68.660186991675886       3.0481852823233608      0.96070090888639625     0.055350554733968112     0.013744740383005445       1.0083693665362996       1.6121605992265409       1.6233205360524841   2.1077060781275277e-09     0.013744740383005445       493.60867382855446       5.7934714303969193       5.7934714303969193       1885.9896203953804                                                 1382.0782678285454                                              10.302678738280505        23.818350120034211               389.96489053497118                          70.427597430794137                      9.3978357427549053
                      11       948.41289689837618     0.022213004108941496      0.11716459894827162       68.660186991675886       3.0481852823233608      0.96070090888639625     0.055350554733968112     0.013744740383005445       1.0083713713910343       1.5822369515160106       1.6946503349106019   2.1077060781275277e-09     0.013744740383005445       493.61431553372631       5.7934714303969193       5.7934714303969193       1885.2388509359585                                                 1381.3218566639518                                              10.302678738280505        23.818030212394092               389.96489053497118                          70.432713116234893                      9.3986816701261535
                       1       946.98378812014812     0.022213004108941496      0.11716459894827162       68.660186991675886       3.0481852823233608      0.96070090888639625     0.055350554733968112     0.013744740383005445       1.0081630122863201       1.3440847777163387       2.4508121596771817   2.1077060781275277e-09     0.013744740383005445       493.05766722863649       5.7934714303969193       5.7934714303969193       1882.3806333795023                                                 1379.0202874125853                                              10.302678738280505        23.851342971665815               389.96489053497118                          69.929060291061802                      9.3123734309377166
                       1       947.64771056289351     0.022213004108941496      0.11716459894827162       68.660186991675886       3.0481852823233608      0.96070090888639625     0.055350554733968112     0.013744740383005445       1.0086263150408277       1.3440847777163387       2.4508121596771817   2.1077060781275277e-09     0.013744740383005445       494.38551211412755       5.7934714303969193       5.7934714303969193       1883.7084782649931                                                 1379.0202874125853                                              10.302678738280505        23.777459618267187               389.97350467142218                          71.125850843881494                      9.5086969805566781
                       4       946.05064646180188     0.022213004108941496      0.11716459894827162       68.660186991675886       3.0481852823233608      0.96070090888639625     0.055350554733968112     0.013744740383005445       1.0055352227848853       1.3440847777163387       2.4508121596771817   2.1077060781275277e-09     0.013744740383005445       491.19138391194411       5.7934714303969193       5.7934714303969193       1880.5143500628099                                                 1379.0202874125853                                              10.302678738280505        24.281565307934216               389.93210598266887                          68.472959231484126                      8.5047533898568872
                       2        947.1221574751512     0.022220283343062384      0.11686973992638683       68.509310913472973       3.0484094776535087      0.96255963803782452     0.054351243194678149     0.040640145226009977        1.007225479519354       1.3376499761013083       2.1583232821460481   2.1081786689619174e-09     0.040640145226009977       490.96290987780947       5.7934714303969193       5.7934714303969193       1882.6573720895085                                                 1381.3375962000541                                              10.356866011645115          23.7158478285927               390.06186434541706                          68.208158502019813                      8.9770392017798883
                       7       947.48233425114347     0.022264916651276848      0.11689451360731616       68.495103044363162        3.052879155414526      0.96119217590694372     0.056251341863033807     0.045776374450738823       1.0074499624727971       1.3428446306989392       2.1207164220056094   2.1176226383020506e-09     0.045776374450738823       491.65743833060992       5.7934714303969193       5.7934714303969193        1883.377725641493                                                  1381.291839689962                                              10.428447620921025        24.132472264838725               389.92406908538084                          68.829859336620913                      8.7710376437694482
                       1       947.65435682370048     0.022264916651276848      0.11689451360731616       68.495103044363162        3.052879155414526      0.96119217590694372     0.056251341863033807     0.045776374450738823       1.0089347900217869       1.3428446306989392       2.1207164220056094   2.1176226383020506e-09     0.045776374450738823       492.00148347572406       5.7934714303969193       5.7934714303969193       1883.7217707866071                                                  1381.291839689962                                              10.428447620921025         23.89103832983011               389.94043939685054                          68.893954289025743                      9.2760514600176975
                       1       947.83333460910785     0.022251270610214261       0.1167699302654843       68.622425874064675       3.0542543405836247      0.95988711274847338     0.056715301821910133     0.033728253184545684       1.0092780761557461       1.3449171296544045       2.2006015696777945   2.1205367648205255e-09     0.033728253184545684       492.60587429351358       5.7934714303969193       5.7934714303969193       1884.0797263574218                                                 1381.1690364632734                                              10.304815600634514        24.249577349865717               389.96975482164851                          69.315174771586328                      9.0713673504130519
                       5       946.27241971095532      0.02217507902897527      0.11703937379083645       68.529020979133506       3.0527689062971644      0.96228262801909425     0.057437555863902499     0.030088887356531827       1.0076913152667024       1.3300084080113936       2.3767475161448051   2.1173891851445112e-09     0.030088887356531827       490.80382448341862       5.7934714303969193       5.7934714303969193       1880.9578965611167                                                 1379.8338649506829                                              10.320207127015168        23.663591428349832               390.05097473003656                          68.185102451497301                      8.9041558735349309
                       5       947.09078924313803     0.022321919490333863      0.11691302386204426       68.713917492344535       3.0554104834288554      0.96156204579007454     0.057889803711964748     0.033168033139195897       1.0081136775434343       1.3154963610133938       2.1309009567657271   2.1229898260005435e-09     0.033168033139195897       491.60362197866749       5.7934714303969193       5.7934714303969193       1882.5946356254822                                                 1380.6751204317313                                              10.315893215083451         23.99040403003022               390.09126681189167                          68.663481926055852                      8.8584692106897318
                       3       947.45749303595244     0.022352700237877991      0.11733862772500951       68.477951997054788       3.0559686368175529      0.96393271143947468     0.058964590698176889     0.047023951085328156       1.0069008884603918       1.3166410935169786        1.979941451089487   2.1241751107206666e-09     0.047023951085328156       490.83174311587754       5.7934714303969193       5.7934714303969193        1883.328043211111                                                 1381.7701492576175                                              10.726150837616032        23.455463718644069               390.23216086851772                           68.43662020980598                      8.7074983189097548
                      16       947.78619351313853     0.022299713566153564       0.1183070771666095       68.448353212612389       3.0555725380658081       0.9594967080825304     0.055076607970498168     0.004620006296599255       1.0098465701768173       1.3656920619346358       1.8224810980342576   2.1233338942242233e-09     0.004620006296599255       491.76161930253971       5.7934714303969193       5.7934714303969193       1883.9854441654832                                                 1380.9595282387904                                              11.264296624153062        24.359688870124046               389.92819789247449                          69.234446887153538                       8.239285652787645
                       4       947.39472447461992     0.022369827282569563       0.1178753611742113       68.497616711112045       3.0557649471268618      0.95984763456242272     0.056871348998271627     0.032117407286286176       1.0081249571722326       1.3331008874337138       2.0403082747372707   2.1237424822118692e-09     0.032117407286286176       491.94234630371966       5.7934714303969193       5.7934714303969193       1883.2025060884459                                                 1380.3494917914109                                              10.910667993315764        24.430188328482529               389.92842274607784                          69.203136210691156                      8.3805990184681516
                       3       948.26770580247398     0.022314238045229463        0.117873350061048       68.248256693231255       3.0601461625184325       0.9631254387893996     0.060081841424974101     0.056403254661032624       1.0075086221345211       1.3130294489711243       2.0318164631448505   2.1330674679320258e-09     0.056403254661032624       491.24178024948526       5.7934714303969193       5.7934714303969193       1884.9484687441541                                                 1381.6971307101467                                              12.009557784521999        23.640656944198724                 390.536956373061                          68.603921316714136                      8.4602456155113543
                       1        947.4662608696799      0.02218208029357335       0.1179708208045359       68.307292119508659       3.0538915607913917      0.96362789284461081     0.056172275281590738     0.044794819203556033       1.0083314903274594       1.2823679532259507        2.299757555422179   2.1197676164577386e-09     0.044794819203556033       490.24983562177744       5.7934714303969193       5.7934714303969193       1883.3455788785659                                                 1381.9316463886319                                              11.164096868156228        23.358564682176564               389.97185993233165                          68.237374083573187                      8.6820369236960531
                       6       947.32483715771843      0.02218208029357335       0.1179708208045359       68.307292119508659       3.0538915607913917      0.96362789284461081     0.056172275281590738     0.044794819203556033       1.0081649507223345       1.2823679532259507        2.299757555422179   2.1197676164577386e-09     0.044794819203556033       489.96698819785473       5.7934714303969193       5.7934714303969193        1883.062731454643                                                 1381.9316463886319                                              11.164096868156228        23.383636664206449               389.97185993233165                          67.968513056722671                      8.6429785445939871
                       1       947.66624453619499     0.022199362104895655      0.11841240880541343       68.383548105679097       3.0507164652127892      0.96107589405238159     0.052665740363509433     0.015445220559774375        1.009577842209576       1.3188615263470727       2.1239607109787952   2.1130478253059596e-09     0.015445220559774375       490.45046158767644       5.7934714303969193       5.7934714303969193       1883.7455462115961                                                 1382.1161202166866                                              11.178964407233055        23.893223141117858               390.19941218043294                           67.98994063291056                      8.3678856332150513
                       1       947.00281524222146     0.022195848017028744      0.11822707659041601       68.415771957562797       3.0473211304275125      0.96165334506270428     0.051653307097096944     0.016310431613823954       1.0090529812484215       1.3204819683700944       2.1680769760782592    2.105885486671297e-09     0.016310431613823954       490.52989381473606       5.7934714303969193       5.7934714303969193        1882.418687623649                                                 1380.9515968650512                                              10.937196943861695        23.713327742415345               390.48940299318059                          67.818551112315589                      8.5086119668245512
                       4       946.79853972846922     0.022205980075576115      0.11817142311289559       68.393631639457354       3.0493919339137667      0.96173336454540947     0.052818792865570618     0.019888093276913005       1.0090281249639299       1.3231868585908941       2.1303283168645186   2.1102508800546837e-09     0.019888093276913005       490.31895819833755       5.7934714303969193       5.7934714303969193       1882.0101365961445                                                  1380.650357362937                                              11.040821034869836        23.724689731351305               390.24331654330587                          67.891822991160751                      8.4591289325196772
                       2       946.51215237322151     0.022205980075576115      0.11817142311289559       68.393631639457354       3.0493919339137667      0.96173336454540947     0.052818792865570618     0.019888093276913005        1.007336054465666       1.3231868585908941       2.1303283168645186   2.1102508800546837e-09     0.019888093276913005       489.74618348784196       5.7934714303969193       5.7934714303969193       1881.4373618856491                                                  1380.650357362937                                              11.040821034869836        23.994887869408217               390.19298345293817                          67.271633818046837                      8.2866783474487455
                       5        946.8347355015427     0.022205980075576115      0.11817142311289559       68.393631639457354       3.0493919339137667      0.96173336454540947     0.052818792865570618     0.019888093276913005       1.0073069474890646       1.2547426852209214       2.3217894936680055   2.1102508800546837e-09     0.019888093276913005       489.77227804182576       5.7934714303969193       5.7934714303969193       1882.0825281422915                                                 1381.2694290655959                                              11.040821034869836        23.999611909911835               390.19298345293817                          67.294056999868829                      8.2856256791069498
                       4       946.74514519596448      0.02219822235188806      0.11816566994301063       68.344501586156412       3.0508053323535731      0.96196523168386405     0.053647531893735625     0.024731282545578707       1.0072705814185308       1.2537200171677663       2.3265371462209687   2.1132356141685408e-09     0.024731282545578707       489.57317420133336       5.7934714303969193       5.7934714303969193       1881.9033475311351                                                 1381.0882572787029                                              11.241916051098784        23.952289689584063               390.10453502400725                          67.230458011521762                      8.2858914762203053
                       6       947.37167196741325     0.022278763057411628       0.1177879073012863        68.44171361943873       3.0557230855184812       0.9599595114746422     0.056169907947928893      0.03878918026007605       1.0072901721514387       1.2462522782607164       2.3814957580793119   2.1236535807965688e-09      0.03878918026007605       491.21976767811748       5.7934714303969193       5.7934714303969193       1883.1564010740326                                                 1381.1254753645367                                              10.811158031378355        24.612268076618307               389.91027042083402                          68.420398326305786                      8.2768308543593392
                       1       948.74154916881889     0.022173343143223348      0.11641667531483114       68.579169657200978       3.0566094002846849      0.96120380392508509     0.059316610674530507     0.059255767956968602       1.0063725135355108       1.2231715223117632       2.8183517297548786   2.1255366406921554e-09     0.059255767956968602       493.64707925893441       5.7934714303969193       5.7934714303969193       1885.8961554768439                                                 1381.9224741513945                                               10.32660206651507        24.302351710909704               390.33186630809706                          69.895626296598294                      9.1172349433293576
                       1         948.543062618269     0.022173343143223348      0.11641667531483114       68.579169657200978       3.0566094002846849      0.96120380392508509     0.059316610674530507     0.059255767956968602       1.0064441420225512        1.193278282127421       2.8311087490277584   2.1255366406921554e-09     0.059255767956968602        493.5159114340513       5.7934714303969193       5.7934714303969193       1885.4991823757441                                                 1381.6566688751775                                               10.32660206651507        24.290319467533322               390.33186630809706                          69.750323155090797                      9.1434025033301012
                       2       948.81236856979717     0.022161639631319643      0.11634315457851781       68.535548173915089       3.0555094378680958      0.96075368668839767     0.058507107181610563     0.065972055790833442       1.0068413193520207       1.1961881959275793       2.8605656854602719   2.1231999156627698e-09     0.065972055790833442         494.002075437906       5.7934714303969193       5.7934714303969193       1886.0377942788004                                                 1381.7336982162212                                              10.302020624673213         24.33843590765423               390.13094158261174                          70.049305330495301                      9.4833926171447107
                       3       948.54204804328776     0.022161639631319643      0.11634315457851781       68.535548173915089       3.0555094378680958      0.96075368668839767     0.058507107181610563     0.065972055790833442       1.0071959035345495       1.1961881959275793       2.8605656854602719   2.1231999156627698e-09     0.065972055790833442       493.46143438488735       5.7934714303969193       5.7934714303969193       1885.4971532257816                                                 1381.7336982162212                                              10.302020624673213        24.278812850569295               390.13115662231803                          69.410766569066197                      9.6406983429338347
                       3       948.39340185574622     0.022161639631319643      0.11634315457851781       68.535548173915089       3.0555094378680958      0.96075368668839767     0.058507107181610563     0.065972055790833442       1.0071968530189812       1.2233526255044631       2.7934861641509188   2.1231999156627698e-09     0.065972055790833442       493.46022490407694       5.7934714303969193       5.7934714303969193       1885.1998608506985                                                 1381.4376153219482                                              10.302020624673213        24.278653882863296               390.13115662231803                          69.409282062108687                      9.6411323367869457
                       1       947.25459012110093     0.022148336477520694      0.11636634113873241       68.449404659312464        3.048808851075492      0.96577111737900023     0.056514174264138961     0.070174962726167842       1.0059140573998462       1.2131236885067329       2.6048357534388251   2.1090207876398095e-09     0.070174962726167842         491.486344877617       5.7934714303969193       5.7934714303969193        1882.922237381408                                                 1381.1507240877065                                              10.285168416084399         23.01459461819104               390.02383020110432                           68.22473207900056                      10.223187979321095
                       1       946.99785071411918     0.022148336477520694      0.11636634113873241       68.449404659312464        3.048808851075492      0.96577111737900023     0.056514174264138961     0.070174962726167842       1.0060974426193765       1.1708891300235931       2.5538065322939882   2.1090207876398095e-09     0.070174962726167842       491.42042122483105       5.7934714303969193       5.7934714303969193       1882.4087585674445                                                 1380.7031689265291                                              10.285168416084399        22.988390455112722               390.02725393446013                          68.079372103040924                      10.325404732217264
                       4       949.34970922125694     0.022148336477520694      0.11636634113873241       68.449404659312464        3.048808851075492      0.96577111737900023     0.056514174264138961     0.070174962726167842       1.0057992803326645       1.6571207980705691       1.6179109184953289   2.1090207876398095e-09     0.070174962726167842       491.55390451086322       5.7934714303969193       5.7934714303969193         1887.11247558172                                                 1385.2734026547723                                              10.285168416084399        23.031057136560037               390.02383020110432                          68.338505746733262                      10.160511426465598
                       1       949.69271677240897     0.022162767678799135      0.11680347502244245       68.335821767158677       3.0510784549059013      0.96342667081817024     0.055183190616781091     0.070317414098816172       1.0078837331697639       1.6721290741302455       1.4512750120840798   2.1138128652997161e-09     0.070317414098816172       490.86004979626551       5.7934714303969193       5.7934714303969193        1887.798490684024                                                  1386.398683407162                                              10.539757480596538        23.485120093856267                389.9952545287706                          67.787706453566713                      9.5919687200719412
                       1       949.24502653904131     0.022102685278437714      0.11709689290263373       68.294428414089083       3.0492161926472772      0.96322362071025824     0.054059634167642916      0.05928650704085741       1.0079132047893264       1.6762294852111674       1.5509832155669774    2.109880054478045e-09      0.05928650704085741       490.48872178111657       5.7934714303969193       5.7934714303969193       1886.9031102172887                                                 1385.7635651300777                                              10.650823306094505        23.471941290583629               390.08510466699306                          67.666878689232391                      9.2647971343074449
                       2       949.24840646473729     0.022102541036533391      0.11709635071127494        68.29432981555486       3.0492190349682611      0.96322390162685878     0.054060225296179036     0.059303876744721304       1.0079152893526087       1.6762145979170571       1.5511317671261566   2.1098860514429198e-09     0.059303876744721304       490.48997696376489       5.7934714303969193       5.7934714303969193       1886.9098700686807                                                 1385.7692633631616                                              10.650629741754045        23.471833575532798               390.08510466699306                          67.667783107750822                       9.265255613488204
                       1       949.86616302601897     0.022119459704271746      0.11742516104189084       68.326513150253945       3.0502561847281617       0.9621860284366055     0.053117844061621539     0.046135321183151029       1.0089845979006955       1.6821792413176171       1.4092201896731207   2.1120754544277239e-09     0.046135321183151029       490.03588183489671       5.7934714303969193       5.7934714303969193        1888.145383191244                                                 1387.3954603193831                                              10.714041036964362         23.70798636033885                 390.202045146356                          67.374631489091101                      8.7512188391107752
                       1       948.57702179493651     0.022212692516846919      0.11763408352701898       68.433367908827236       3.0463539254567231      0.96414122246365164     0.052795710871589276     0.038154448540907979       1.0065865322649394       1.6715894093195176       1.3492561406362218   2.1038496484558042e-09     0.038154448540907979       489.56501232655268       5.7934714303969193       5.7934714303969193       1885.5671007290791                                                 1385.3647271559009                                              10.637361246625519        23.382073665422411                390.2962952992371                           67.21616376974923                      8.6704795921439022
                       5       947.88059551305071     0.022212692516846919      0.11763408352701898       68.433367908827236       3.0463539254567231      0.96414122246365164     0.052795710871589276     0.038154448540907979       1.0064835091711852       1.5883934580126722       1.6388171319709535   2.1038496484558042e-09     0.038154448540907979       489.62379131042115       5.7934714303969193       5.7934714303969193       1884.1742481653075                                                 1383.9130956082608                                              10.637361246625519        23.397597621473267                390.2962952992371                          67.284480669449209                      8.6454177202615803
                       3        948.2799735441713     0.022212692516846919      0.11763408352701898       68.433367908827236       3.0463539254567231      0.96414122246365164     0.052795710871589276     0.038154448540907979        1.005789005673585       1.5883934580126722       1.6388171319709535   2.1038496484558042e-09     0.038154448540907979       490.42254737266234       5.7934714303969193       5.7934714303969193       1884.9730042275487                                                 1383.9130956082608                                              10.637361246625519        23.503188476698881               390.30771424151328                          68.113928756601439                      8.4977158978487868
                       3       947.78602664631524     0.022212692516846919      0.11763408352701898       68.433367908827236       3.0463539254567231      0.96414122246365164     0.052795710871589276     0.038154448540907979       1.0057674756786379       1.5045819962148119       1.8614085330180417   2.1038496484558042e-09     0.038154448540907979       490.45786785080486       5.7934714303969193       5.7934714303969193       1883.9851104318366                                                 1382.8898813344065                                              10.637361246625519        23.506488831988634               390.30771424151328                            68.1499349207498                      8.4937298565531343
                       1       947.95546084903503     0.022227164580014142      0.11735119822790001       68.508804640159283       3.0434306392121302      0.96651086045728563     0.052742051591507425     0.046816279788955986       1.0044309549308645       1.4753513677151555       1.9368049397866736   2.0977084742960905e-09     0.046816279788955986       490.88071637392568       5.7934714303969193       5.7934714303969193       1884.3239788372762                                                 1383.0632577954204                                              10.380004667930107        23.022400451156386               390.39100264128433                          68.589734517412666                      8.8775787640722825
                      12       946.70172443979436     0.022227164580014142      0.11735119822790001       68.508804640159283       3.0434306392121302      0.96651086045728563     0.052742051591507425     0.046816279788955986       1.0051146891282863       1.1603423261354791       2.1309519097384966   2.0977084742960905e-09     0.046816279788955986       490.06240803009428       5.7934714303969193       5.7934714303969193       1881.8165060187948                                                 1381.3740933207705                                              10.380004667930107          22.9251775144117                390.4121521447276                           67.62170229552919                      9.1033760754257695
                       2        948.9217243524198     0.022227164580014142      0.11735119822790001       68.508804640159283       3.0434306392121302      0.96651086045728563     0.052742051591507425     0.046816279788955986       1.0045629284495876       1.6421611640368186       1.4189000048223135   2.0977084742960905e-09     0.046816279788955986       490.68959414900786       5.7934714303969193       5.7934714303969193       1886.2565058440457                                                  1385.186907027108                                              10.380004667930107        23.003501743779509               390.41363082707323                           68.35410376760359                      8.9183578105515267
                       2       949.05248291687462     0.022227164580014142      0.11735119822790001       68.508804640159283       3.0434306392121302      0.96651086045728563     0.052742051591507425     0.046816279788955986       1.0044695333577591       1.6362717219338176       1.5117420028083737   2.0977084742960905e-09     0.046816279788955986       490.81566873961458       5.7934714303969193       5.7934714303969193       1886.5180229729554                                                 1385.3223495654106                                              10.380004667930107        23.016869178428976               390.39100264128433                          68.518436662224971                      8.8893602576762625
                       6       949.08427660072857     0.022229205807680695      0.11733752652235126       68.512164690699052       3.0437188814062708      0.96614667343133909     0.052795916902356854     0.048146413409036123       1.0045506219297144        1.635259841983675       1.5357520248554026   2.0983132095403088e-09     0.048146413409036123       490.91119176687607       5.7934714303969193       5.7934714303969193       1886.5816103406632                                                 1385.2991470004952                                              10.371271573291914        23.098285691097487               390.36746762272099                          68.531563759476953                      8.9138746935806168
                       2       949.10961964717603      0.02227919276620257      0.11730284673200898        68.36954675395792       3.0477697980556471      0.96536022240830799     0.055095219472295204     0.064141845688316032       1.0043821272552558       1.6571799039086399       1.4408106128751896    2.106830541309583e-09     0.064141845688316032        490.4792721457971       5.7934714303969193       5.7934714303969193       1886.6322964335582                                                 1385.3037823239713                                              10.849241963789824        23.310159470569772               389.99262612112716                          68.285963024948487                      8.8905235291516895
