#                 weight             minuslogpost                 omegabh2                 omegach2                       H0                     logA                       ns                      tau                      mnu                       As            minuslogprior         minuslogprior__0                     chi2 chi2__sbt_spt_audit.likelihoods.candl_cobaya.CandlCobayaLikelihood chi2__sbt_spt_audit.likelihoods.desi_dr2_bao.DESIDR2BAOGaussian
                      81       701.29208482112551     0.022393655674830565      0.11723255709393002        68.47041634499648       3.0717520999999999      0.95011047000000004     0.060261565627083818      0.04783878828429166   2.1579679327251422e-09       2.1045919762829826       2.1045919762829826        1398.374985689685                                                 1387.4909064826916                                              10.884079206993356
                      27       701.15367142354637     0.022398041509359572      0.11802816892717576       68.507762450248492       3.0717520999999999      0.95011047000000004     0.060575456168169638      0.03665046842582944   2.1579679327251422e-09       2.1045919762829826       2.1045919762829826       1398.0981588945267                                                 1387.1157215935305                                              10.982437300996239
                      30       700.96637483342681     0.022398041509359572      0.11802816892717576       68.507762450248492       3.0587055627303954      0.96735313818513047     0.060575456168169638      0.03665046842582944   2.1299967837344124e-09       2.1045919762829826       2.1045919762829826       1397.7235657142876                                                 1386.7411284132913                                              10.982437300996239
                       6        700.6521767797708     0.022404864295263494      0.11790389677303589       68.509908485714575       3.0587055627303954      0.96735313818513047     0.060935506256837885      0.03529920962072549   2.1299967837344124e-09       2.1045919762829826       2.1045919762829826       1397.0951696069756                                                 1386.1186730837453                                              10.976496523230143
                      22       700.19958652187142     0.022404864295263494      0.11790389677303589       68.509908485714575       3.0561664421608659      0.96358276803904352     0.060935506256837885      0.03529920962072549   2.1245953254666904e-09       2.1045919762829826       2.1045919762829826       1396.1899890911768                                                 1385.2134925679466                                              10.976496523230143
                      15       701.07892154464787     0.022404864295263494      0.11790389677303589       68.509908485714575       3.0497101704967817      0.97223105635984997     0.060935506256837885      0.03529920962072549   2.1109225459527181e-09       2.1045919762829826       2.1045919762829826       1397.9486591367297                                                 1386.9721626134994                                              10.976496523230143
                      36       702.15027644298891     0.022402540491902979      0.11766174025331366       68.426064178157105       3.0497101704967817      0.97223105635984997     0.060562424621599803     0.031881190478816553   2.1109225459527181e-09       2.1045919762829826       2.1045919762829826       1400.0913689334118                                                 1388.6724829842171                                               11.41888594919471
                       7       701.82048714399718     0.022285566003024046      0.11739994593818817       68.646760126773927       3.0497101704967817      0.97223105635984997     0.062633120315916099    0.0081251712687873331   2.1109225459527181e-09       2.1045919762829826       2.1045919762829826       1399.4317903354283                                                 1389.0677709088918                                              10.364019426536625
                      43       702.15882617642194     0.022314051502883608      0.11812517606844365       68.329926628466978       3.0497101704967817      0.97223105635984997     0.058333958920809892      0.01779917812720043   2.1109225459527181e-09       2.1045919762829826       2.1045919762829826       1400.1084684002778                                                 1388.1268385859657                                              11.981629814312202
                       6       702.44525167823758     0.022314051502883608      0.11812517606844365       68.329926628466978       3.0537357779424661      0.96921959658530443     0.058333958920809892      0.01779917812720043   2.1194374187396249e-09       2.1045919762829826       2.1045919762829826       1400.6813194039091                                                  1388.699689589597                                              11.981629814312202
                      12       702.12106502075096     0.022140077267113051      0.11830863698939778       68.187845696638647       3.0537357779424661      0.96921959658530443     0.056072796415398432     0.035653283357962424   2.1194374187396249e-09       2.1045919762829826       2.1045919762829826       1400.0329460889359                                                 1388.0110285717012                                              12.021917517234568
                       2        707.5826393627118     0.022049536512551076      0.11763622824043388       67.893841512463425       3.0537357779424661      0.96921959658530443     0.063090518234544937     0.063186550016596787   2.1194374187396249e-09       2.1045919762829826       2.1045919762829826       1410.9560947728576                                                 1397.4863995504245                                              13.469695222433089
                      26       703.39824900178019     0.022049536512551076      0.11763622824043388       67.893841512463425       3.0519043275990949      0.97496363748527193     0.063090518234544937     0.063186550016596787   2.1155593267018123e-09       2.1045919762829826       2.1045919762829826       1402.5873140509943                                                 1389.1176188285613                                              13.469695222433089
                       2       703.90433980394278     0.022054320588187827      0.11753206388354995       67.892157996086127       3.0519043275990949      0.97496363748527193     0.063356534929771224     0.065678133007371589   2.1155593267018123e-09       2.1045919762829826       2.1045919762829826       1403.5994956553195                                                 1390.1766743925857                                              13.422821262733748
                      13       705.19653770335287     0.022054320588187827      0.11753206388354995       67.892157996086127       3.0536703473562996       0.9716132978431411     0.063356534929771224     0.065678133007371589   2.1192987472437018e-09       2.1045919762829826       2.1045919762829826       1406.1838914541397                                                 1392.7610701914059                                              13.422821262733748
                      25        702.1316430147541     0.022015317958701312      0.11751859821410278        67.85863145102698       3.0536703473562996       0.9716132978431411     0.060978363890295879     0.069590293564097391   2.1192987472437018e-09       2.1045919762829826       2.1045919762829826       1400.0541020769422                                                 1386.6224751089583                                              13.431626967983966
                       4       702.20717213388809     0.022014006057361188      0.11752061482435538        67.85867515500567       3.0536703473562996       0.9716132978431411     0.061056481641718653     0.069416212538937247   2.1192987472437018e-09       2.1045919762829826       2.1045919762829826       1400.2051603152102                                                 1386.7796111386256                                              13.425549176584605
                      40       702.35238554593127     0.022014006057361188      0.11752061482435538        67.85867515500567       3.0569653726738899      0.96864370401346511     0.061056481641718653     0.069416212538937247     2.12629340773458e-09       2.1045919762829826       2.1045919762829826       1400.4955871392965                                                 1387.0700379627119                                              13.425549176584605
                      25       704.09282709060972     0.021901908313408987      0.11761224576603023       67.790099057265166       3.0569653726738899      0.96864370401346511      0.06016877537088125     0.063317856031360739     2.12629340773458e-09       2.1045919762829826       2.1045919762829826       1403.9764702286534                                                 1390.4784979786173                                              13.497972250036096
                      14       704.59894854766992     0.021901908313408987      0.11761224576603023       67.790099057265166       3.0607796902689706      0.96739570478809633      0.06016877537088125     0.063317856031360739   2.1344192535183589e-09       2.1045919762829826       2.1045919762829826       1404.9887131427738                                                 1391.4907408927377                                              13.497972250036096
                      31       702.36236983443735     0.021998428328893527       0.1191833011586399       67.715237625571149       3.0607796902689706      0.96739570478809633     0.061221444175178649     0.015639893301647806   2.1344192535183589e-09       2.1045919762829826       2.1045919762829826       1400.5155557163087                                                 1383.0479992491851                                              17.467556467123497
                       9       702.54486929842733     0.022060571568216704      0.11902119083650844       67.731872532105285       3.0607796902689706      0.96739570478809633     0.062053418397659439     0.020388863546004644   2.1344192535183589e-09       2.1045919762829826       2.1045919762829826       1400.8805546442886                                                 1383.2557813902863                                               17.62477325400242
                      17       703.15547936223265     0.022060571568216704      0.11902119083650844       67.731872532105285       3.0649683349861698      0.96530192552896577     0.062053418397659439     0.020388863546004644   2.1433783275392133e-09       2.1045919762829826       2.1045919762829826       1402.1017747718993                                                  1384.477001517897                                               17.62477325400242
                      20       703.59676064264659     0.022060571568216704      0.11902119083650844       67.731872532105285        3.070354567756318      0.95800546450717805     0.062053418397659439     0.020388863546004644   2.1549542093366394e-09       2.1045919762829826       2.1045919762829826       1402.9843373327271                                                 1385.3595640787248                                               17.62477325400242
                      69       703.57584410815821     0.022081140793855484      0.11900629491146515       67.703285062360152        3.070354567756318      0.95800546450717805     0.061875820104741672     0.027980857532489356   2.1549542093366394e-09       2.1045919762829826       2.1045919762829826       1402.9425042637504                                                 1384.8106835308063                                              18.131820732944064
                      12       703.72860067388069      0.02212772794769919       0.1190488725446361       67.626785464255278        3.070354567756318      0.95800546450717805     0.062253478387240047     0.041293767486420795   2.1549542093366394e-09       2.1045919762829826       2.1045919762829826       1403.2480173951953                                                 1383.5075238312395                                              19.740493563955773
                       8       704.27386655569569     0.022143813099686726      0.11948099890190188       67.523675358088141        3.070354567756318      0.95800546450717805     0.061574580257376402     0.050300095553807496   2.1549542093366394e-09       2.1045919762829826       2.1045919762829826       1404.3385491588253                                                 1382.1500030191353                                              22.188546139690118
                      15       705.83913161350574     0.022186266340751486       0.1195912732963617       67.412905934552199        3.070354567756318      0.95800546450717805     0.061206836220104241     0.055873848627100202   2.1549542093366394e-09       2.1045919762829826       2.1045919762829826       1407.4690792744454                                                 1382.2509872595697                                              25.218092014875854
                       8        705.8087676324858     0.022399623743925425      0.11898552914013602       67.620886086742331        3.070354567756318      0.95800546450717805     0.064881585381102447     0.065030462235675782   2.1549542093366394e-09       2.1045919762829826       2.1045919762829826       1407.4083513124056                                                 1384.6399683071479                                              22.768383005257615
                       2       707.50160346916493     0.022399623743925425      0.11898552914013602       67.620886086742331       3.0650221205659145      0.96542555080106451     0.064881585381102447     0.065030462235675782   2.1434936134855048e-09       2.1045919762829826       2.1045919762829826       1410.7940229857638                                                 1388.0256399805062                                              22.768383005257615
                      12       708.92043841861471      0.02219918761845914      0.11844426112443365       67.809212254222757       3.0650221205659145      0.96542555080106451     0.064933279471973596     0.096412477159323551   2.1434936134855048e-09       2.1045919762829826       2.1045919762829826       1413.6316928846634                                                 1397.8627436403683                                              15.768949244295017
                      51       704.65701985758028     0.022206095187818273      0.11885360600256796       67.579262207782946       3.0650221205659145      0.96542555080106451     0.064166577629317781     0.084851692671461837   2.1434936134855048e-09       2.1045919762829826       2.1045919762829826       1405.1048557625945                                                 1384.8406698965471                                              20.264185866047512
                      20       704.72382670999923     0.022206095187818273      0.11885360600256796       67.579262207782946       3.0661575146970153       0.9641331446920095     0.064166577629317781     0.084851692671461837   2.1459287056874117e-09       2.1045919762829826       2.1045919762829826       1405.2384694674324                                                  1384.974283601385                                              20.264185866047512
                       2       705.67139983314678     0.022218510433999885       0.1180928220387165       67.635052122732574       3.0661575146970153       0.9641331446920095     0.063044004933482861      0.07683028758536399   2.1459287056874117e-09       2.1045919762829826       2.1045919762829826       1407.1336157137275                                                 1388.2919556421814                                              18.841660071546229
                      16        704.1526835655626      0.02205519579743544      0.11747480197856533       67.660678532210213       3.0661575146970153       0.9641331446920095     0.062515392420093255      0.10644134368451727   2.1459287056874117e-09       2.1045919762829826       2.1045919762829826       1404.0961831785592                                                 1388.5730158965746                                              15.523167281984641
                      53       704.79763442665012     0.022042445355778692      0.11742193291211513       67.621194423893442       3.0661575146970153       0.9641331446920095     0.063189504373580507      0.10466661184883773   2.1459287056874117e-09       2.1045919762829826       2.1045919762829826       1405.3860849007342                                                 1389.4381657981548                                              15.947919102579291
                       4       705.09273036174329     0.022081161262712087      0.11719031890363871       67.851225595556244       3.0661575146970153       0.9641331446920095     0.060498214496368101     0.098002382695341228   2.1459287056874117e-09       2.1045919762829826       2.1045919762829826       1405.9762767709205                                                 1392.6097319287496                                              13.366544842170935
                       1       703.84615266456115     0.022053239898218703      0.11698066296443184        67.94335334456035       3.0661575146970153       0.9641331446920095     0.061879557227302914      0.10420536312089607   2.1459287056874117e-09       2.1045919762829826       2.1045919762829826       1403.4831213765563                                                 1391.3375910178345                                              12.145530358721849
                      12       703.69741513430529     0.022053239898218703      0.11698066296443184        67.94335334456035       3.0631195373923208      0.96494030460203406     0.061879557227302914      0.10420536312089607   2.1394193156780275e-09       2.1045919762829826       2.1045919762829826       1403.1856463160445                                                 1391.0401159573228                                              12.145530358721849
                      14       703.16069932043479     0.022081116326355059      0.11671354878694296       67.960131046628391       3.0631195373923208      0.96494030460203406      0.06253843192963017      0.10391797028531909   2.1394193156780275e-09       2.1045919762829826       2.1045919762829826       1402.1122146883035                                                 1390.0761047924459                                              12.036109895857683
                      19       702.69401264269413     0.022102432311110965      0.11677465045218981       68.004083413785722       3.0631195373923208      0.96494030460203406      0.06232406983575748       0.1047768129632739   2.1394193156780275e-09       2.1045919762829826       2.1045919762829826       1401.1788413328222                                                   1389.35136851021                                              11.827472822612178
                       7       703.55990426830942     0.022118441530633932      0.11698124176364277       67.965204384372612       3.0631195373923208      0.96494030460203406     0.060053156496713285       0.1128998238276893   2.1394193156780275e-09       2.1045919762829826       2.1045919762829826       1402.9106245840528                                                 1390.6793010958559                                              12.231323488196924
                      31       702.83555894365907     0.022175011650915913      0.11725628803661078       67.959069016806026       3.0631195373923208      0.96494030460203406     0.060094953557539521      0.10440497587519522   2.1394193156780275e-09       2.1045919762829826       2.1045919762829826       1401.4619339347521                                                 1388.5940511733822                                              12.867882761369916
                      19       703.89684042974432     0.022175011650915913      0.11725628803661078       67.959069016806026       3.0684427126058318      0.95726608877506936     0.060094953557539521      0.10440497587519522   2.1508381849074468e-09       2.1045919762829826       2.1045919762829826       1403.5844969069226                                                 1390.7166141455527                                              12.867882761369916
                      19       703.64305397620683     0.022167999597025131       0.1171733424583956        67.96071388722774       3.0684427126058318      0.95726608877506936      0.06023142511542201      0.10195325861554387   2.1508381849074468e-09       2.1045919762829826       2.1045919762829826       1403.0769239998476                                                 1390.2843021353672                                              12.792621864480383
                      13        704.5763218470471     0.022188336609643471      0.11728287921214658       67.774604675175809       3.0684427126058318      0.95726608877506936     0.060652721334065574     0.099065525204235505   2.1508381849074468e-09       2.1045919762829826       2.1045919762829826       1404.9434597415282                                                 1389.7550159752311                                               15.18844376629705
                      13       704.47719262852638     0.022188336609643471      0.11728287921214658       67.774604675175809       3.0682435115767186      0.95730606943750174     0.060652721334065574     0.099065525204235505   2.1504097783984829e-09       2.1045919762829826       2.1045919762829826       1404.7452013044867                                                 1389.5567575381897                                               15.18844376629705
                       3       702.76026908897882     0.022188336609643471      0.11728287921214658       67.774604675175809       3.0562469407053068      0.96888948523103813     0.060652721334065574     0.099065525204235505   2.1247663591818065e-09       2.1045919762829826       2.1045919762829826       1401.3113542253916                                                 1386.1229104590946                                               15.18844376629705
                      12        700.7780223374109     0.022207816463099921      0.11729551355969761       68.047790767165452       3.0562469407053068      0.96888948523103813     0.060220169606012841     0.098100537813785388   2.1247663591818065e-09       2.1045919762829826       2.1045919762829826       1397.3468607222558                                                 1384.9882725138118                                              12.358588208444008
                       4       701.26612116769149     0.022193618892810098      0.11709043279549315       68.086734092160853       3.0562469407053068      0.96888948523103813     0.060706905130705896      0.10348595123221277   2.1247663591818065e-09       2.1045919762829826       2.1045919762829826        1398.323058382817                                                 1386.5039099325879                                              11.819148450228997
                      18        701.6697114793393     0.022193618892810098      0.11709043279549315       68.086734092160853       3.0544198776742548      0.97380688005704297     0.060706905130705896      0.10348595123221277   2.1208878213627858e-09       2.1045919762829826       2.1045919762829826       1399.1302390061126                                                 1387.3110905558835                                              11.819148450228997
                      13       701.36463006970996     0.022192049028255965      0.11702185402906326       68.071130894798642       3.0544198776742548      0.97380688005704297     0.061258835180636101      0.10566971886565328   2.1208878213627858e-09       2.1045919762829826       2.1045919762829826       1398.5200761868539                                                 1386.6445349062212                                               11.87554128063265
                      12       701.33242250220906      0.02217898864132771      0.11702957985516479       68.059445860321858       3.0544198776742548      0.97380688005704297     0.061067692478056462      0.10422374210504244   2.1208878213627858e-09       2.1045919762829826       2.1045919762829826       1398.4556610518521                                                 1386.5400078232694                                              11.915653228582597
                      12       701.63705812119849     0.022175145827167946      0.11701810952331533       68.053624957212321       3.0544198776742548      0.97380688005704297     0.061907001125730797      0.10847501800382743   2.1208878213627858e-09       2.1045919762829826       2.1045919762829826       1399.0649322898309                                                 1387.1716527909123                                               11.89327949891857
                       7       701.45584324052481     0.022190271081696959      0.11645198472139878       68.064710882737089       3.0544198776742548      0.97380688005704297     0.062367668443261165      0.11329667337358756   2.1208878213627858e-09       2.1045919762829826       2.1045919762829826       1398.7025025284836                                                 1387.1007762321124                                              11.601726296371167
                       6       701.56328342119821     0.022203599797654978      0.11638125042389963       68.079402500458656       3.0544198776742548      0.97380688005704297     0.061992384839262095      0.11683081863101952   2.1208878213627858e-09       2.1045919762829826       2.1045919762829826       1398.9173828898304                                                 1387.4138738797753                                              11.503509010054938
                       1       701.81133210104895      0.02219822406359517      0.11663776722652415       68.004519971180656       3.0544198776742548      0.97380688005704297     0.063043488971375808       0.1173349933857485   2.1208878213627858e-09       2.1045919762829826       2.1045919762829826       1399.4134802495319                                                 1387.2815532243817                                              12.131927025150187
                      27        702.2666995295001      0.02219822406359517      0.11663776722652415       68.004519971180656       3.0564758310908866      0.97022322403802153     0.063043488971375808       0.1173349933857485   2.1252527534363874e-09       2.1045919762829826       2.1045919762829826       1400.3242151064342                                                  1388.192288081284                                              12.131927025150187
                      13       702.20583877864181     0.022192066476925291      0.11624985526123924       68.063688304711192       3.0564758310908866      0.97022322403802153     0.060404049631317354      0.12215982979527211   2.1252527534363874e-09       2.1045919762829826       2.1045919762829826       1400.2024936047176                                                 1388.7438661406729                                              11.458627464044621
                      33        703.0527372869243     0.022168254564147352      0.11625897989889274       68.051752971142832       3.0564758310908866      0.97022322403802153     0.059545663164110786      0.12424859008364587   2.1252527534363874e-09       2.1045919762829826       2.1045919762829826       1401.8962906212826                                                 1390.4790473905623                                              11.417243230720262
                      22       703.17956140584624     0.022168254564147352      0.11625897989889274       68.051752971142832        3.055892037045965      0.97104035873277328     0.059545663164110786      0.12424859008364587   2.1240124056240385e-09       2.1045919762829826       2.1045919762829826       1402.1499388591265                                                 1390.7326956284062                                              11.417243230720262
                      18       700.99074390939245     0.022207776472219075      0.11664926651023201       68.098931209030809        3.055892037045965      0.97104035873277328     0.061393049451463323      0.11266358068429472   2.1240124056240385e-09       2.1045919762829826       2.1045919762829826       1397.7723038662189                                                 1386.2405287125325                                              11.531775153686409
                      16       701.11396078264545     0.022170678199050494      0.11659833962624337       68.049151762345446        3.055892037045965      0.97104035873277328     0.061719895912163432      0.10750779066410558   2.1240124056240385e-09       2.1045919762829826       2.1045919762829826       1398.0187376127249                                                 1386.2863545931166                                              11.732383019608296
                       6       700.63181700947757     0.022149844498886177      0.11698087621394673       68.195348771664243        3.055892037045965      0.97104035873277328     0.060787259178712451     0.089777854395389267   2.1240124056240385e-09       2.1045919762829826       2.1045919762829826       1397.0544500663891                                                 1386.0246565606978                                               11.02979350569132
                      54       700.71714029582745     0.022149844498886177      0.11698087621394673       68.195348771664243       3.0551834633845774      0.97044241976535206     0.060787259178712451     0.089777854395389267   2.1225079194595349e-09       2.1045919762829826       2.1045919762829826       1397.2250966390889                                                 1386.1953031333976                                               11.02979350569132
                      10       701.22782794736622     0.022187578419202686      0.11714096733586753       68.225721509436752       3.0551834633845774      0.97044241976535206     0.062450209494300676     0.078471435445142068   2.1225079194595349e-09       2.1045919762829826       2.1045919762829826       1398.2464719421664                                                 1387.1127375520957                                               11.13373439007071
                      11       701.82239146913651     0.022187578419202686      0.11714096733586753       68.225721509436752       3.0482368130151465      0.98108525460552654     0.062450209494300676     0.078471435445142068   2.1078146924782765e-09       2.1045919762829826       2.1045919762829826        1399.435598985707                                                 1388.3018645956363                                               11.13373439007071
                     126       701.85510076420678     0.022177507339638903      0.11713190092120826       68.283682600618533       3.0482368130151465      0.98108525460552654     0.062537995413080236     0.077554792847527004   2.1078146924782765e-09       2.1045919762829826       2.1045919762829826       1399.5010175758475                                                 1388.6825210011834                                               10.81849657466408
                      32       701.41971119549589     0.022177507339638903      0.11713190092120826       68.283682600618533       3.0554108183416941       0.9765437714062819     0.062537995413080236     0.077554792847527004   2.1229905370172122e-09       2.1045919762829826       2.1045919762829826       1398.6302384384257                                                 1387.8117418637617                                               10.81849657466408
                       4       705.35821250698189     0.022320775824641439      0.11629859960766795       68.711374208018654       3.0554108183416941       0.9765437714062819     0.062217438116326802      0.09453065135112107   2.1229905370172122e-09       2.1045919762829826       2.1045919762829826       1406.5072410613977                                                 1396.0129720197979                                              10.494269041599772
                       2       704.05951475640131     0.022320775824641439      0.11629859960766795       68.711374208018654       3.0558612221131103      0.97414740946657963     0.062217438116326802      0.09453065135112107    2.123946955332805e-09       2.1045919762829826       2.1045919762829826       1403.9098455602366                                                 1393.4155765186367                                              10.494269041599772
                       9       703.66914238248557     0.022276203263570632      0.11642547822432288       68.565990720748303       3.0558612221131103      0.97414740946657963     0.061330518013564192     0.098308216243991969    2.123946955332805e-09       2.1045919762829826       2.1045919762829826       1403.1291008124051                                                 1392.8336207112216                                              10.295480101183534
                       4       703.66209020032545     0.022276132222849947      0.11642685667738269         68.5656326367817       3.0558612221131103      0.97414740946657963     0.061331897601672514     0.098261349737922249    2.123946955332805e-09       2.1045919762829826       2.1045919762829826       1403.1149964480849                                                 1392.8198325876058                                              10.295163860479116
                      13       702.89457835565008     0.022276132222849947      0.11642685667738269         68.5656326367817       3.0583947045598991      0.96978297611462116     0.061331897601672514     0.098261349737922249   2.1293347597341738e-09       2.1045919762829826       2.1045919762829826       1401.5799727587341                                                 1391.2848088982551                                              10.295163860479116
                      13       705.24981246098162     0.022357501976260786      0.11689913022251994       68.576626719874142       3.0583947045598991      0.96978297611462116     0.064659520068132553     0.085516044578845013   2.1293347597341738e-09       2.1045919762829826       2.1045919762829826       1406.2904409693972                                                 1395.9881691255391                                              10.302271843858069
                      34       701.47660245267423     0.022381622342539757      0.11630953372471016       68.704240197280285       3.0583947045598991      0.96978297611462116      0.06234427307855693     0.082515097058521072   2.1293347597341738e-09       2.1045919762829826       2.1045919762829826       1398.7440209527824                                                 1388.3898907649675                                              10.354130187814832
                      17       701.59227125166603     0.022378144162587082      0.11624145014705602       68.694742422196455       3.0583947045598991      0.96978297611462116     0.062075755748414542     0.082193645912323379   2.1293347597341738e-09       2.1045919762829826       2.1045919762829826        1398.975358550766                                                 1388.6245774952374                                              10.350781055528588
                      29       703.11494119903739     0.022118238344621968      0.11619641856985638       68.545140165957164       3.0583947045598991      0.96978297611462116     0.063927309426655476     0.043426500451772349   2.1293347597341738e-09       2.1045919762829826       2.1045919762829826       1402.0206984455087                                                 1391.6860386111159                                              10.334659834392712
                      42       702.14020913148875     0.022071760861617749      0.11696688312765204       68.527104001751226       3.0583947045598991      0.96978297611462116     0.062112081673494593     0.052949036807408409   2.1293347597341738e-09       2.1045919762829826       2.1045919762829826       1400.0712343104115                                                 1389.7705181294104                                                10.3007161810011
                      24       702.16154340004005     0.022072821338810368      0.11695916950688384       68.531724354782142       3.0583947045598991      0.96978297611462116     0.062108487121531976     0.053046232979585384   2.1293347597341738e-09       2.1045919762829826       2.1045919762829826       1400.1139028475141                                                 1389.8095428200791                                              10.304360027435045
                      21       701.42185759631661     0.022072821338810368      0.11695916950688384       68.531724354782142       3.0580681915311811      0.97384974290194459     0.062108487121531976     0.053046232979585384   2.1286396176852622e-09       2.1045919762829826       2.1045919762829826       1398.6345312400672                                                 1388.3301712126322                                              10.304360027435045
                      23       703.56785907019787     0.022011833044935314      0.11596734931471903       68.393453397333843       3.0580681915311811      0.97384974290194459     0.063409152887591372     0.067752509087738444   2.1286396176852622e-09       2.1045919762829826       2.1045919762829826       1402.9265341878297                                                 1392.6377922739887                                              10.288741913841015
                       5       703.58268146469902      0.02197240575773747      0.11618655736341257       68.614755943318542       3.0580681915311811      0.97384974290194459     0.064196341404430091     0.050348492392164462   2.1286396176852622e-09       2.1045919762829826       2.1045919762829826        1402.956178976832                                                 1392.1696293564426                                              10.786549620389353
                       9       703.27726653199772     0.021988107182388316      0.11621908227554938       68.601097798641618       3.0580681915311811      0.97384974290194459     0.064481091576742228     0.048736750854346145   2.1286396176852622e-09       2.1045919762829826       2.1045919762829826       1402.3453491114294                                                 1391.6730211371075                                              10.672327974321815
                      15        703.2527077737592     0.022031837652180267      0.11605919125596934       68.576311552080057       3.0580681915311811      0.97384974290194459      0.06183426548186155     0.057231566439042467   2.1286396176852622e-09       2.1045919762829826       2.1045919762829826       1402.2962315949524                                                 1391.7374692468254                                              10.558762348126887
                      23        703.5275511197691     0.022031837652180267      0.11605919125596934       68.576311552080057       3.0622408784978949      0.96560248327106168      0.06183426548186155     0.057231566439042467   2.1375403214857688e-09       2.1045919762829826       2.1045919762829826       1402.8459182869722                                                 1392.2871559388452                                              10.558762348126887
                      34       702.40769413014584     0.022046027944946329      0.11665710626855723       68.451331312012641       3.0622408784978949      0.96560248327106168     0.060875178971382657     0.062197874439307174   2.1375403214857688e-09       2.1045919762829826       2.1045919762829826       1400.6062043077256                                                 1390.3227299266207                                              10.283474381104995
                      12       702.78175806205843     0.022069821874442477      0.11631833878130772       68.331450445424736       3.0622408784978949      0.96560248327106168     0.062648093919317305     0.069802787410865569   2.1375403214857688e-09       2.1045919762829826       2.1045919762829826       1401.3543321715508                                                 1391.0012208283372                                              10.353111343213543
                       3        702.5191968731101     0.022070903307936433      0.11629884246792667       68.357775673815866       3.0622408784978949      0.96560248327106168     0.061087821353792787     0.078259971813673807   2.1375403214857688e-09       2.1045919762829826       2.1045919762829826       1400.8292097936542                                                 1390.5269965478781                                              10.302213245776205
                       3       703.59762308917288     0.022139279903955724      0.11700144207786747       68.258676382433222       3.0622408784978949      0.96560248327106168     0.059955235648506987     0.054038996782919527   2.1375403214857688e-09       2.1045919762829826       2.1045919762829826       1402.9860622257797                                                 1392.0454873802908                                              10.940574845488877
                       3       702.84564842538418     0.022101633004630247      0.11744721676549419       68.332528404392491       3.0622408784978949      0.96560248327106168      0.05888340213660935     0.057024360622545532   2.1375403214857688e-09       2.1045919762829826       2.1045919762829826       1401.4821128982023                                                 1390.8677477334102                                              10.614365164792162
                      25       700.71036656131298     0.022101633004630247      0.11744721676549419       68.332528404392491       3.0552038998417679      0.96766731540068385      0.05888340213660935     0.057024360622545532   2.1225512964450022e-09       2.1045919762829826       2.1045919762829826       1397.2115491700599                                                 1386.5971840052678                                              10.614365164792162
                       3       702.45306704555992     0.022101633004630247      0.11744721676549419       68.332528404392491       3.0513060857942027      0.96821381019454278      0.05888340213660935     0.057024360622545532   2.1142940891685776e-09       2.1045919762829826       2.1045919762829826       1400.6969501385538                                                 1390.0825849737616                                              10.614365164792162
                      43        702.3065324902791      0.02207511551328898      0.11730185328514695       68.295999616356838       3.0513060857942027      0.96821381019454278     0.058627345328544113     0.061860085916658689   2.1142940891685776e-09       2.1045919762829826       2.1045919762829826       1400.4038810279922                                                 1389.7772412971176                                                10.6266397308745
                       5       702.38913074321033      0.02207511551328898      0.11730185328514695       68.295999616356838       3.0602209034670449      0.96226466497757002     0.058627345328544113     0.061860085916658689   2.1332269013760624e-09       2.1045919762829826       2.1045919762829826       1400.5690775338546                                                 1389.9424378029801                                                10.6266397308745
                      14       700.72239766012513      0.02211257266500909      0.11734262024198253       68.275063677244873       3.0602209034670449      0.96226466497757002     0.058100740716715803      0.05268067062292487   2.1332269013760624e-09       2.1045919762829826       2.1045919762829826       1397.2356113676842                                                 1386.3654845015403                                              10.870126866143899
                      62         702.682884964398     0.022194451604036165       0.1163073410819942       68.431978859216812       3.0602209034670449      0.96226466497757002     0.058461900120463893     0.069838521715127083   2.1332269013760624e-09       2.1045919762829826       2.1045919762829826         1401.15658597623                                                 1390.8191287692425                                              10.337457206987326
                       3       702.57411758856142      0.02222981874126059      0.11678579018096814       68.467457839257207       3.0602209034670449      0.96226466497757002     0.059064531008306873     0.086576715985423214   2.1332269013760624e-09       2.1045919762829826       2.1045919762829826       1400.9390512245568                                                 1390.6183732071745                                              10.320678017382313
                      12       702.77738880426352      0.02224373549948087      0.11671781403452686       68.413435246803559       3.0602209034670449      0.96226466497757002      0.06294545865463097     0.063005877863319501   2.1332269013760624e-09       2.1045919762829826       2.1045919762829826        1401.345593655961                                                 1390.8322492072164                                              10.513344448744624
                       4        700.7730750051029      0.02224373549948087      0.11671781403452686       68.413435246803559       3.0609683491323056      0.96877085518194705      0.06294545865463097     0.063005877863319501   2.1348219686152998e-09       2.1045919762829826       2.1045919762829826       1397.3369660576398                                                 1386.8236216088951                                              10.513344448744624
                       4       700.64274518445779     0.022246025962056423      0.11667908150077309       68.658419104290772       3.0609683491323056      0.96877085518194705     0.063833307266472475     0.059752296062444941   2.1348219686152998e-09       2.1045919762829826       2.1045919762829826       1397.0763064163496                                                 1386.7366323817296                                              10.339674034619904
                       8       703.62129459119035     0.022246025962056423      0.11667908150077309       68.658419104290772       3.0606686072397569      0.96496463878369554     0.063833307266472475     0.059752296062444941   2.1341821689303468e-09       2.1045919762829826       2.1045919762829826       1403.0334052298147                                                 1392.6937311951947                                              10.339674034619904
                      40        702.0719409452563     0.022246025962056423      0.11667908150077309       68.658419104290772        3.056812721268146      0.97023683162067953     0.063833307266472475     0.059752296062444941   2.1259688508295297e-09       2.1045919762829826       2.1045919762829826       1399.9346979379466                                                 1389.5950239033266                                              10.339674034619904
                       8       701.62467477933819     0.022246025962056423      0.11667908150077309       68.658419104290772       3.0703236320459566      0.96177133184499619     0.063833307266472475     0.059752296062444941   2.1548875453285316e-09       2.1045919762829826       2.1045919762829826       1399.0401656061103                                                 1388.7004915714904                                              10.339674034619904
                      31       700.55289892426754     0.022246025962056423      0.11667908150077309       68.658419104290772       3.0608637074531071      0.97051163169249444     0.063833307266472475     0.059752296062444941   2.1345985889473297e-09       2.1045919762829826       2.1045919762829826        1396.896613895969                                                 1386.5569398613491                                              10.339674034619904
                       5       700.32495558503263     0.022246667365385164      0.11664383405799059       68.639171939086282       3.0608637074531071      0.97051163169249444     0.063968150053558798      0.05940692605940439   2.1345985889473297e-09       2.1045919762829826       2.1045919762829826       1396.4407272174992                                                 1386.1231516419605                                              10.317575575538687
