#                 weight             minuslogpost                 omegabh2                 omegach2                       H0                     logA                       ns                      tau                      mnu                       As            minuslogprior         minuslogprior__0                     chi2 chi2__sbt_spt_audit.likelihoods.candl_cobaya.CandlCobayaLikelihood chi2__sbt_spt_audit.likelihoods.desi_dr2_bao.DESIDR2BAOGaussian
                       1       1296.2200152386108     0.022699734999999999               0.11515536       68.530016000000003       3.0226339111165847       1.0208507570056111     0.060991681999999998               0.14275261   2.0545335066642255e-09       2.1045919762829826       2.1045919762829826       2588.2308465246556                                                 2577.6636365209079                                              10.567210003747871
                       7       1295.3666563530428     0.022699734999999999               0.11515536       68.530016000000003       3.0023781353526111       1.0491568047623006     0.060991681999999998               0.14275261   2.0133359890827209e-09       2.1045919762829826       2.1045919762829826       2586.5241287535196                                                 2575.9569187497718                                              10.567210003747871
                      41       1294.6968316348098     0.022766318363167993      0.11548423491231415       68.421467367440627       3.0023781353526111       1.0491568047623006     0.060287712337825206      0.13202631050433508   2.0133359890827209e-09       2.1045919762829826       2.1045919762829826       2585.1844793170535                                                 2573.7458827944351                                              11.438596522618242
                      26       1294.8651439341129     0.022766318363167993      0.11548423491231415       68.421467367440627       3.0021064740528032       1.0442571193752355     0.060287712337825206      0.13202631050433508   2.0127891178962086e-09       2.1045919762829826       2.1045919762829826       2585.5211039156598                                                 2574.0825073930414                                              11.438596522618242
                      24       1293.6666766958415     0.022766318363167993      0.11548423491231415       68.421467367440627       3.0113050726062554       1.0379670337423361     0.060287712337825206      0.13202631050433508   2.0313893739550767e-09       2.1045919762829826       2.1045919762829826       2583.1241694391169                                                 2571.6855729164986                                              11.438596522618242
                       5       1294.6069664829361     0.022791319734459508      0.11580392494548732       68.337347138714136       3.0113050726062554       1.0379670337423361     0.058397283681625126      0.13513278722810229   2.0313893739550767e-09       2.1045919762829826       2.1045919762829826       2585.0047490133061                                                 2572.7753040608432                                              12.229444952462998
                      18       1294.9091181067656     0.022791319734459508      0.11580392494548732       68.337347138714136       3.0051183804998352       1.0357223311947741     0.058397283681625126      0.13513278722810229    2.018860589178846e-09       2.1045919762829826       2.1045919762829826       2585.6090522609652                                                 2573.3796073085023                                              12.229444952462998
                      12       1294.6407306510459     0.022791319734459508      0.11580392494548732       68.337347138714136       3.0096015659060091       1.0306661360445524     0.058397283681625126      0.13513278722810229   2.0279318343528044e-09       2.1045919762829826       2.1045919762829826       2585.0722773495258                                                 2572.8428323970629                                              12.229444952462998
                       6       1294.0796353136707     0.022590316168342187      0.11569640111792552       68.335107516923571       3.0096015659060091       1.0306661360445524     0.054993203469151396     0.092212230237272055   2.0279318343528044e-09       2.1045919762829826       2.1045919762829826       2583.9500866747753                                                 2572.2333469417422                                              11.716739733033251
                      10       1295.3047511800612     0.022590316168342187      0.11569640111792552       68.335107516923571       3.0154915900692023       1.0256640689432608     0.054993203469151396     0.092212230237272055    2.039911647920137e-09       2.1045919762829826       2.1045919762829826       2586.4003184075564                                                 2574.6835786745232                                              11.716739733033251
                       3       1293.9483166431637     0.022647900716197465      0.11546849361899029       68.375603846283965       3.0154915900692023       1.0256640689432608     0.058535617591123294       0.0920513972737909    2.039911647920137e-09       2.1045919762829826       2.1045919762829826       2583.6874493337614                                                 2571.9941070651803                                              11.693342268580954
                      34       1293.9481637007991     0.022647900716197465      0.11546849361899029       68.375603846283965       3.0154904980775239       1.0256726197193955     0.058535617591123294       0.0920513972737909   2.0399094203548093e-09       2.1045919762829826       2.1045919762829826       2583.6871434490322                                                 2571.9938011804511                                              11.693342268580954
                      10       1294.2641350038282     0.022582750309101552      0.11530841942366388        68.38701591476547       3.0154904980775239       1.0256726197193955     0.059591764427580435     0.092054229007349525   2.0399094203548093e-09       2.1045919762829826       2.1045919762829826       2584.3190860550903                                                 2573.0245480538533                                              11.294538001236969
                       8       1294.1814110484629     0.022621077008260486      0.11542740141237465       68.492465747183758       3.0154904980775239       1.0256726197193955     0.060251222780173877      0.10392515220527405   2.0399094203548093e-09       2.1045919762829826       2.1045919762829826       2584.1536381443598                                                 2573.3457433412432                                              10.807894803116419
                       2       1293.7556736046154     0.022621077008260486      0.11542740141237465       68.492465747183758       3.0216921095425193       1.0274374038411718     0.060251222780173877      0.10392515220527405   2.0525994546632451e-09       2.1045919762829826       2.1045919762829826       2583.3021632566647                                                 2572.4942684535481                                              10.807894803116419
                      50       1293.2823836265179     0.022621077008260486      0.11542740141237465       68.492465747183758       3.0054707271528076        1.041688256079244     0.060251222780173877      0.10392515220527405   2.0195720532838989e-09       2.1045919762829826       2.1045919762829826       2582.3555833004698                                                 2571.5476884973532                                              10.807894803116419
                       1       1293.2735300910474     0.022621414929759522      0.11542051398451082        68.48181590628316       3.0054707271528076        1.041688256079244     0.060356160062628193      0.10318954372287703   2.0195720532838989e-09       2.1045919762829826       2.1045919762829826       2582.3378762295288                                                 2571.4790019428856                                              10.858874286643246
                      32       1293.6396733150707     0.022621414929759522      0.11542051398451082        68.48181590628316       3.0060341315497445       1.0386349718068502     0.060356160062628193      0.10318954372287703   2.0207102096496936e-09       2.1045919762829826       2.1045919762829826       2583.0701626775754                                                 2572.2112883909322                                              10.858874286643246
                       9       1293.7214071233263     0.022547936255005636      0.11528004827649822       68.663028639006797       3.0060341315497445       1.0386349718068502     0.060843312435103589      0.07745677006896648   2.0207102096496936e-09       2.1045919762829826       2.1045919762829826       2583.2336302940867                                                 2572.7623998760619                                              10.471230418024602
                       3       1293.7471470756157     0.022548349502115164      0.11527658605755302       68.663851255037869       3.0060341315497445       1.0386349718068502     0.060872524979316348     0.077613830036000864   2.0207102096496936e-09       2.1045919762829826       2.1045919762829826       2583.2851101986653                                                 2572.8142536731616                                              10.470856525503732
                       5       1294.5031307648849     0.022548349502115164      0.11527658605755302       68.663851255037869       3.0154852352678385       1.0257423000508279     0.060872524979316348     0.077613830036000864   2.0398986847280042e-09       2.1045919762829826       2.1045919762829826       2584.7970775772037                                                    2574.3262210517                                              10.470856525503732
                       2        1293.872500722174     0.022548349502115164      0.11527658605755302       68.663851255037869       3.0235978835842032       1.0272290648214926     0.060872524979316348     0.077613830036000864   2.0565149752856084e-09       2.1045919762829826       2.1045919762829826       2583.5358174917819                                                 2573.0649609662782                                              10.470856525503732
                      12       1293.1023953166352     0.022548349502115164      0.11527658605755302       68.663851255037869       3.0175438932797993       1.0292600036442761     0.060872524979316348     0.077613830036000864   2.0441024640862757e-09       2.1045919762829826       2.1045919762829826       2581.9956066807044                                                 2571.5247501552008                                              10.470856525503732
                      55        1293.166126366526     0.022590444854178517       0.1157039116650511       68.426258941383551       3.0175438932797993       1.0292600036442761     0.060028520777520224     0.082181796303525539   2.0441024640862757e-09       2.1045919762829826       2.1045919762829826       2582.1230687804859                                                 2570.8507933292021                                              11.272275451283825
                      17       1293.8636239889897     0.022578376996976342      0.11645418254417482       68.166966943427795       3.0175438932797993       1.0292600036442761     0.060895515413336758     0.087827023481779426   2.0441024640862757e-09       2.1045919762829826       2.1045919762829826       2583.5180640254134                                                 2570.0738044466407                                              13.444259578772739
                       6       1294.5073998205701     0.022588867257701876      0.11624385681661407       68.123546998850571       3.0175438932797993       1.0292600036442761     0.061769362660286029     0.094930990903072027   2.0441024640862757e-09       2.1045919762829826       2.1045919762829826       2584.8056156885741                                                 2571.0309018521693                                              13.774713836404679
                       3        1294.439193500599      0.02258915721318696      0.11624704909832585       68.124920621155923       3.0175438932797993       1.0292600036442761     0.061660704972508876     0.095365383210308421   2.0441024640862757e-09       2.1045919762829826       2.1045919762829826        2584.669203048632                                                 2570.9146152000549                                              13.754587848577122
                       8       1293.6685100779007     0.022577496160179296      0.11653543435471272       68.232348832765254       3.0175438932797993       1.0292600036442761     0.060113591252686512     0.091337416634312829   2.0441024640862757e-09       2.1045919762829826       2.1045919762829826       2583.1278362032353                                                 2570.3781709999657                                              12.749665203269817
                      16       1292.8303336397478     0.022594231139943716      0.11674845126332838        68.60599677321369       3.0175438932797993       1.0292600036442761     0.057762942827990917     0.049806047436950357   2.0441024640862757e-09       2.1045919762829826       2.1045919762829826       2581.4514833269295                                                 2570.5977922299471                                                10.8536910969824
                       1       1293.2877008813978      0.02250825052348011      0.11733674798582057       68.324901182771313       3.0175438932797993       1.0292600036442761     0.057600332539284642     0.026831483431725298   2.0441024640862757e-09       2.1045919762829826       2.1045919762829826       2582.3662178102295                                                 2569.5657062312553                                              12.800511578974062
                       5        1292.845517073805      0.02250825052348011      0.11733674798582057       68.324901182771313       3.0072270243584382       1.0343454910983905     0.057600332539284642     0.026831483431725298   2.0231221386275919e-09       2.1045919762829826       2.1045919762829826        2581.481850195044                                                 2568.6813386160698                                              12.800511578974062
                       1       1293.6294481566081      0.02250825052348011      0.11733674798582057       68.324901182771313       3.0032537913236284       1.0362485008675191     0.057600332539284642     0.026831483431725298   2.0150997508747966e-09       2.1045919762829826       2.1045919762829826       2583.0497123606501                                                 2570.2492007816759                                              12.800511578974062
                      14       1294.7188398939757      0.02250825052348011      0.11733674798582057       68.324901182771313       3.0016172451541872       1.0353942778087493     0.057600332539284642     0.026831483431725298   2.0118046441290577e-09       2.1045919762829826       2.1045919762829826       2585.2284958353853                                                  2572.427984256411                                              12.800511578974062
                       3       1295.3864262299924     0.022439965591709087      0.11700358037548331       68.381639777537245       3.0016172451541872       1.0353942778087493     0.058344642782794595     0.027399439907065001   2.0118046441290577e-09       2.1045919762829826       2.1045919762829826       2586.5636685074187                                                 2574.7616951900281                                              11.801973317390676
                       5       1293.9156927260854     0.022384576451409115       0.1160368683231033       68.576602862294038       3.0016172451541872       1.0353942778087493     0.056083866099963076     0.059879992566244322   2.0118046441290577e-09       2.1045919762829826       2.1045919762829826       2583.6222014996047                                                 2573.2284373740367                                               10.39376412556777
                      28       1295.8434489922843     0.022384576451409115       0.1160368683231033       68.576602862294038       2.9863562334679057       1.0508074895620096     0.056083866099963076     0.059879992566244322   1.9813355558487083e-09       2.1045919762829826       2.1045919762829826       2587.4777140320025                                                 2577.0839499064346                                               10.39376412556777
                      21        1295.832299657761     0.022274832702491476      0.11516467012744139       68.906624644857217       2.9863562334679057       1.0508074895620096     0.052021444288680892     0.065704793549596352   1.9813355558487083e-09       2.1045919762829826       2.1045919762829826        2587.455415362956                                                 2575.6797157158221                                              11.775699647133935
                       3       1295.8922074398811     0.022274832702491476      0.11516467012744139       68.906624644857217       2.9855726537577656       1.0508181050960879     0.052021444288680892     0.065704793549596352   1.9797836296165263e-09       2.1045919762829826       2.1045919762829826       2587.5752309271961                                                 2575.7995312800622                                              11.775699647133935
                       3        1295.966161987418     0.022274832702491476      0.11516467012744139       68.906624644857217       2.9840422129559054       1.0523902908602878     0.052021444288680892     0.065704793549596352   1.9767560053617066e-09       2.1045919762829826       2.1045919762829826       2587.7231400222699                                                  2575.947440375136                                              11.775699647133935
                       2       1296.2077829690156     0.022239053422281205       0.1150990516426893       68.959124992814537       2.9840422129559054       1.0523902908602878     0.052022836165171983     0.057423380859235373   1.9767560053617066e-09       2.1045919762829826       2.1045919762829826       2588.2063819854652                                                 2575.8950067441688                                              12.311375241296554
                       2       1295.3396242396029     0.022237591234092441       0.1147638968900437       68.913461332030096       2.9840422129559054       1.0523902908602878     0.051826966574742304     0.055974032500211247   1.9767560053617066e-09       2.1045919762829826       2.1045919762829826       2586.4700645266398                                                  2574.334838775424                                              12.135225751215627
                       3       1299.2950337785801     0.022237591234092441       0.1147638968900437       68.913461332030096       2.9738226110468422       1.0523436678381204     0.051826966574742304     0.055974032500211247   1.9566572216264263e-09       2.1045919762829826       2.1045919762829826       2594.3808836045941                                                 2582.2456578533784                                              12.135225751215627
                      17       1296.5829841831378     0.022338867707624534       0.1150546974593931       68.950950672522126       2.9738226110468422       1.0523436678381204      0.05012544459678818    0.0074044850644099727   1.9566572216264263e-09       2.1045919762829826       2.1045919762829826       2588.9567844137096                                                 2577.4072191510818                                              11.549565262627688
                      22       1295.4159005376052      0.02228448320835431      0.11526986964861126       68.995416055243766       2.9738226110468422       1.0523436678381204     0.046349112315243204     0.024040624670297623   1.9566572216264263e-09       2.1045919762829826       2.1045919762829826       2586.6226171226444                                                 2574.6340819603788                                              11.988535162265807
                      23       1295.4314033702492     0.022278538253548568       0.1153983859322813       68.975731778950191       2.9738226110468422       1.0523436678381204     0.045933010626612918     0.023182716284012073   1.9566572216264263e-09       2.1045919762829826       2.1045919762829826       2586.6536227879324                                                 2574.8523670326808                                              11.801255755251304
                      45       1295.0674158321315     0.022291768700359985      0.11547023197326474       68.893017798661987       2.9738226110468422       1.0523436678381204     0.047945534158754653     0.034117305531978302   1.9566572216264263e-09       2.1045919762829826       2.1045919762829826       2585.9256477116969                                                 2574.6454637712313                                               11.28018394046577
                       4        1298.577297826771     0.022374127281207305      0.11633383692602574        68.76407391321878       2.9738226110468422       1.0523436678381204     0.041783955345424686      0.04204638412993443   1.9566572216264263e-09       2.1045919762829826       2.1045919762829826       2592.9454117009759                                                 2582.5275441394351                                               10.41786756154066
                       3       1297.1296394073458     0.022136614626769288      0.11704944345302865       67.825761323131502       2.9738226110468422       1.0523436678381204     0.045679804463835134     0.061734151290016678   1.9566572216264263e-09       2.1045919762829826       2.1045919762829826       2590.0500948621257                                                  2575.410552168737                                              14.639542693388449
                       9       1296.9393780192522     0.022172441486925668      0.11735488630068132       67.843832745776609       2.9738226110468422       1.0523436678381204     0.046286976469657001     0.056763828284127973   1.9566572216264263e-09       2.1045919762829826       2.1045919762829826       2589.6695720859384                                                 2574.6509564654734                                              15.018615620464802
                       6       1296.8948804125791     0.022172441486925668      0.11735488630068132       67.843832745776609       2.9790673413089594        1.048720008058541     0.046286976469657001     0.056763828284127973   1.9669463191545278e-09       2.1045919762829826       2.1045919762829826       2589.5805768725922                                                 2574.5619612521273                                              15.018615620464802
                      19       1297.3943231523594      0.02221665190964817      0.11731974221212128       67.820481078964889       2.9790673413089594        1.048720008058541     0.045418187116777677     0.060180087209939226   1.9669463191545278e-09       2.1045919762829826       2.1045919762829826       2590.5794623521529                                                 2574.9223391533924                                              15.657123198760583
                      13        1297.429417343415     0.022129545659159484      0.11775668045680117       67.806981836289111       2.9790673413089594        1.048720008058541     0.045831169528197754     0.052412938113505642   1.9669463191545278e-09       2.1045919762829826       2.1045919762829826        2590.649650734264                                                 2575.1708299866777                                              15.478820747586472
                      19       1296.4371252792107     0.022158355702169907      0.11640040129649619       68.210816735167441       2.9790673413089594        1.048720008058541     0.045493238003327129     0.035438897011645445   1.9669463191545278e-09       2.1045919762829826       2.1045919762829826       2588.6650666058554                                                  2577.332456710777                                              11.332609895078471
                       1       1298.1284567203379     0.022156074689469819      0.11657415224086376       68.184550412890502       2.9790673413089594        1.048720008058541     0.043758863009033006     0.036154901500419653   1.9669463191545278e-09       2.1045919762829826       2.1045919762829826       2592.0477294881098                                                 2580.5286556420428                                              11.519073846066782
                       5       1296.6155294585033     0.022070908325169131      0.11695288195594369       68.189182122295421       2.9790673413089594        1.048720008058541     0.044939280650035524     0.040524276528996567   1.9669463191545278e-09       2.1045919762829826       2.1045919762829826       2589.0218749644405                                                 2577.8608598301121                                              11.161015134328343
                      17       1296.7825666374713     0.022068442448424749      0.11695085799957933       68.214184668791148       2.9790673413089594        1.048720008058541      0.04522499124736469     0.045274302171372023   1.9669463191545278e-09       2.1045919762829826       2.1045919762829826       2589.3559493223765                                                  2578.381015669062                                              10.974933653314714
                      16       1298.2702552662984     0.022152219444106884      0.11753827857262832       68.262085576577149       2.9790673413089594        1.048720008058541     0.046044055032905581     0.047404888780828276   1.9669463191545278e-09       2.1045919762829826       2.1045919762829826       2592.3313265800307                                                 2581.1617889137469                                              11.169537666283615
                      17       1295.7191451714054     0.022090532201221817      0.11727153882678554       68.258328011073033       2.9790673413089594        1.048720008058541     0.048980755758295844     0.014387493237321657   1.9669463191545278e-09       2.1045919762829826       2.1045919762829826       2587.2291063902449                                                 2576.0458967245631                                              11.183209665681845
                       4       1295.6667634446208     0.022008096531950593      0.11655708241582595       68.521712455635452       2.9790673413089594        1.048720008058541     0.047895427685330866   0.00086537535635639734   1.9669463191545278e-09       2.1045919762829826       2.1045919762829826       2587.1243429366755                                                 2576.7845505956143                                              10.339792341061221
                      16       1295.3024365907636     0.022028082571588507      0.11634872636885416       68.502065268200525       2.9790673413089594        1.048720008058541     0.048007623072432067    0.0016959204912048392   1.9669463191545278e-09       2.1045919762829826       2.1045919762829826       2586.3956892289611                                                 2576.0315447928615                                              10.364144436099696
                       1       1295.3772216473326     0.022018963778221871      0.11644735521856893       68.404180553168729       2.9790673413089594        1.048720008058541     0.047726239536848319    0.0024410463692370772   1.9669463191545278e-09       2.1045919762829826       2.1045919762829826       2586.5452593420991                                                 2576.1072209665508                                              10.438038375548313
                       3       1296.0957087709874     0.022004321073113144      0.11670962051253295       68.452053367100987       2.9790673413089594        1.048720008058541       0.0474938170966736     0.015055031881404193   1.9669463191545278e-09       2.1045919762829826       2.1045919762829826       2587.9822335894087                                                 2577.6720296995736                                              10.310203889834924
                       6       1295.9717774579192     0.022004321073113144      0.11670962051253295       68.452053367100987       2.9810813561756819       1.0505503612807805       0.0474938170966736     0.015055031881404193   1.9709117701816038e-09       2.1045919762829826       2.1045919762829826       2587.7343709632723                                                 2577.4241670734373                                              10.310203889834924
                       6       1296.0247158422706     0.022004133857251477      0.11672904163835746       68.454238930289478       2.9810813561756819       1.0505503612807805     0.047482067906168449     0.015131693406019426   1.9709117701816038e-09       2.1045919762829826       2.1045919762829826       2587.8402477319751                                                 2577.5322512939251                                              10.307996438050148
                      10       1296.3902595899451     0.022055707927815676      0.11631347592013505       68.474500073092088       2.9810813561756819       1.0505503612807805     0.046349655744166281     0.015076357785065083   1.9709117701816038e-09       2.1045919762829826       2.1045919762829826       2588.5713352273242                                                  2578.220194881932                                              10.351140345392023
                       2       1297.6374159806237     0.022069925293311553      0.11551140109605534       68.435260538058287       2.9810813561756819       1.0505503612807805     0.049679952644224132     0.010538542207730733   1.9709117701816038e-09       2.1045919762829826       2.1045919762829826       2591.0656480086814                                                 2580.5589041057719                                               10.50674390290953
                       4       1300.3470567991146     0.022053806082879039      0.11615014015971035       68.328074552520448       2.9810813561756819       1.0505503612807805     0.055085793008153298     0.043576340459490291   1.9709117701816038e-09       2.1045919762829826       2.1045919762829826       2596.4849296456632                                                 2586.0542690074121                                              10.430660638251149
                       3       1300.6664344501721      0.02217362770521409       0.1166177077884414       68.104675536051488       2.9810813561756819       1.0505503612807805     0.055748790089458829     0.032519635279452203   1.9709117701816038e-09       2.1045919762829826       2.1045919762829826       2597.1236849477782                                                 2584.8371045564795                                              12.286580391298724
                       1       1296.2128280996255     0.022183526117803998      0.11628657203598092       68.222860042315432       2.9810813561756819       1.0505503612807805     0.053009055378067618     0.046976572430473068   1.9709117701816038e-09       2.1045919762829826       2.1045919762829826        2588.216472246685                                                 2577.0020851894287                                              11.214387057256394
                      28       1296.0427341913944     0.022215028334248408      0.11637443875506946         68.2022675234942       2.9810813561756819       1.0505503612807805     0.052894591194365549     0.047998419435329925   1.9709117701816038e-09       2.1045919762829826       2.1045919762829826       2587.8762844302228                                                 2576.3874461638643                                              11.488838266358698
                       5       1295.9056723805497      0.02221344686224163      0.11645520747121005       68.217044636740482       2.9810813561756819       1.0505503612807805     0.052751469612394845      0.04728267675830488   1.9709117701816038e-09       2.1045919762829826       2.1045919762829826       2587.6021608085334                                                 2576.1892671716455                                              11.412893636887807
                       7       1295.6235976321655     0.022218018554657954      0.11435544149275163       68.648478314785805       2.9810813561756819       1.0505503612807805     0.051033275682054242     0.088129123970995427   1.9709117701816038e-09       2.1045919762829826       2.1045919762829826       2587.0380113117649                                                  2576.043999576676                                              10.994011735088677
                      14       1295.4875270143636     0.022224424350013709       0.1144269296355918       68.667542109666599       2.9810813561756819       1.0505503612807805     0.050715630395133833     0.085736115935790405   1.9709117701816038e-09       2.1045919762829826       2.1045919762829826       2586.7658700761613                                                  2575.740296323128                                              11.025573753033498
                      17       1295.2890284282539     0.022223073226306143      0.11460951158784481       68.563751673722777       2.9810813561756819       1.0505503612807805     0.051273163913706649     0.086878297328178186   1.9709117701816038e-09       2.1045919762829826       2.1045919762829826       2586.3688729039418                                                 2575.7696187361007                                              10.599254167841101
                      28       1295.1575240118875     0.022293005976018288      0.11599208558772042       68.132959936710776       2.9810813561756819       1.0505503612807805     0.051076982127042744     0.072023587613232493   1.9709117701816038e-09       2.1045919762829826       2.1045919762829826        2586.105864071209                                                  2574.135352566122                                              11.970511505086998
                       7       1294.7179043609549      0.02223420283632617      0.11605641336024788       68.167815488337624       2.9810813561756819       1.0505503612807805     0.050052205565412934     0.071213984204046996   1.9709117701816038e-09       2.1045919762829826       2.1045919762829826       2585.2266247693437                                                 2573.7804797555086                                              11.446145013835208
                      21       1294.6675362838841     0.022245255015760246      0.11611937583559372       68.187297234214583       2.9810813561756819       1.0505503612807805     0.049271706620860417     0.067858723267905374   1.9709117701816038e-09       2.1045919762829826       2.1045919762829826       2585.1258886152023                                                 2573.6992082048187                                              11.426680410383442
                       5       1294.6677720854984     0.022245255015760246      0.11611937583559372       68.187297234214583       2.9826131894635663       1.0452132719620435     0.049271706620860417     0.067858723267905374   1.9739331920050969e-09       2.1045919762829826       2.1045919762829826       2585.1263602184308                                                 2573.6996798080472                                              11.426680410383442
                      16       1294.3775124089173     0.022286650380646013      0.11585036439858211       68.359046970393607       2.9826131894635663       1.0452132719620435     0.047974459123669051     0.076589136081410353   1.9739331920050969e-09       2.1045919762829826       2.1045919762829826       2584.5458408652685                                                 2573.9322036187132                                              10.613637246555388
                       3       1295.7708726232204     0.022210347102144458      0.11584200470976344       68.559566721454402       2.9826131894635663       1.0452132719620435     0.047232514735816702     0.067514009510738632   1.9739331920050969e-09       2.1045919762829826       2.1045919762829826       2587.3325612938747                                                  2576.988294534995                                                10.3442667588797
                      12        1294.659113477757     0.022321210144889948      0.11518141336549874       68.558257733621303       2.9826131894635663       1.0452132719620435     0.048597595317224233     0.059549327233666453   1.9739331920050969e-09       2.1045919762829826       2.1045919762829826       2585.1090430029481                                                 2574.6524772080552                                              10.456565794892992
                       8       1295.5436024047965     0.022321210144889948      0.11518141336549874       68.558257733621303       2.9732967840672853       1.0577879011395268     0.048597595317224233     0.059549327233666453   1.9556286289241471e-09       2.1045919762829826       2.1045919762829826        2586.878020857027                                                 2576.4214550621341                                              10.456565794892992
                       7       1294.9818634559413     0.022321210144889948      0.11518141336549874       68.558257733621303       2.9800348318662646       1.0501927907003732     0.048597595317224233     0.059549327233666453   1.9688502420102161e-09       2.1045919762829826       2.1045919762829826       2585.7545429593165                                                 2575.2979771644236                                              10.456565794892992
                      17       1294.3948069034254      0.02234999189862031      0.11534366560214877       68.569527565696148       2.9800348318662646       1.0501927907003732     0.050324324723802785     0.053993009850410084   1.9688502420102161e-09       2.1045919762829826       2.1045919762829826       2584.5804298542848                                                 2574.1122411164934                                              10.468188737791355
                       4        1296.088060410056      0.02234999189862031      0.11534366560214877       68.569527565696148       2.9828716007314204       1.0386156320010422     0.050324324723802785     0.053993009850410084   1.9744433444956394e-09       2.1045919762829826       2.1045919762829826       2587.9669368675459                                                 2577.4987481297544                                              10.468188737791355
                       5       1296.1482405486513      0.02239073827945182      0.11550030410240156       68.611695734389826       2.9828716007314204       1.0386156320010422     0.050292514070809674     0.031486851732860588   1.9744433444956394e-09       2.1045919762829826       2.1045919762829826       2588.0872971447366                                                 2577.5080641318086                                              10.579233012928098
                      13       1295.7616610033747      0.02239073827945182      0.11550030410240156       68.611695734389826       2.9938653311867691       1.0275046989480281     0.050292514070809674     0.031486851732860588   1.9962695985713111e-09       2.1045919762829826       2.1045919762829826       2587.3141380541833                                                 2576.7349050412554                                              10.579233012928098
                      14       1294.0056993129208     0.022423138353114731       0.1161111039570694       68.601771380614991       2.9938653311867691       1.0275046989480281     0.048394296285572319     0.023146918202218543   1.9962695985713111e-09       2.1045919762829826       2.1045919762829826       2583.8022146732756                                                 2573.1628254208035                                              10.639389252471839
                       8        1294.937104723027     0.022423138353114731       0.1161111039570694       68.601771380614991       2.9976120927080525       1.0315496288364423     0.048394296285572319     0.023146918202218543   2.0037631742434675e-09       2.1045919762829826       2.1045919762829826        2585.665025493488                                                 2575.0256362410159                                              10.639389252471839
                       6       1293.3859453295986     0.022455092020957194      0.11640759303005459       68.649347232930907       2.9976120927080525       1.0315496288364423     0.048949591836858722     0.037018550644038237   2.0037631742434675e-09       2.1045919762829826       2.1045919762829826       2582.5627067066312                                                 2572.0838816150981                                               10.47882509153315
                       1       1293.3698764099149     0.022447010104879681      0.11653339022882507       68.653833475589565       2.9976120927080525       1.0315496288364423     0.049321857756729016     0.037843163173234197   2.0037631742434675e-09       2.1045919762829826       2.1045919762829826       2582.5305688672638                                                 2572.0833250167957                                              10.447243850468169
                       2       1293.2194023889958     0.022436392078032965      0.11649048727548046       68.663158006521911       2.9976120927080525       1.0315496288364423     0.049565764508739174     0.034666100701991366   2.0037631742434675e-09       2.1045919762829826       2.1045919762829826       2582.2296208254256                                                 2571.7927102957519                                              10.436910529673629
                       3       1293.6331304864316     0.022456482886852921      0.11655580416463746       68.762415973033697       2.9976120927080525       1.0315496288364423     0.049498565770897306     0.033323081501396581   2.0037631742434675e-09       2.1045919762829826       2.1045919762829826       2583.0570770202971                                                 2572.6801631905864                                              10.376913829710725
                      11       1292.6330617875176     0.022472920213362887      0.11635282153704971       68.732055033746349       2.9976120927080525       1.0315496288364423     0.052067506851257946     0.022291178607466065   2.0037631742434675e-09       2.1045919762829826       2.1045919762829826       2581.0569396224691                                                 2570.5801505597151                                              10.476789062754127
                      13       1293.9167931454765     0.022440735517786799      0.11641363366548825       68.902783451509123       2.9976120927080525       1.0315496288364423     0.052886657287023686     0.010478045769871559   2.0037631742434675e-09       2.1045919762829826       2.1045919762829826        2583.624402338387                                                 2573.0280533236651                                              10.596349014721822
                       4       1294.8986164664086     0.022440735517786799      0.11641363366548825       68.902783451509123       3.0102606559718224       1.0181637990117938     0.052886657287023686     0.010478045769871559   2.0292688646422632e-09       2.1045919762829826       2.1045919762829826       2585.5880489802512                                                 2574.9916999655293                                              10.596349014721822
                       5        1296.902476501228     0.022440735517786799      0.11641363366548825       68.902783451509123       3.0214120419867774       1.0092635050951106     0.052886657287023686     0.010478045769871559    2.052024668644275e-09       2.1045919762829826       2.1045919762829826       2589.5957690498899                                                  2578.999420035168                                              10.596349014721822
                      21       1296.8837159266652       0.0224402030298754      0.11640270614709523        68.90192112120431       3.0214120419867774       1.0092635050951106     0.052807994990141244     0.010330501420472446    2.052024668644275e-09       2.1045919762829826       2.1045919762829826       2589.5582479007644                                                 2578.9599576366663                                               10.59829026409794
                       4       1297.7016348282762     0.022491984127612469      0.11616515052102198       69.041749029426953       3.0214120419867774       1.0092635050951106     0.051654076941376498     0.010876845165879504    2.052024668644275e-09       2.1045919762829826       2.1045919762829826       2591.1940857039863                                                 2580.1627219493625                                               11.03136375462392
                       3        1298.541657842816     0.022491984127612469      0.11616515052102198       69.041749029426953       3.0173712786376941       1.0226572575431296     0.051654076941376498     0.010876845165879504   2.0437496525221084e-09       2.1045919762829826       2.1045919762829826        2592.874131733066                                                 2581.8427679784422                                               11.03136375462392
                       8       1296.7493671761379     0.022491984127612469      0.11616515052102198       69.041749029426953       3.0095189706713574       1.0319364509303735     0.051654076941376498     0.010876845165879504   2.0277643437641461e-09       2.1045919762829826       2.1045919762829826       2589.2895503997097                                                  2578.258186645086                                               11.03136375462392
                       5        1296.767221944868     0.022491984127612469      0.11616515052102198       69.041749029426953       3.0095377889664667       1.0319432214837376     0.051654076941376498     0.010876845165879504   2.0278025031910253e-09       2.1045919762829826       2.1045919762829826       2589.3252599371699                                                 2578.2938961825462                                               11.03136375462392
                       4       1295.5499349081908     0.022491984127612469      0.11616515052102198       69.041749029426953       2.9759378737859699       1.0552903943620082     0.051654076941376498     0.010876845165879504   1.9608004462000094e-09       2.1045919762829826       2.1045919762829826       2586.8906858638156                                                 2575.8593221091919                                               11.03136375462392
                      12       1293.0262981560115     0.022491984127612469      0.11616515052102198       69.041749029426953       2.9894612399443492        1.045721141970767     0.051654076941376498     0.010876845165879504   1.9874971765673633e-09       2.1045919762829826       2.1045919762829826        2581.843412359457                                                 2570.8120486048333                                               11.03136375462392
                       2       1292.8948773899594     0.022501142659894141      0.11623775216920625       69.063573985784885       2.9894612399443492        1.045721141970767     0.051778646092895321     0.001336766048461847   1.9874971765673633e-09       2.1045919762829826       2.1045919762829826       2581.5805708273529                                                 2570.5301588737111                                              11.050411953641696
                      23       1292.8839530613109     0.022501142659894141      0.11623775216920625       69.063573985784885        2.989775972066246       1.0456073718067784     0.051778646092895321     0.001336766048461847   1.9881228042184032e-09       2.1045919762829826       2.1045919762829826       2581.5587221700557                                                  2570.508310216414                                              11.050411953641696
                       6       1293.4983285678632     0.022496238485420816      0.11565107743053291       69.126190955954939        2.989775972066246       1.0456073718067784      0.05410100242030054     0.010188406548634461   1.9881228042184032e-09       2.1045919762829826       2.1045919762829826       2582.7874731831603                                                 2571.0902589774373                                              11.697214205722901
                       3       1293.5400749151331     0.022459922772014237      0.11569112934280051       69.031005597633978        2.989775972066246       1.0456073718067784     0.054444618278484347     0.014136897810256979   1.9881228042184032e-09       2.1045919762829826       2.1045919762829826       2582.8709658777002                                                 2571.5821621079608                                              11.288803769739316
                      48       1293.2183358171446     0.022459922772014237      0.11569112934280051       69.031005597633978       2.9904451956395208       1.0465744045854621     0.054444618278484347     0.014136897810256979   1.9894537481654101e-09       2.1045919762829826       2.1045919762829826       2582.2274876817232                                                 2570.9386839119838                                              11.288803769739316
                      22       1293.3712891094085     0.022478449548808614      0.11543982169558716       68.993315911707342       2.9904451956395208       1.0465744045854621     0.053830587180780792     0.015535702966969867   1.9894537481654101e-09       2.1045919762829826       2.1045919762829826        2582.533394266251                                                 2571.3412468902902                                               11.19214737596057
                       2       1294.3970326016072     0.022380539404313497      0.11556970464910664       68.681636811163031       2.9904451956395208       1.0465744045854621     0.052396799824273921     0.024912846319331512   1.9894537481654101e-09       2.1045919762829826       2.1045919762829826       2584.5848812506483                                                 2574.0289248205536                                              10.555956430094527
                      14       1294.4680865713983     0.022380539404313497      0.11556970464910664       68.681636811163031        2.983485950633892       1.0505547930419865     0.052396799824273921     0.024912846319331512   1.9756567162510128e-09       2.1045919762829826       2.1045919762829826       2584.7269891902306                                                 2574.1710327601359                                              10.555956430094527
                       1       1293.7597925265841     0.022355694140896498      0.11636508954330745       68.443323649153129        2.983485950633892       1.0505547930419865     0.052097811873886575     0.049890798665934183   1.9756567162510128e-09       2.1045919762829826       2.1045919762829826       2583.3104011006021                                                 2572.5633362432559                                              10.747064857346205
                       7         1293.65317356574     0.022357370094848221      0.11655578248543358       68.428079106915575        2.983485950633892       1.0505547930419865     0.049775042221337724      0.04445713289300729   1.9756567162510128e-09       2.1045919762829826       2.1045919762829826       2583.0971631789139                                                 2572.2122391079815                                              10.884924070932538
                      10       1294.0539750275593     0.022357370094848221      0.11655578248543358       68.428079106915575       2.9930340290548618       1.0317935329453056     0.049775042221337724      0.04445713289300729   1.9946107849813228e-09       2.1045919762829826       2.1045919762829826       2583.8987661025526                                                 2573.0138420316202                                              10.884924070932538
                      10       1294.2457204406282      0.02235831789242039      0.11666869110901776       68.405701848586361       2.9930340290548618       1.0317935329453056     0.049419315394292097     0.048589063535669198   1.9946107849813228e-09       2.1045919762829826       2.1045919762829826       2584.2822569286905                                                 2573.3136308715866                                              10.968626057103929
                      18       1295.0328188611682     0.022425225371391615      0.11714335775549556       68.437548387590397       2.9930340290548618       1.0317935329453056     0.051089926454984079       0.0345156270779296   1.9946107849813228e-09       2.1045919762829826       2.1045919762829826       2585.8564537697703                                                 2574.5603173416534                                              11.296136428116835
                       2       1293.4812884978451     0.022411979935976507      0.11652064457740113       68.468188045984675       2.9930340290548618       1.0317935329453056     0.047965507351237918     0.042408551795065717   1.9946107849813228e-09       2.1045919762829826       2.1045919762829826       2582.7533930431241                                                  2571.848325139079                                              10.905067904045133
                      37       1294.4540954064701     0.022661560550734275      0.11763584608902188       68.324686566487173       2.9930340290548618       1.0317935329453056     0.047740476914745394     0.055506548259307134   1.9946107849813228e-09       2.1045919762829826       2.1045919762829826       2584.6990068603741                                                 2571.1916457505868                                              13.507361109787421
                       9       1295.3518278905024     0.022661560550734275      0.11763584608902188       68.324686566487173       2.9992673221596182       1.0306501806097264     0.047740476914745394     0.055506548259307134   2.0070826085182477e-09       2.1045919762829826       2.1045919762829826       2586.4944718284387                                                 2572.9871107186514                                              13.507361109787421
                       3       1295.5422512633834     0.022680414608978072      0.11756618954888756       68.225427114337947       2.9992673221596182       1.0306501806097264     0.047838790261589298     0.056766467558204657   2.0070826085182477e-09       2.1045919762829826       2.1045919762829826       2586.8753185742007                                                 2572.0975209124417                                              14.777797661759113
                       4       1295.3201665437484     0.022680414608978072      0.11756618954888756       68.225427114337947       3.0004448563186941       1.0283501630662966     0.047838790261589298     0.056766467558204657   2.0094474088932251e-09       2.1045919762829826       2.1045919762829826       2586.4311491349308                                                 2571.6533514731718                                              14.777797661759113
                       3       1294.0738892447471      0.02266470099884875      0.11691070669739702       68.196963394593723       3.0004448563186941       1.0283501630662966     0.050243611736227198     0.072689875223338224   2.0094474088932251e-09       2.1045919762829826       2.1045919762829826       2583.9385945369281                                                 2569.6253752659186                                              14.313219271009386
                       1       1293.9649032963468     0.022682215599869632      0.11697570079629981       68.223402658254116       3.0004448563186941       1.0283501630662966      0.05086575323017372     0.080831690368912884   2.0094474088932251e-09       2.1045919762829826       2.1045919762829826       2583.7206226401277                                                 2569.7118366466002                                              14.008785993527228
                       3       1294.0719393868985     0.022683185672282481      0.11707014484257147        68.25807866202976       3.0004448563186941       1.0283501630662966     0.050505327468779684     0.080183568919907189   2.0094474088932251e-09       2.1045919762829826       2.1045919762829826        2583.934694821231                                                 2570.2556941231828                                              13.679000698048112
                      13       1294.1249045476106     0.022683185672282481      0.11707014484257147        68.25807866202976       3.0019662400573335       1.0279713282781051     0.050505327468779684     0.080183568919907189    2.012506876226569e-09       2.1045919762829826       2.1045919762829826       2584.0406251426552                                                 2570.3616244446071                                              13.679000698048112
                       9       1294.1747047309907     0.022812503582956091      0.11665252109739627       68.291369312463715       3.0019662400573335       1.0279713282781051     0.053492405182610059     0.090303202598704349    2.012506876226569e-09       2.1045919762829826       2.1045919762829826       2584.1402255094154                                                 2570.1930004191963                                               13.94722509021903
                       7       1297.3332212230055     0.022788691237964055      0.11684671905089977       68.382404195505558       3.0019662400573335       1.0279713282781051     0.055718601797401297     0.093445621474402094    2.012506876226569e-09       2.1045919762829826       2.1045919762829826       2590.4572584934449                                                 2577.6282828887888                                              12.828975604656081
                       4       1295.1133182594299     0.022926791669577885        0.116358743798297       68.693668952605151       3.0019662400573335       1.0279713282781051     0.055962417854264916     0.073768675609991202    2.012506876226569e-09       2.1045919762829826       2.1045919762829826       2586.0174525662937                                                 2574.6397936352596                                              11.377658931034263
                       5       1295.5889046147427     0.022994875773919218      0.11615983692276402       68.753388735952456       3.0019662400573335       1.0279713282781051     0.055852010220293326     0.089378002996255854    2.012506876226569e-09       2.1045919762829826       2.1045919762829826       2586.9686252769193                                                 2575.8432098076132                                              11.125415469305908
                       1       1294.2953851480333     0.022783360271350805      0.11512813864928216       68.865585471047908       3.0019662400573335       1.0279713282781051     0.055303684479768599     0.056206776741221258    2.012506876226569e-09       2.1045919762829826       2.1045919762829826       2584.3815863435007                                                 2573.6482841816778                                              10.733302161822898
                       7       1293.5192420763403     0.022698365257558212      0.11551860959183821       68.830544751481554       3.0019662400573335       1.0279713282781051     0.054730569255709044     0.069708990230037182    2.012506876226569e-09       2.1045919762829826       2.1045919762829826       2582.8293002001146                                                 2572.3159253762915                                              10.513374823823177
                       7       1293.4278665402549     0.022697230550404512      0.11553188972440091       68.841206754711934       3.0019662400573335       1.0279713282781051     0.054454407158827108     0.070539984399523248    2.012506876226569e-09       2.1045919762829826       2.1045919762829826       2582.6465491279437                                                 2572.1375471865576                                              10.509001941385982
                      11        1295.586852005217     0.022697230550404512      0.11553188972440091       68.841206754711934       3.0013203505501096       1.0241274595382797     0.054454407158827108     0.070539984399523248   2.0112074388436581e-09       2.1045919762829826       2.1045919762829826        2586.964520057868                                                 2576.4555181164819                                              10.509001941385982
                       6       1295.7851137554612     0.022697230550404512      0.11553188972440091       68.841206754711934       3.0019643800955986       1.0459032674493052     0.054454407158827108     0.070539984399523248   2.0125031330442694e-09       2.1045919762829826       2.1045919762829826       2587.3610435583564                                                 2576.8520416169704                                              10.509001941385982
                       4        1295.725633776239     0.022700392610295186      0.11557904210915758       68.836298440808037       3.0019643800955986       1.0459032674493052     0.054459544480838049     0.070034685494436755   2.0125031330442694e-09       2.1045919762829826       2.1045919762829826       2587.2420835999119                                                  2576.741306091074                                              10.500777508837704
                      13       1294.4336212777564     0.022700392610295186      0.11557904210915758       68.836298440808037       3.0060738671584053       1.0211493672184089     0.054459544480838049     0.070034685494436755   2.0207905053950905e-09       2.1045919762829826       2.1045919762829826       2584.6580586029468                                                 2574.1572810941088                                              10.500777508837704
                       8       1292.6996653969916     0.022700392610295186      0.11557904210915758       68.836298440808037       3.0092976051050604       1.0272228851881124     0.054459544480838049     0.070034685494436755   2.0273155162411836e-09       2.1045919762829826       2.1045919762829826       2581.1901468414171                                                 2570.6893693325792                                              10.500777508837704
                      10       1292.5262058631997     0.022710707989549311      0.11558556239717518       68.742097607951479       3.0092976051050604       1.0272228851881124      0.05480479214141442     0.075635669679953277   2.0273155162411836e-09       2.1045919762829826       2.1045919762829826       2580.8432277738334                                                 2570.2980851087168                                              10.545142665116519
                       2       1292.6762492391349     0.022716344688811223       0.1155365940893056        68.75745180586388       3.0092976051050604       1.0272228851881124     0.054440138730551285     0.075842737261961141   2.0273155162411836e-09       2.1045919762829826       2.1045919762829826       2581.1433145257038                                                 2570.6068404154025                                              10.536474110301285
                       3       1293.3090571903576      0.02280558613697618      0.11587610121888799       68.632484961269327       3.0092976051050604       1.0272228851881124     0.056936258254787923     0.056554547177501469   2.0273155162411836e-09       2.1045919762829826       2.1045919762829826       2582.4089304281492                                                 2571.0149336725481                                              11.393996755600964
                       1       1293.6925987793254     0.022813664779806047      0.11581394548421338        68.63435815919027       3.0092976051050604       1.0272228851881124      0.05615636032160852     0.054758394953528827   2.0273155162411836e-09       2.1045919762829826       2.1045919762829826       2583.1760136060848                                                 2571.7335265973957                                               11.44248700868908
                       7       1293.7193220889042     0.022816128434359286      0.11580784317833206       68.632930486342175       3.0092976051050604       1.0272228851881124     0.056164296750032913     0.055237121636698271   2.0273155162411836e-09       2.1045919762829826       2.1045919762829826       2583.2294602252423                                                  2571.775051990363                                              11.454408234879336
                       1       1293.7849270209838     0.022816128434359286      0.11580784317833206       68.632930486342175       3.0075656320079007       1.0269175443542331     0.056164296750032913     0.055237121636698271    2.023807299253296e-09       2.1045919762829826       2.1045919762829826       2583.3606700894015                                                 2571.9062618545222                                              11.454408234879336
                       1       1293.1465096564039     0.022903036330300705      0.11575811301590003       69.010087526451045       3.0075656320079007       1.0269175443542331      0.05487329255341597     0.077759864684462776    2.023807299253296e-09       2.1045919762829826       2.1045919762829826       2582.0838353602417                                                  2571.543230156482                                              10.540605203759679
                      11       1293.6228064613631     0.022903036330300705      0.11575811301590003       69.010087526451045       3.0127956602132526       1.0195010222713767      0.05487329255341597     0.077759864684462776   2.0344195956252555e-09       2.1045919762829826       2.1045919762829826       2583.0364289701602                                                 2572.4958237664005                                              10.540605203759679
                       4       1293.5484323293317     0.022903036330300705      0.11575811301590003       69.010087526451045       3.0155918891529394       1.0186929084508782      0.05487329255341597     0.077759864684462776   2.0401162594503311e-09       2.1045919762829826       2.1045919762829826       2582.8876807060974                                                 2572.3470755023377                                              10.540605203759679
                      42       1292.6394004079082     0.022835088923166387      0.11564194253389046        68.96633959098871       3.0155918891529394       1.0186929084508782     0.056276823459357993     0.052774254301564322   2.0401162594503311e-09       2.1045919762829826       2.1045919762829826       2581.0696168632503                                                 2570.4283715717211                                              10.641245291529348
                       2       1293.6123712658109     0.022835088923166387      0.11564194253389046        68.96633959098871        3.008525515674406       1.0369131843732993     0.056276823459357993     0.052774254301564322   2.0257508514667875e-09       2.1045919762829826       2.1045919762829826       2583.0155585790558                                                 2572.3743132875265                                              10.641245291529348
                       9       1293.2962954412262     0.022834052710728678      0.11566528804783477       68.961475338965471        3.008525515674406       1.0369131843732993     0.056631518696704436     0.052143799857859371   2.0257508514667875e-09       2.1045919762829826       2.1045919762829826       2582.3834069298864                                                 2571.7462821949412                                              10.637124734945466
                      12       1292.5950139576573     0.022834052710728678      0.11566528804783477       68.961475338965471       3.0014159701610934       1.0362440508984228     0.056631518696704436     0.052143799857859371   2.0113997589112062e-09       2.1045919762829826       2.1045919762829826       2580.9808439627486                                                 2570.3437192278034                                              10.637124734945466
                       3       1292.9639629641076     0.022621837139299349      0.11517684110554249       68.966268347786894       3.0014159701610934       1.0362440508984228     0.055394712075145403      0.07051123765377168   2.0113997589112062e-09       2.1045919762829826       2.1045919762829826       2581.7187419756492                                                 2570.7682638796446                                              10.950478096004792
                       7       1293.4507233698544     0.022615450400857981      0.11502333239682505       68.990400580864517       3.0014159701610934       1.0362440508984228     0.056920456091501322     0.067532889217871331   2.0113997589112062e-09       2.1045919762829826       2.1045919762829826       2582.6922627871427                                                 2571.5683103589813                                              11.123952428161148
                      41       1292.8211903122474     0.022626637835540475       0.1155986872815585       68.745387165824638       3.0014159701610934       1.0362440508984228     0.055398203577118388     0.044299711010636553   2.0113997589112062e-09       2.1045919762829826       2.1045919762829826       2581.4331966719287                                                 2570.8010258555732                                              10.632170816355627
                       4       1293.6252413377488     0.022607024826376835      0.11548542509362743       68.722823721690958       3.0014159701610934       1.0362440508984228     0.056207835952044594     0.039791326444079136   2.0113997589112062e-09       2.1045919762829826       2.1045919762829826       2583.0412987229315                                                 2572.3521461188152                                              10.689152604116332
                      53       1293.4241582781196     0.022626975529351358      0.11660437300370968        68.36720021526142       3.0014159701610934       1.0362440508984228     0.056601963297386287     0.068343559655811584   2.0113997589112062e-09       2.1045919762829826       2.1045919762829826       2582.6391326036733                                                  2570.385025249408                                              12.254107354265242
                      15        1293.162296661975     0.022626975529351358      0.11660437300370968        68.36720021526142       2.9995511647498723       1.0436045390498587     0.056601963297386287     0.068343559655811584   2.0076523849042803e-09       2.1045919762829826       2.1045919762829826        2582.115409371384                                                 2569.8613020171188                                              12.254107354265242
                      13       1293.8911232198998     0.022648587590375389      0.11707057775861655       68.464681463887104       2.9995511647498723       1.0436045390498587     0.053704154263610498     0.056703332540949072   2.0076523849042803e-09       2.1045919762829826       2.1045919762829826       2583.5730624872335                                                 2571.6679321511911                                              11.905130336042593
                       3       1294.6571994795931     0.022750291807493397      0.11694110688167045        68.39641351472477       2.9995511647498723       1.0436045390498587     0.055193646041567748     0.088369671618892004   2.0076523849042803e-09       2.1045919762829826       2.1045919762829826       2585.1052150066203                                                 2572.5431655762791                                              12.562049430341393
                       5       1294.7776663147667     0.022750291807493397      0.11694110688167045        68.39641351472477       2.9974586624281612       1.0446117524535279     0.055193646041567748     0.088369671618892004   2.0034557598827461e-09       2.1045919762829826       2.1045919762829826       2585.3461486769675                                                 2572.7840992466263                                              12.562049430341393
                      16       1295.5461862428308     0.022922440972550837      0.11689767473764237       68.370082111293257       2.9974586624281612       1.0446117524535279     0.055854678556942303     0.082515310714079165   2.0034557598827461e-09       2.1045919762829826       2.1045919762829826       2586.8831885330956                                                 2572.6699233687104                                              14.213265164385103
                       2       1295.6288117231918     0.022922440972550837      0.11689767473764237       68.370082111293257       3.0020856022404829       1.0298121312691471     0.055854678556942303     0.082515310714079165   2.0127471077779144e-09       2.1045919762829826       2.1045919762829826       2587.0484394938176                                                 2572.8351743294324                                              14.213265164385103
                       7       1292.9768726857674     0.022910272039837181      0.11662675950603205       68.760715705360909       3.0020856022404829       1.0298121312691471      0.05090768136246715     0.045991970883512458   2.0127471077779144e-09       2.1045919762829826       2.1045919762829826       2581.7445614189687                                                 2570.4282775126485                                              11.316283906320272
                      17        1293.635578926973     0.023000239523128137      0.11667684771118156        68.69108681355533       3.0020856022404829       1.0298121312691471     0.051639875112603706     0.050278527053143403   2.0127471077779144e-09       2.1045919762829826       2.1045919762829826         2583.06197390138                                                 2570.8906951300041                                               12.17127877137594
                       3       1293.2461074491302      0.02300035533722173      0.11708912487347929       68.837987788830318       3.0020856022404829       1.0298121312691471     0.052175441168620447     0.049836141852920263   2.0127471077779144e-09       2.1045919762829826       2.1045919762829826       2582.2830309456945                                                 2571.0261085382567                                              11.256922407437697
                       1       1293.2469861550614      0.02300035533722173      0.11708912487347929       68.837987788830318       3.0020515462255317       1.0297870327320966     0.052175441168620447     0.049836141852920263   2.0126785627995104e-09       2.1045919762829826       2.1045919762829826       2582.2847883575569                                                 2571.0278659501191                                              11.256922407437697
                      16       1296.0445541612703     0.023407071612444642      0.11563605219810533       69.253102320959798       3.0020515462255317       1.0297870327320966     0.054134148092896496     0.063634822027990895   2.0126785627995104e-09       2.1045919762829826       2.1045919762829826       2587.8799243699746                                                 2576.8649546496504                                              11.014969720324345
                       6       1295.7421869370153     0.023394143157414456       0.1151732519141528       69.440214528041935       3.0020515462255317       1.0297870327320966     0.053912031928312176     0.073316969737271157   2.0126785627995104e-09       2.1045919762829826       2.1045919762829826       2587.2751899214645                                                 2576.0252705639605                                              11.249919357504176
                      18       1295.6498871846093     0.023386027522821564      0.11518504303498914       69.444144908487431       3.0020515462255317       1.0297870327320966     0.053815654129842391      0.07352506084507851   2.0126785627995104e-09       2.1045919762829826       2.1045919762829826       2587.0905904166525                                                 2575.8269929933099                                              11.263597423342761
                      11       1295.6518972094323     0.023386027522821564      0.11518504303498914       69.444144908487431       3.0020083325984581       1.0297950402881284     0.053815654129842391      0.07352506084507851    2.012591589537907e-09       2.1045919762829826       2.1045919762829826       2587.0946104662985                                                 2575.8310130429559                                              11.263597423342761
                      29         1295.74110569303     0.023386579435323639       0.1152199508519694       69.454919343589026       3.0020083325984581       1.0297950402881284      0.05363326159736722     0.064679914606743286    2.012591589537907e-09       2.1045919762829826       2.1045919762829826        2587.273027433494                                                 2575.9674582238463                                              11.305569209647528
                       6       1295.7553634107348     0.023378838397054704      0.11514161703423477        69.47858111546725       3.0020083325984581       1.0297950402881284     0.054509178682111137     0.064400163483044795    2.012591589537907e-09       2.1045919762829826       2.1045919762829826       2587.3015428689037                                                 2575.8703115604194                                              11.431231308484062
                      22       1295.4364587382802     0.023283346601681517      0.11518577793176456         69.4720419516389       3.0020083325984581       1.0297950402881284       0.0543751645006691     0.078937986638679694    2.012591589537907e-09       2.1045919762829826       2.1045919762829826       2586.6637335239943                                                 2575.1043825664833                                              11.559350957511063
                       6       1295.2099340930124     0.023271487101238809      0.11512217704794701       69.473433916190032       3.0020083325984581       1.0297950402881284     0.054134573284180233     0.078115476364021039    2.012591589537907e-09       2.1045919762829826       2.1045919762829826       2586.2106842334588                                                 2574.5768761904342                                              11.633808043024819
                       5       1295.3927935639517     0.023177248561664091       0.1143867539132262       69.543418097946045       3.0020083325984581       1.0297950402881284     0.053232475581690891     0.087235019984971088    2.012591589537907e-09       2.1045919762829826       2.1045919762829826       2586.5764031753374                                                 2573.5851084061255                                              12.991294769212006
                       1       1295.1892469248953      0.02318112615729942      0.11449443998841842       69.419178203929278       3.0020083325984581       1.0297950402881284     0.052357647652126076      0.09293849865169021    2.012591589537907e-09       2.1045919762829826       2.1045919762829826       2586.1693098972246                                                 2574.1460213648097                                              12.023288532414998
                      43       1295.1854808805181     0.023181178547574299      0.11449848763464347       69.419418096947069       3.0020083325984581       1.0297950402881284      0.05236015520801475     0.092935214391926813    2.012591589537907e-09       2.1045919762829826       2.1045919762829826       2586.1617778084701                                                 2574.1398329424969                                              12.021944865973396
                       9       1294.2357606179423      0.02311178542059408      0.11490285313628189       69.024021800202348       3.0020083325984581       1.0297950402881284     0.054481705653057939      0.11851886735043747    2.012591589537907e-09       2.1045919762829826       2.1045919762829826       2584.2623372833186                                                 2573.6314234648189                                              10.630913818499691
                       4       1295.1919726073431     0.023107036474531502      0.11505142957708524       69.054654336815844       3.0020083325984581       1.0297950402881284      0.05415962880612725      0.12485960322417539    2.012591589537907e-09       2.1045919762829826       2.1045919762829826       2586.1747612621202                                                 2575.5887442282392                                               10.58601703388122
                       9       1295.3577061273988      0.02311058508872876      0.11499611820558321        69.05296127715647       3.0020083325984581       1.0297950402881284     0.054644724504642174      0.12644876046738854    2.012591589537907e-09       2.1045919762829826       2.1045919762829826       2586.5062283022316                                                 2575.9125364686056                                              10.593691833626105
                       4       1294.3877877044351     0.023107486746215641      0.11472571610345081       68.818913353626101       3.0020083325984581       1.0297950402881284     0.054792093784163574      0.12331524142505862    2.012591589537907e-09       2.1045919762829826       2.1045919762829826       2584.5663914563042                                                  2573.671402713816                                              10.894988742488117
                       8       1293.6352804981768     0.023034803188701873      0.11513194131343554       68.860701625381907       3.0020083325984581       1.0297950402881284     0.052415156515252005      0.11290380361531679    2.012591589537907e-09       2.1045919762829826       2.1045919762829826       2583.0613770437876                                                 2572.3914555615706                                              10.669921482217177
                      17       1293.5615913095264     0.023034803188701873      0.11513194131343554       68.860701625381907       3.0003473244891312       1.0283423699034069     0.052415156515252005      0.11290380361531679   2.0092514333681068e-09       2.1045919762829826       2.1045919762829826       2582.9139986664868                                                 2572.2440771842698                                              10.669921482217177
                      28       1293.6645345107863     0.022998713490791078      0.11530493401448548       68.741418909328672       3.0003473244891312       1.0283423699034069     0.053080913513625046       0.1151219924693045   2.0092514333681068e-09       2.1045919762829826       2.1045919762829826       2583.1198850690066                                                 2572.2294644514272                                              10.890420617579181
                      12       1293.8430372464527     0.022998713490791078      0.11530493401448548       68.741418909328672       3.0117525866464958        1.020357198975953     0.053080913513625046       0.1151219924693045   2.0322986526634365e-09       2.1045919762829826       2.1045919762829826       2583.4768905403394                                                   2572.58646992276                                              10.890420617579181
                       2       1294.6973068456266     0.022931315330413947      0.11640657386235016       68.456549810443178       3.0117525866464958        1.020357198975953     0.051871553041556807     0.081752895813301751   2.0322986526634365e-09       2.1045919762829826       2.1045919762829826       2585.1854297386872                                                 2572.0205601083253                                              13.164869630361796
                      13       1294.6900894384228      0.02298585791061767      0.11688116266626575       68.412278865469361       3.0117525866464958        1.020357198975953     0.053592046385303488     0.060146498515805127   2.0322986526634365e-09       2.1045919762829826       2.1045919762829826       2585.1709949242795                                                 2570.4150073028286                                              14.755987621451006
                       6       1294.8749308152949      0.02298296280685893       0.1168738372585624       68.413938732326699       3.0117525866464958        1.020357198975953     0.053054074415611101     0.060295134540708804   2.0322986526634365e-09       2.1045919762829826       2.1045919762829826       2585.5406776780237                                                 2570.8382222128398                                              14.702455465183929
                      27       1293.8085858115949      0.02294962781869643      0.11685079163264982        68.45667727384479       3.0117525866464958        1.020357198975953      0.05348565516741545     0.061838519129087333   2.0322986526634365e-09       2.1045919762829826       2.1045919762829826       2583.4079876706237                                                 2569.5425483286167                                               13.86543934200694
                       4       1293.8721269650339     0.022945543801863602      0.11681926603002961       68.459355321266159       3.0117525866464958        1.020357198975953     0.053505453886614346     0.060175639546295505   2.0322986526634365e-09       2.1045919762829826       2.1045919762829826       2583.5350699775017                                                 2569.7075552727952                                              13.827514704706452
                      55       1293.0814060047394     0.022937036245822873      0.11717189547024953       68.596819266361194       3.0117525866464958        1.020357198975953      0.05273244839376056     0.055353122953817224   2.0322986526634365e-09       2.1045919762829826       2.1045919762829826       2581.9536280569127                                                 2569.3634602730262                                              12.590167783886535
                      15       1293.2985632388575     0.022926865201967746      0.11736510972055623       68.552559583881916       3.0117525866464958        1.020357198975953     0.054418530494184394     0.053661391145451334   2.0322986526634365e-09       2.1045919762829826       2.1045919762829826       2582.3879425251489                                                  2569.360248018138                                              13.027694507010834
                       6       1293.1738880492128     0.022926865201967746      0.11736510972055623       68.552559583881916       3.0157613218988164       1.0194582429989512     0.054418530494184394     0.053661391145451334   2.0404619512350055e-09       2.1045919762829826       2.1045919762829826       2582.1385921458595                                                 2569.1108976388487                                              13.027694507010834
                       2       1295.4922855117545     0.023003214750170458      0.11817829921674486       68.496429841110725       3.0157613218988164       1.0194582429989512     0.058065789820580596      0.02959075841209587   2.0404619512350055e-09       2.1045919762829826       2.1045919762829826        2586.775387070943                                                 2571.6117848240015                                              15.163602246941421
                       1       1294.9527485699844     0.022998689015252892      0.11805256130615702       68.547975910787073       3.0157613218988164       1.0194582429989512     0.058068475520996754     0.025537095530985616   2.0404619512350055e-09       2.1045919762829826       2.1045919762829826       2585.6963131874027                                                 2571.1936157143969                                              14.502697473005652
                       1       1294.9378692117991     0.022998689015252892      0.11805256130615702       68.547975910787073       3.0157743888856499       1.0194813713638995     0.058068475520996754     0.025537095530985616   2.0404886140986573e-09       2.1045919762829826       2.1045919762829826       2585.6665544710322                                                 2571.1638569980264                                              14.502697473005652
                      27       1293.7227490745977     0.022940889020142803      0.11845965525092765       68.490448477575427       3.0157743888856499       1.0194813713638995     0.054731718430717571     0.015090998516515682   2.0404886140986573e-09       2.1045919762829826       2.1045919762829826       2583.2363141966293                                                  2568.085827850904                                              15.150486345725232
                       2       1295.6488516103957     0.022980517240907994      0.11845351996381775       68.490737800493164       3.0157743888856499       1.0194813713638995     0.051551488685913631    0.0051714726660510892   2.0404886140986573e-09       2.1045919762829826       2.1045919762829826       2587.0885192682254                                                 2571.3205302348074                                              15.767989033417836
                      14       1295.3966515047516     0.022980517240907994      0.11845351996381775       68.490737800493164       3.0168767919373627       1.0173223898012402     0.051551488685913631    0.0051714726660510892    2.042739295324815e-09       2.1045919762829826       2.1045919762829826       2586.5841190569372                                                 2570.8161300235192                                              15.767989033417836
                       9       1294.6069960470763     0.022980517240907994      0.11845351996381775       68.490737800493164       3.0190715814784603       1.0074333650212044     0.051551488685913631    0.0051714726660510892    2.047227601807727e-09       2.1045919762829826       2.1045919762829826       2585.0048081415866                                                 2569.2368191081687                                              15.767989033417836
                      13       1296.3874227883782     0.022980517240907994      0.11845351996381775       68.490737800493164       2.9945374345322975        1.030086619280048     0.051551488685913631    0.0051714726660510892   1.9976117490284704e-09       2.1045919762829826       2.1045919762829826       2588.5656616241904                                                 2572.7976725907724                                              15.767989033417836
                      18       1294.4814437062189     0.022980517240907994      0.11845351996381775       68.490737800493164       3.0062938591268442       1.0265348389408293     0.051551488685913631    0.0051714726660510892   2.0212351119793211e-09       2.1045919762829826       2.1045919762829826       2584.7537034598718                                                 2568.9857144264538                                              15.767989033417836
                       8       1294.6688897517597     0.022865338159376004      0.11687748347390234       68.577875922062518       3.0062938591268442       1.0265348389408293      0.05186593797264881     0.022074882727268957   2.0212351119793211e-09       2.1045919762829826       2.1045919762829826       2585.1285955509534                                                 2572.2922268981206                                              12.836368652832954
                       1       1292.5782333479965     0.022958682721146532      0.11745309501476268       68.709300699241354       3.0062938591268442       1.0265348389408293     0.054022797209302406     0.023867911450333498   2.0212351119793211e-09       2.1045919762829826       2.1045919762829826        2580.947282743427                                                 2568.5681883694901                                              12.379094373936635
