#        weight    minuslogpost        omegabh2        omegach2              H0            logA              ns             tau             mnu              As   minuslogprior minuslogprior__0            chi2 chi2__sbt_spt_audit.likelihoods.candl_cobaya.CandlCobayaLikelihood chi2__sbt_spt_audit.likelihoods.desi_dr2_bao.DESIDR2BAOGaussian
              8       710.36612      0.02236406      0.11826746       68.388664       3.0321677      0.96586551     0.043246228     0.029341094   2.0742146e-09        2.104592         2.104592        1416.523                                                          1404.8211                                                       11.701968
              2       707.00808     0.022425315       0.1175972        68.41321       3.0321677      0.96586551     0.045554867     0.041005684   2.0742146e-09        2.104592         2.104592        1409.807                                                          1398.3286                                                       11.478375
              2       707.64452     0.022333929      0.11741072       68.648964       3.0321677      0.96586551     0.043542496     0.060016276   2.0742146e-09        2.104592         2.104592       1411.0799                                                          1400.7931                                                       10.286717
              9       706.70517     0.022335652      0.11748911       68.691799       3.0321677      0.96586551      0.04416194     0.058778538   2.0742146e-09        2.104592         2.104592       1409.2012                                                          1398.9173                                                        10.28387
              6       699.10238     0.022295099      0.11716916       68.551761       3.0321677      0.96586551     0.049649915     0.058348062   2.0742146e-09        2.104592         2.104592       1393.9956                                                          1383.6504                                                       10.345189
             19       700.20484     0.022305306      0.11727668       68.540816       3.0321677      0.96586551     0.049856653     0.060559622   2.0742146e-09        2.104592         2.104592       1396.2005                                                          1385.8204                                                        10.38011
              9       698.53138     0.022311825      0.11730193       68.443278       3.0321677      0.96586551     0.048502818     0.068310363   2.0742146e-09        2.104592         2.104592       1392.8536                                                          1382.2229                                                       10.630699
              4       698.50608     0.022311249      0.11730876       68.442399       3.0321677      0.96586551     0.048447437     0.068086726   2.0742146e-09        2.104592         2.104592        1392.803                                                          1382.1681                                                       10.634919
             17       698.75167     0.022438517      0.11670594       68.514394       3.0321677      0.96586551     0.049838727     0.073378616   2.0742146e-09        2.104592         2.104592       1393.2941                                                          1382.7236                                                         10.5705
              5       698.53838     0.022421288      0.11677892       68.490343       3.0321677      0.96586551      0.04997314     0.075368589   2.0742146e-09        2.104592         2.104592       1392.8676                                                          1382.2615                                                       10.606035
             29       699.37206     0.022474569      0.11676735       68.630317       3.0321677      0.96586551     0.050130934      0.07506188   2.0742146e-09        2.104592         2.104592       1394.5349                                                          1384.1812                                                       10.353756
              9       699.06287     0.022474569      0.11676735       68.630317       3.0426428      0.95962582     0.050130934      0.07506188   2.0960564e-09        2.104592         2.104592       1393.9166                                                          1383.5628                                                       10.353756
              7       698.30053     0.022474569      0.11676735       68.630317       3.0407453      0.95943884     0.050130934      0.07506188   2.0920831e-09        2.104592         2.104592       1392.3919                                                          1382.0381                                                       10.353756
              8       698.26665     0.022474569      0.11676735       68.630317       3.0397221       0.9596503     0.050130934      0.07506188   2.0899434e-09        2.104592         2.104592       1392.3241                                                          1381.9704                                                       10.353756
             16       702.08339     0.022478251      0.11722467       68.573514       3.0397221       0.9596503     0.048492798     0.087220698   2.0899434e-09        2.104592         2.104592       1399.9576                                                           1389.478                                                       10.479558
             13       701.55575     0.022414097       0.1173838       68.530017       3.0397221       0.9596503     0.048331533     0.080292504   2.0899434e-09        2.104592         2.104592       1398.9023                                                          1388.3686                                                       10.533688
              1        699.8669     0.022412831      0.11716593        68.50176       3.0397221       0.9596503      0.04813565     0.081122116   2.0899434e-09        2.104592         2.104592       1395.5246                                                           1384.948                                                       10.576576
             20       698.96033      0.02235538      0.11746182       68.306894       3.0397221       0.9596503     0.048028428     0.079454916   2.0899434e-09        2.104592         2.104592       1393.7115                                                           1382.293                                                       11.418488
             13       699.05222     0.022518099       0.1178619       68.490202       3.0397221       0.9596503     0.049947002     0.054521159   2.0899434e-09        2.104592         2.104592       1393.8953                                                          1382.5604                                                       11.334884
             16       698.96046     0.022506103      0.11799735       68.407261       3.0397221       0.9596503     0.049619124     0.052979623   2.0899434e-09        2.104592         2.104592       1393.7117                                                          1381.7968                                                       11.914903
             37       699.09385     0.022506103      0.11799735       68.407261       3.0395397      0.96007884     0.049619124     0.052979623   2.0895623e-09        2.104592         2.104592       1393.9785                                                          1382.0636                                                       11.914903
             16       698.34433     0.022506103      0.11799735       68.407261       3.0431833       0.9547224     0.049619124     0.052979623   2.0971897e-09        2.104592         2.104592       1392.4795                                                          1380.5646                                                       11.914903
             17       698.31428     0.022506103      0.11799735       68.407261       3.0462187      0.95227281     0.049619124     0.052979623   2.1035652e-09        2.104592         2.104592       1392.4194                                                          1380.5045                                                       11.914903
              3       698.59653     0.022493558       0.1179519       68.446375       3.0462187      0.95227281     0.049709744     0.054271685   2.1035652e-09        2.104592         2.104592       1392.9839                                                          1381.4441                                                       11.539798
              8       698.12194     0.022488008      0.11756508        68.39457       3.0462187      0.95227281     0.051353298     0.051619883   2.1035652e-09        2.104592         2.104592       1392.0347                                                          1380.2539                                                       11.780791
             64       698.44569     0.022575997      0.11818708       68.467882       3.0462187      0.95227281     0.050384708     0.034991551   2.1035652e-09        2.104592         2.104592       1392.6822                                                          1380.5586                                                       12.123591
             50       698.14798     0.022582767      0.11787604       68.598889       3.0462187      0.95227281     0.050595097     0.028903826   2.1035652e-09        2.104592         2.104592       1392.0868                                                          1380.8623                                                       11.224465
             74        697.6814      0.02249777      0.11802656       68.612907       3.0462187      0.95227281     0.050390598     0.027181245   2.1035652e-09        2.104592         2.104592       1391.1536                                                          1380.2726                                                       10.880984
             19       697.52871     0.022539511      0.11803901       68.665573       3.0462187      0.95227281     0.050474684     0.019082993   2.1035652e-09        2.104592         2.104592       1390.8482                                                          1380.0017                                                       10.846582
             12       697.61878     0.022533652      0.11805508       68.647691       3.0462187      0.95227281     0.049637067      0.01945664   2.1035652e-09        2.104592         2.104592       1391.0284                                                          1380.1191                                                       10.909262
              3        697.8192     0.022533652      0.11805508       68.647691       3.0429099       0.9528679     0.049637067      0.01945664   2.0966164e-09        2.104592         2.104592       1391.4292                                                            1380.52                                                       10.909262
             37       698.95659     0.022524897      0.11862283        68.39123       3.0429099       0.9528679     0.050594731    0.0083615914   2.0966164e-09        2.104592         2.104592        1393.704                                                          1380.6198                                                       13.084238
             11       698.65296     0.022514881      0.11860091       68.332564       3.0429099       0.9528679     0.049907406     0.012823868   2.0966164e-09        2.104592         2.104592       1393.0967                                                          1379.5567                                                       13.540081
              7       698.54321     0.022528793      0.11844946       68.418922       3.0429099       0.9528679     0.048946451    0.0087928728   2.0966164e-09        2.104592         2.104592       1392.8772                                                          1380.1189                                                       12.758344
             11       698.40273     0.022528793      0.11844946       68.418922       3.0467708      0.94658806     0.048946451    0.0087928728    2.104727e-09        2.104592         2.104592       1392.5963                                                          1379.8379                                                       12.758344
             35       698.53686     0.022547675       0.1186292       68.472622       3.0467708      0.94658806     0.048549944     0.014738334    2.104727e-09        2.104592         2.104592       1392.8645                                                           1380.492                                                       12.372548
             32       698.59395     0.022553886      0.11822333       68.487156       3.0467708      0.94658806     0.048637108    0.0084848399    2.104727e-09        2.104592         2.104592       1392.9787                                                          1380.7508                                                       12.227928
             26        698.6166     0.022553886      0.11822333       68.487156       3.0470178       0.9468525     0.048637108    0.0084848399   2.1052469e-09        2.104592         2.104592        1393.024                                                          1380.7961                                                       12.227928
              8       698.12026     0.022556391      0.11846158         68.5562       3.0470178       0.9468525     0.048539187     0.011889508   2.1052469e-09        2.104592         2.104592       1392.0313                                                          1380.2981                                                       11.733266
              4       698.14631     0.022580583      0.11842892       68.631056       3.0470178       0.9468525     0.048254974    0.0061295804   2.1052469e-09        2.104592         2.104592       1392.0834                                                          1380.6849                                                       11.398511
             18        699.3564     0.022583367        0.117975       68.719003       3.0470178       0.9468525     0.046762253     0.013269982   2.1052469e-09        2.104592         2.104592       1394.5036                                                          1383.7109                                                       10.792669
             14        698.7243     0.022583367        0.117975       68.719003       3.0463005      0.94635305     0.046762253     0.013269982   2.1037372e-09        2.104592         2.104592       1393.2394                                                          1382.4467                                                       10.792669
             21       698.73788     0.022532165      0.11770236       68.776912       3.0463005      0.94635305     0.049157468     0.012146031   2.1037372e-09        2.104592         2.104592       1393.2666                                                          1382.7994                                                       10.467203
             25       697.65888     0.022532165      0.11770236       68.776912       3.0469967      0.94768316     0.049157468     0.012146031   2.1052023e-09        2.104592         2.104592       1391.1086                                                          1380.6414                                                       10.467203
            119       697.49181     0.022532165      0.11770236       68.776912       3.0478161       0.9489273     0.049157468     0.012146031   2.1069282e-09        2.104592         2.104592       1390.7744                                                          1380.3072                                                       10.467203
             84       697.82405     0.022500312       0.1175826        68.81057       3.0478161       0.9489273     0.050127224     0.017276851   2.1069282e-09        2.104592         2.104592       1391.4389                                                          1381.0939                                                       10.344991
