#                 weight             minuslogpost                 omegabh2                 omegach2                       H0                     logA                       ns                      tau                      mnu                       As            minuslogprior         minuslogprior__0                     chi2 chi2__sbt_spt_audit.likelihoods.candl_cobaya.CandlCobayaLikelihood chi2__sbt_spt_audit.likelihoods.desi_dr2_bao.DESIDR2BAOGaussian
                       1       1289.7577697888544     0.023065676586565418      0.11734925800764918       68.914871254804908       3.0308235761231543       1.0086073088976601     0.059977254811809662    0.0092824716727087087   2.0714285357127794e-09       3.4908863374028734       3.4908863374028734       2572.5337669029032                                                 2560.8564821999539                                              11.677284702949022
                       2       1289.9080979105629     0.022990436021796706      0.11693453579213962       68.803697363514317       3.0310650076651982       1.0110316413451568      0.06141087641359342     0.022965567496892304   2.0719287042741939e-09       3.4908863374028734       3.4908863374028734       2572.8344231463202                                                 2561.0549174790608                                              11.779505667259441
                       6         1289.88511376509     0.022990814875376974       0.1169169344125351        68.81102349846455       3.0306554284816269       1.0110537564861035     0.061226723592344781     0.022660664410502625   2.0710802591716665e-09       3.4908863374028734       3.4908863374028734       2572.7884548553743                                                 2561.0515927654051                                              11.736862089969076
                       2       1289.7202001325895     0.022990814875376974       0.1169169344125351        68.81102349846455        3.022348199656713       1.0247808599728003     0.061226723592344781     0.022660664410502625   2.0539465867455466e-09       3.4908863374028734       3.4908863374028734       2572.4586275903735                                                 2560.7217655004042                                              11.736862089969076
                       2       1289.5023298187316     0.022995613207650742       0.1166610049070665       68.925595405290309       3.0228557905881632       1.0256886502784919     0.061816400117252222     0.024940996058794386   2.0549894160496204e-09       3.4908863374028734       3.4908863374028734       2572.0228869626576                                                 2560.9116382107341                                              11.111248751923556
                       3       1289.8875924395663     0.022995613207650742       0.1166610049070665       68.925595405290309       3.0182827482626697        1.028611606772168     0.061816400117252222     0.024940996058794386   2.0456133174594035e-09       3.4908863374028734       3.4908863374028734       2572.7934122043271                                                 2561.6821634524035                                              11.111248751923556
                       2       1290.1382541198391     0.022995613207650742       0.1166610049070665       68.925595405290309       3.0285608831738409       1.0124121401677473     0.061816400117252222     0.024940996058794386   2.0667468276014247e-09       3.4908863374028734       3.4908863374028734       2573.2947355648726                                                  2562.183486812949                                              11.111248751923556
                      14       1289.7828723275716     0.022995613207650742       0.1166610049070665       68.925595405290309       3.0347904700717505       1.0089027362521987     0.061816400117252222     0.024940996058794386     2.07966199286475e-09       3.4908863374028734       3.4908863374028734       2572.5839719803375                                                  2561.472723228414                                              11.111248751923556
                       2       1289.3277371992974     0.022995613207650742       0.1166610049070665       68.925595405290309       3.0292630046683526       1.0171459061383865     0.061816400117252222     0.024940996058794386   2.0681984445188836e-09       3.4908863374028734       3.4908863374028734       2571.6737017237892                                                 2560.5624529718657                                              11.111248751923556
                       4       1291.0934734670518     0.022995613207650742       0.1166610049070665       68.925595405290309       3.0188406183225385       1.0217719078079501     0.061816400117252222     0.024940996058794386   2.0467548222593534e-09       3.4908863374028734       3.4908863374028734        2575.205174259298                                                 2564.0939255073745                                              11.111248751923556
                       4        1291.085228527744     0.022999366079565053      0.11668021452411222       68.934845351728924       3.0188187275098475       1.0215857563990418     0.061736790596038024      0.02312106719789013   2.0467100176233214e-09       3.4908863374028734       3.4908863374028734       2575.1886843806824                                                 2564.0817179604655                                              11.106966420217073
                       3       1291.1357864383117     0.023027692678853375      0.11697179905828912       68.877132554178701        3.013663644201777       1.0200272528064023     0.058474190129683606     0.019207442139708319   2.0361862058439775e-09       3.4908863374028734       3.4908863374028734       2575.2898002018178                                                 2563.7286704992648                                              11.561129702552806
                       2       1289.3735535358603     0.023027692678853375      0.11697179905828912       68.877132554178701       3.0250889840818798        1.015071120756859     0.058474190129683606     0.019207442139708319   2.0595837331333282e-09       3.4908863374028734       3.4908863374028734        2571.765334396915                                                  2560.204204694362                                              11.561129702552806
                       6       1291.8656127137058     0.023027692678853375      0.11697179905828912       68.877132554178701       3.0084214864648828       1.0398314023415098     0.058474190129683606     0.019207442139708319   2.0255401251680534e-09       3.4908863374028734       3.4908863374028734        2576.749452752606                                                  2565.188323050053                                              11.561129702552806
                       3       1292.4358523045676     0.022958190000414682      0.11537088664699054       68.982688189925867        3.006834828457027       1.0475679002903928     0.060852412370906182     0.082623078528209049   2.0223288339923495e-09       3.4908863374028734       3.4908863374028734       2577.8899319343295                                                  2567.275011004584                                              10.614920929745528
                       1       1290.2344829331453     0.022958190000414682      0.11537088664699054       68.982688189925867       3.0137401643590316       1.0343324269422736     0.060852412370906182     0.082623078528209049   2.0363420210940761e-09       3.4908863374028734       3.4908863374028734       2573.4871931914849                                                 2562.8722722617395                                              10.614920929745528
                      11       1290.2990798783419     0.023068111727765954      0.11585971185645706       69.248495520850867        3.010280517200433       1.0280304339518587     0.057166694480537926     0.020208901829163128   2.0293091688153402e-09       3.4908863374028734       3.4908863374028734       2573.6163870818782                                                 2562.6345162868511                                              10.981870795026994
                       7       1290.0821061557153     0.023068111727765954      0.11585971185645706       69.248495520850867       3.0146900482214747       1.0195589326671599     0.057166694480537926     0.020208901829163128   2.0382772284839549e-09       3.4908863374028734       3.4908863374028734       2573.1824396366251                                                 2562.2005688415979                                              10.981870795026994
                       4        1289.688721937714      0.02288029160172134      0.11572875862398335       69.061810673821441       3.0131969119190969       1.0247800845567954     0.058347512173283614     0.027244898234603507   2.0352360737540696e-09       3.4908863374028734       3.4908863374028734       2572.3956712006225                                                   2561.59044982764                                              10.805221372982375
                      11       1292.5389427073101     0.023143567711839681      0.11609746283170808       68.476418413898926       3.0093842467723126       1.0175966039333841     0.053800107399555472      0.10708640652672519   2.0274911738470814e-09       3.4908863374028734       3.4908863374028734       2578.0961127398145                                                  2564.139707490107                                              13.956405249707782
                       1       1294.5393845627907     0.022936412139296428      0.11690078012226258       68.057154914006247       3.0333184934770916       1.0198502448203735      0.06642852340311832     0.093848642418267653   2.0766030309989113e-09       3.4908863374028734       3.4908863374028734       2582.0969964507758                                                 2563.4461592041753                                              18.650837246600503
                       2         1294.31054354813     0.022936412139296428      0.11690078012226258       68.057154914006247        3.035161712526151       1.0201114110485872      0.06642852340311832     0.093848642418267653   2.0804341950155466e-09       3.4908863374028734       3.4908863374028734       2581.6393144214544                                                 2562.9884771748539                                              18.650837246600503
                       3       1294.2843407391085     0.022958345497911217      0.11723243679241512       68.006671753891595        3.026324537768502       1.0188763990315153     0.061332533322970895      0.08941197819083288   2.0621300321283338e-09       3.4908863374028734       3.4908863374028734       2581.5869088034115                                                 2561.3404532806426                                              20.246455522768841
                       3        1294.524614337382     0.023371689132533673      0.11504744477457435       69.735477539003568       3.0047044104460539       1.0126880969632257     0.049585157077013574     0.010091510664563833   2.0180250143155851e-09       3.4908863374028734       3.4908863374028734       2582.0674559999584                                                  2569.213712697207                                              12.853743302751152
                       2       1295.1322911466013     0.023502101171787654      0.11528576019629648       69.656245728763849       3.0107914353963858       1.0082729858344579     0.051112292262168867     0.018111135697755153   2.0303462447028129e-09       3.4908863374028734       3.4908863374028734       2583.2828096183971                                                 2571.3303003338601                                              11.952509284537006
                       5       1293.8427336324178     0.023389712422982507      0.11482122132073549       69.525041561289044       3.0161680660258163       1.0131839814693475      0.05560762406140473      0.04924885042660726   2.0412920659607369e-09       3.4908863374028734       3.4908863374028734         2580.70369459003                                                 2568.8833761295136                                              11.820318460516141
                       5       1289.1255344214965     0.023022739271027434      0.11658094964269919        69.09962192402628        3.015298698260187       1.0191093800057434     0.055880391336094258    0.0039343798083728079   2.0395182036194498e-09       3.4908863374028734       3.4908863374028734       2571.2692961681873                                                 2560.3856048929379                                              10.883691275249626
                       8       1289.6116145821074     0.023022739271027434      0.11658094964269919        69.09962192402628       3.0177715717232028       1.0207318942586696     0.055880391336094258    0.0039343798083728079   2.0445679151380312e-09       3.4908863374028734       3.4908863374028734       2572.2414564894093                                                 2561.3577652141598                                              10.883691275249626
                       5       1290.0059532150365     0.023022739271027434      0.11658094964269919        69.09962192402628        3.010038843736234       1.0201175478779552     0.055880391336094258    0.0039343798083728079   2.0288187978957874e-09       3.4908863374028734       3.4908863374028734       2573.0301337552673                                                 2562.1464424800179                                              10.883691275249626
                       5       1290.0517149463408     0.023022739271027434      0.11658094964269919        69.09962192402628       3.0142645782495747       1.0145341152618255     0.055880391336094258    0.0039343798083728079   2.0374101871919242e-09       3.4908863374028734       3.4908863374028734        2573.121657217876                                                 2562.2379659426265                                              10.883691275249626
                       4       1289.1324029231375     0.022636998506408983      0.11680616231671381       68.758225714457836       3.0143600612766774       1.0254185180388105     0.059187442782095964     0.012201670708531497   2.0376047345718858e-09       3.4908863374028734       3.4908863374028734       2571.2830331714695                                                 2560.5222854963085                                              10.760747675161147
                       3        1291.595046652571      0.02291319586202472      0.11638955944397415       68.681650026045432       2.9959723835494718       1.0179931842081225     0.048161368881206319     0.043873808831578015   2.0004802776483864e-09       3.4908863374028734       3.4908863374028734       2576.2083206303364                                                 2564.3892220610824                                              11.819098569253928
                       1       1292.1562685203437     0.023070971602690386      0.11669555347304827       68.870040379236727       2.9915360206468562       1.0150675022520441      0.04412608847278212     0.048813839911628194   1.9916250781200477e-09       3.4908863374028734       3.4908863374028734       2577.3307643658818                                                  2565.971125951537                                              11.359638414344557
                       2       1292.2086171481812     0.023070971602690386      0.11669555347304827       68.870040379236727       2.9995539364979371       1.0067092315590489      0.04412608847278212     0.048813839911628194   2.0076579496186051e-09       3.4908863374028734       3.4908863374028734       2577.4354616215569                                                 2566.0758232072121                                              11.359638414344557
                       4       1291.9446993433655     0.023070971602690386      0.11669555347304827       68.870040379236727       2.9970789913518878       1.0193622248755525      0.04412608847278212     0.048813839911628194   2.0026952500590531e-09       3.4908863374028734       3.4908863374028734       2576.9076260119255                                                 2565.5479875975807                                              11.359638414344557
                       1       1291.5952790686538     0.023070971602690386      0.11669555347304827       68.870040379236727       2.9957715421831739       1.0127342459089816      0.04412608847278212     0.048813839911628194   2.0000785388004112e-09       3.4908863374028734       3.4908863374028734        2576.208785462502                                                 2564.8491470481572                                              11.359638414344557
                       1       1290.8882630518137     0.022950166472499513      0.11657635048788055       68.787076406985832       2.9966850290090421       1.0167572392197468     0.045897176500717958     0.057632130471323227   2.0019064189414139e-09       3.4908863374028734       3.4908863374028734       2574.7947534288219                                                 2563.6142044243288                                              11.180549004493036
                       7       1289.9162753448334     0.022804973094468259      0.11568381082929506       69.067366064795294       2.9994983450886417       1.0214922534342115     0.049787982500037804     0.032879468482973448   2.0075463441859831e-09       3.4908863374028734       3.4908863374028734       2572.8507780148611                                                 2562.0361945642749                                              10.814583450586237
