#        weight    minuslogpost        omegabh2        omegach2              H0            logA              ns             tau             mnu              As   minuslogprior minuslogprior__0            chi2 chi2__sbt_spt_audit.likelihoods.candl_cobaya.CandlCobayaLikelihood chi2__sbt_spt_audit.likelihoods.desi_dr2_bao.DESIDR2BAOGaussian
              2        1312.769     0.022638669      0.11514923       69.664096       3.0246268       1.0284307     0.054887492     0.085323682   2.0586321e-09        2.104592         2.104592       2621.3287                                                          2603.2229                                                       18.105802
              2       1305.9357      0.02255031      0.11406583       69.370805       3.0246268       1.0284307     0.064927973      0.13925458   2.0586321e-09        2.104592         2.104592       2607.6621                                                          2591.0313                                                       16.630813
              1       1305.4753      0.02255031      0.11406583       69.370805       3.0257477        1.028413     0.064927973      0.13925458   2.0609409e-09        2.104592         2.104592       2606.7415                                                          2590.1107                                                       16.630813
              9       1298.8608      0.02253941       0.1139548        69.31193       3.0257477        1.028413     0.061763768      0.12513171   2.0609409e-09        2.104592         2.104592       2593.5124                                                          2577.7776                                                       15.734784
              7       1291.7684     0.022515258      0.11376894       69.008155       3.0257477        1.028413     0.063437706      0.10575319   2.0609409e-09        2.104592         2.104592       2579.3275                                                          2566.8272                                                       12.500375
              2       1292.7153     0.022508703      0.11462175       69.009222       3.0257477        1.028413     0.061326757      0.10005957   2.0609409e-09        2.104592         2.104592       2581.2214                                                          2569.2346                                                       11.986875
              1       1292.4419     0.022508703      0.11462175       69.009222       3.0159549        1.029792     0.061326757      0.10005957   2.0408569e-09        2.104592         2.104592       2580.6746                                                          2568.6877                                                       11.986875
              4       1292.3936     0.022508541      0.11461953       69.003607       3.0159549        1.029792     0.061191172      0.10110874   2.0408569e-09        2.104592         2.104592        2580.578                                                          2568.6221                                                       11.955907
             24       1291.2832     0.022495997      0.11500067       68.735718       3.0159549        1.029792     0.057152555      0.11165082   2.0408569e-09        2.104592         2.104592       2578.3571                                                           2567.794                                                       10.563165
             21       1289.2478     0.022712341      0.11652495       68.673867       3.0159549        1.029792     0.061729637      0.06347373   2.0408569e-09        2.104592         2.104592       2574.2864                                                          2563.4905                                                        10.79586
             10       1289.0457     0.022712341      0.11652495       68.673867       3.0279181       1.0174135     0.061729637      0.06347373   2.0654188e-09        2.104592         2.104592       2573.8821                                                          2563.0863                                                        10.79586
             12       1288.9611     0.022728153      0.11589952       68.617416       3.0279181       1.0174135     0.060749343      0.05616821   2.0654188e-09        2.104592         2.104592        2573.713                                                          2562.5593                                                       11.153697
              3        1288.193     0.022771398      0.11647527       68.656494       3.0279181       1.0174135     0.059990189     0.061435655   2.0654188e-09        2.104592         2.104592       2572.1769                                                          2561.0836                                                       11.093242
             11       1288.7105     0.022771398      0.11647527       68.656494       3.0315681       1.0130736     0.059990189     0.061435655   2.0729714e-09        2.104592         2.104592       2573.2119                                                          2562.1186                                                       11.093242
             34       1288.6206     0.022822484      0.11671185        68.60698       3.0315681       1.0130736     0.060551094     0.061739741   2.0729714e-09        2.104592         2.104592       2573.0319                                                          2561.3967                                                        11.63522
              1       1288.3493     0.022822484      0.11671185        68.60698        3.029621       1.0162371     0.060551094     0.061739741   2.0689391e-09        2.104592         2.104592       2572.4894                                                          2560.8541                                                        11.63522
             22       1288.3979      0.02281976      0.11677993       68.631271        3.029621       1.0162371      0.06109007     0.060269344   2.0689391e-09        2.104592         2.104592       2572.5867                                                          2561.0921                                                       11.494543
             11       1288.2847     0.022806676      0.11673094       68.606383        3.029621       1.0162371     0.061121056     0.058980518   2.0689391e-09        2.104592         2.104592       2572.3603                                                          2560.7576                                                       11.602692
             12       1288.6631     0.022733492      0.11599494       68.644315        3.029621       1.0162371     0.062410552     0.068464797   2.0689391e-09        2.104592         2.104592        2573.117                                                           2562.204                                                       10.912958
             23       1289.1693     0.022733492      0.11599494       68.644315       3.0278446        1.015727     0.062410552     0.068464797   2.0652669e-09        2.104592         2.104592       2574.1294                                                          2563.2164                                                       10.912958
             29       1289.7316     0.022732089      0.11584786       68.618446       3.0278446        1.015727     0.063126873     0.070505967   2.0652669e-09        2.104592         2.104592        2575.254                                                          2564.2606                                                       10.993377
             21       1288.4347     0.022732089      0.11584786       68.618446       3.0292228       1.0209249     0.063126873     0.070505967   2.0681153e-09        2.104592         2.104592       2572.6602                                                          2561.6668                                                       10.993377
              7       1288.5898     0.022736936      0.11579294       68.597763       3.0292228       1.0209249     0.063392842      0.07306743   2.0681153e-09        2.104592         2.104592       2572.9705                                                          2561.8963                                                       11.074253
              8         1288.59     0.022814433      0.11564165       68.695054       3.0292228       1.0209249     0.063911054     0.083496914   2.0681153e-09        2.104592         2.104592       2572.9707                                                          2562.1543                                                       10.816444
              7       1288.8689     0.022838044      0.11548578       68.746717       3.0292228       1.0209249     0.064603556      0.08063214   2.0681153e-09        2.104592         2.104592       2573.5287                                                           2562.776                                                       10.752686
             48       1288.6797     0.022700236      0.11562193       69.043553       3.0292228       1.0209249     0.064591335     0.025025962   2.0681153e-09        2.104592         2.104592       2573.1503                                                          2562.2529                                                       10.897404
             29       1289.0267      0.02274943      0.11577549       69.147544       3.0292228       1.0209249     0.064859725      0.03248931   2.0681153e-09        2.104592         2.104592       2573.8441                                                          2562.7657                                                       11.078466
             47       1288.6433      0.02274943      0.11577549       69.147544        3.034478       1.0198462     0.064859725      0.03248931   2.0790124e-09        2.104592         2.104592       2573.0775                                                           2561.999                                                       11.078466
              3        1288.944      0.02272634      0.11584709       69.185685        3.034478       1.0198462     0.065827448     0.025353623   2.0790124e-09        2.104592         2.104592       2573.6788                                                          2562.4295                                                       11.249285
              1       1289.8559      0.02272634      0.11584709       69.185685        3.034435       1.0163667     0.065827448     0.025353623   2.0789229e-09        2.104592         2.104592       2575.5026                                                          2564.2533                                                       11.249285
              5       1290.3132     0.022648294      0.11585154       68.974336        3.034435       1.0163667     0.066916359     0.027468614   2.0789229e-09        2.104592         2.104592       2576.4172                                                          2565.7112                                                       10.706036
              2       1289.0112     0.022564274      0.11640565       69.030092        3.034435       1.0163667     0.062322395   0.00054438363   2.0789229e-09        2.104592         2.104592       2573.8133                                                          2563.0559                                                       10.757413
             10       1287.6845     0.022564274      0.11640565       69.030092       3.0239273       1.0290627     0.062322395   0.00054438363   2.0571926e-09        2.104592         2.104592       2571.1599                                                          2560.4025                                                       10.757413
              9       1287.7044     0.022558743      0.11642448       69.024377       3.0239273       1.0290627     0.062303183   0.00073609939   2.0571926e-09        2.104592         2.104592       2571.1997                                                          2560.4564                                                       10.743271
             14       1287.7857     0.022558743      0.11642448       69.024377       3.0188935       1.0315482     0.062303183   0.00073609939   2.0468631e-09        2.104592         2.104592       2571.3622                                                          2560.6189                                                       10.743271
             32       1287.4504     0.022575498      0.11649323       68.976083       3.0188935       1.0315482     0.062193271    0.0011531455   2.0468631e-09        2.104592         2.104592       2570.6916                                                          2560.0831                                                       10.608494
             22       1289.2924     0.022602615      0.11661236       69.064928       3.0188935       1.0315482     0.063517276    0.0073091271   2.0468631e-09        2.104592         2.104592       2574.3756                                                          2563.6487                                                       10.726935
              8        1292.052     0.022667762      0.11676594       69.182907       3.0188935       1.0315482     0.061468724     0.029342745   2.0468631e-09        2.104592         2.104592       2579.8947                                                          2568.8845                                                       11.010218
              3       1290.1626     0.022723378      0.11573196       68.790612       3.0188935       1.0315482     0.065419023      0.03620476   2.0468631e-09        2.104592         2.104592        2576.116                                                          2565.3513                                                       10.764749
              6       1290.7914     0.022723378      0.11573196       68.790612        3.024969       1.0216849     0.065419023      0.03620476   2.0593366e-09        2.104592         2.104592       2577.3737                                                          2566.6089                                                       10.764749
              2       1290.6098     0.022703721      0.11571439       68.569388        3.024969       1.0216849     0.062683923     0.044882803   2.0593366e-09        2.104592         2.104592       2577.0105                                                          2565.5586                                                       11.451886
              4       1290.4989     0.022743561      0.11569686       68.649857        3.024969       1.0216849     0.060416878     0.044852932   2.0593366e-09        2.104592         2.104592       2576.7887                                                          2565.5842                                                       11.204461
              2       1291.7057      0.02268792      0.11548756       68.700202        3.024969       1.0216849     0.059391541     0.040380218   2.0593366e-09        2.104592         2.104592       2579.2023                                                          2568.2977                                                        10.90464
              2       1290.2113      0.02268792      0.11548756       68.700202       3.0073135       1.0354387     0.059391541     0.040380218   2.0232971e-09        2.104592         2.104592       2576.2135                                                          2565.3089                                                        10.90464
              4       1290.2079     0.022691652      0.11564456        68.69114       3.0073135       1.0354387     0.060288991     0.037854494   2.0232971e-09        2.104592         2.104592       2576.2067                                                          2565.2531                                                       10.953577
             16       1289.5193     0.022719226      0.11757041       68.468482       3.0073135       1.0354387     0.056167419     0.056315925   2.0232971e-09        2.104592         2.104592       2574.8293                                                          2562.3891                                                       12.440201
              6       1289.7617     0.022719226      0.11757041       68.468482       3.0050691       1.0384443     0.056167419     0.056315925   2.0187611e-09        2.104592         2.104592       2575.3141                                                          2562.8739                                                       12.440201
              2       1289.7541     0.022718921      0.11757093       68.467431       3.0050691       1.0384443     0.056129156     0.056278359   2.0187611e-09        2.104592         2.104592        2575.299                                                          2562.8506                                                       12.448355
              3       1289.8536     0.022718921      0.11757093       68.467431       3.0059087       1.0391149     0.056129156     0.056278359   2.0204568e-09        2.104592         2.104592       2575.4981                                                          2563.0497                                                       12.448355
              2        1290.875      0.02278518      0.11665421       68.402401       3.0059087       1.0391149      0.05477624      0.07391432   2.0204568e-09        2.104592         2.104592       2577.5409                                                          2564.6679                                                       12.872981
             22       1290.3484     0.022406399      0.11777735       68.144028       3.0059087       1.0391149     0.057436836      0.05546411   2.0204568e-09        2.104592         2.104592       2576.4876                                                          2562.8904                                                       13.597173
             22       1289.8132     0.022450771      0.11799276       68.116682       3.0059087       1.0391149     0.055334085     0.041699707   2.0204568e-09        2.104592         2.104592       2575.4172                                                          2560.7478                                                        14.66934
             24       1290.4264     0.022419556       0.1179208       68.231701       3.0059087       1.0391149     0.057310143     0.045941969   2.0204568e-09        2.104592         2.104592       2576.6437                                                          2563.6405                                                       13.003217
              5       1290.2433     0.022383961      0.11828534       67.964865       3.0059087       1.0391149      0.05552749     0.030497051   2.0204568e-09        2.104592         2.104592       2576.2775                                                          2559.6895                                                        16.58802
             27       1291.5793     0.022383961      0.11828534       67.964865       3.0034488       1.0311817      0.05552749     0.030497051   2.0154927e-09        2.104592         2.104592       2578.9495                                                          2562.3615                                                        16.58802
              4       1290.3305     0.022383961      0.11828534       67.964865       3.0081552        1.037315      0.05552749     0.030497051   2.0250009e-09        2.104592         2.104592       2576.4518                                                          2559.8638                                                        16.58802
              5       1290.5022     0.022383961      0.11828534       67.964865       3.0156317       1.0280869      0.05552749     0.030497051   2.0401975e-09        2.104592         2.104592       2576.7953                                                          2560.2073                                                        16.58802
             15       1290.8458     0.022362723      0.11847735       68.058228       3.0156317       1.0280869     0.055554797      0.02969937   2.0401975e-09        2.104592         2.104592       2577.4825                                                          2562.2905                                                        15.19201
              7       1290.8205     0.022360076      0.11848969       68.050148       3.0156317       1.0280869     0.055593127      0.02901527   2.0401975e-09        2.104592         2.104592       2577.4319                                                          2562.1328                                                       15.299091
             13       1290.6812     0.022360076      0.11848969       68.050148       3.0143806       1.0284708     0.055593127      0.02901527   2.0376466e-09        2.104592         2.104592       2577.1532                                                          2561.8542                                                       15.299091
             50       1290.6642     0.022242259      0.11580131        68.28066       3.0143806       1.0284708     0.056333447     0.059444283   2.0376466e-09        2.104592         2.104592       2577.1192                                                          2566.1899                                                       10.929314
              7       1291.2119     0.022242259      0.11580131        68.28066       2.9919063       1.0434357     0.056333447     0.059444283   1.9923627e-09        2.104592         2.104592       2578.2147                                                          2567.2854                                                       10.929314
              6        1289.109     0.022285344      0.11624059       68.276444       2.9919063       1.0434357     0.053241166     0.068133067   1.9923627e-09        2.104592         2.104592       2574.0088                                                          2562.9223                                                       11.086463
             13       1289.6632     0.022272458      0.11698403       68.114303       2.9919063       1.0434357     0.053246317     0.056091023   1.9923627e-09        2.104592         2.104592       2575.1173                                                          2562.5427                                                       12.574578
             10       1289.5624     0.022272458      0.11698403       68.114303       2.9913332       1.0451811     0.053246317     0.056091023   1.9912212e-09        2.104592         2.104592       2574.9157                                                          2562.3411                                                       12.574578
             14       1289.5253     0.022279882      0.11703391       68.146891       2.9913332       1.0451811      0.05351923     0.051437076   1.9912212e-09        2.104592         2.104592       2574.8415                                                          2562.4229                                                       12.418561
             11       1289.0723     0.022367013      0.11710059       68.180686       2.9913332       1.0451811      0.05221727     0.046691302   1.9912212e-09        2.104592         2.104592       2573.9354                                                          2561.1614                                                       12.774052
             33       1289.3786      0.02236785      0.11720267       68.301172       2.9913332       1.0451811     0.051043469      0.04868177   1.9912212e-09        2.104592         2.104592       2574.5479                                                          2562.7813                                                         11.7666
             34        1289.244     0.022377921      0.11721091       68.236222       2.9913332       1.0451811     0.051638348      0.02087081   1.9912212e-09        2.104592         2.104592       2574.2789                                                          2561.4743                                                       12.804545
              4       1289.4859     0.022331706      0.11713945       68.194096       2.9913332       1.0451811     0.053085719     0.015218338   1.9912212e-09        2.104592         2.104592       2574.7626                                                          2561.7962                                                        12.96643
              4       1289.1877     0.022338763      0.11715437       68.240173       2.9913332       1.0451811     0.053665803     0.014121116   1.9912212e-09        2.104592         2.104592       2574.1662                                                          2561.5632                                                        12.60302
              1        1288.938     0.022335644      0.11715518       68.256824       2.9913332       1.0451811     0.053409608     0.015978244   1.9912212e-09        2.104592         2.104592       2573.6668                                                          2561.2644                                                       12.402394
              5       1288.7835     0.022611948       0.1170837       68.526517       2.9913332       1.0451811     0.053755634     0.018964102   1.9912212e-09        2.104592         2.104592       2573.3578                                                          2561.5578                                                       11.800004
              8       1288.9889     0.022611948       0.1170837       68.526517       2.9946807       1.0462573     0.053755634     0.018964102   1.9978979e-09        2.104592         2.104592       2573.7686                                                          2561.9686                                                       11.800004
              1       1288.7282     0.022615562      0.11731507       68.521227       2.9946807       1.0462573     0.054394718     0.016476305   1.9978979e-09        2.104592         2.104592       2573.2471                                                          2561.3049                                                        11.94219
              7       1288.7142     0.022617802      0.11731415       68.531675       2.9946807       1.0462573     0.054299867     0.015789482   1.9978979e-09        2.104592         2.104592       2573.2192                                                          2561.3326                                                       11.886508
              5       1287.6887     0.022617802      0.11731415       68.531675       3.0149734       1.0188694     0.054299867     0.015789482   2.0388548e-09        2.104592         2.104592       2571.1683                                                          2559.2818                                                       11.886508
              3        1287.687     0.022618034      0.11731028       68.531904       3.0149734       1.0188694     0.054306484     0.015791822   2.0388548e-09        2.104592         2.104592       2571.1648                                                          2559.2796                                                       11.885243
              2        1287.855     0.022584772      0.11719575       68.497924       3.0149734       1.0188694     0.054739333     0.021407561   2.0388548e-09        2.104592         2.104592       2571.5008                                                          2559.6536                                                       11.847204
             59       1288.7612     0.022582578       0.1173401       68.565152       3.0149734       1.0188694      0.05631219     0.022521757   2.0388548e-09        2.104592         2.104592       2573.3132                                                          2561.9185                                                        11.39464
              2        1290.215     0.022582578       0.1173401       68.565152       3.0025786       1.0300334      0.05631219     0.022521757   2.0137396e-09        2.104592         2.104592       2576.2209                                                          2564.8262                                                        11.39464
              4       1287.3918      0.02266981      0.11723057       68.720152       3.0025786       1.0300334     0.054079857    0.0015293364   2.0137396e-09        2.104592         2.104592       2570.5745                                                          2559.4487                                                       11.125807
             20       1287.9746      0.02266981      0.11723057       68.720152       3.0095979       1.0192939     0.054079857    0.0015293364   2.0279244e-09        2.104592         2.104592       2571.7401                                                          2560.6143                                                       11.125807
              7       1288.8979      0.02266981      0.11723057       68.720152       3.0070557       1.0196959     0.054079857    0.0015293364   2.0227755e-09        2.104592         2.104592       2573.5865                                                          2562.4607                                                       11.125807
             13       1287.2441      0.02266981      0.11723057       68.720152       3.0119918       1.0201627     0.054079857    0.0015293364   2.0327849e-09        2.104592         2.104592        2570.279                                                          2559.1532                                                       11.125807
             65       1287.7237     0.022731916      0.11735576       68.642771       3.0119918       1.0201627      0.05534781    0.0077176251   2.0327849e-09        2.104592         2.104592       2571.2382                                                          2559.4156                                                       11.822568
              5       1287.4141     0.022700381      0.11729072       68.625721       3.0119918       1.0201627     0.053557543    0.0010473398   2.0327849e-09        2.104592         2.104592        2570.619                                                          2558.7731                                                       11.845897
             13       1287.4148     0.022701438      0.11728981       68.630308       3.0119918       1.0201627     0.053406248     0.001786624   2.0327849e-09        2.104592         2.104592       2570.6203                                                           2558.807                                                       11.813394
             10       1287.6824     0.022701438      0.11728981       68.630308       3.0122534        1.017012     0.053406248     0.001786624   2.0333168e-09        2.104592         2.104592       2571.1556                                                          2559.3422                                                       11.813394
             15       1289.4457     0.022701438      0.11728981       68.630308       3.0058489       1.0181413     0.053406248     0.001786624   2.0203359e-09        2.104592         2.104592       2574.6823                                                          2562.8689                                                       11.813394
              2       1289.1108     0.022701438      0.11728981       68.630308       3.0108629       1.0134754     0.053406248     0.001786624   2.0304914e-09        2.104592         2.104592       2574.0123                                                          2562.1989                                                       11.813394
             11       1289.1286     0.022701438      0.11728981       68.630308       3.0205154       1.0160686     0.053406248     0.001786624   2.0501855e-09        2.104592         2.104592       2574.0481                                                          2562.2347                                                       11.813394
              9       1289.3179     0.022701438      0.11728981       68.630308       3.0134207       1.0105364     0.053406248     0.001786624   2.0356915e-09        2.104592         2.104592       2574.4267                                                          2562.6133                                                       11.813394
             82        1291.651     0.022701438      0.11728981       68.630308        3.032864      0.99639878     0.053406248     0.001786624   2.0756595e-09        2.104592         2.104592       2579.0928                                                          2567.2795                                                       11.813394
             17       1291.7064     0.022651504      0.11680096       68.663797        3.032864      0.99639878     0.056118271    0.0024751325   2.0756595e-09        2.104592         2.104592       2579.2037                                                          2567.8879                                                       11.315782
             24       1291.5266     0.022651504      0.11680096       68.663797       3.0334004      0.99704945     0.056118271    0.0024751325    2.076773e-09        2.104592         2.104592        2578.844                                                          2567.5282                                                       11.315782
              4       1291.4941     0.022640106      0.11673435       68.727525       3.0334004      0.99704945     0.056774066    0.0090188691    2.076773e-09        2.104592         2.104592        2578.779                                                          2567.8676                                                       10.911472
             24       1291.6985     0.022608587      0.11674559       68.712603       3.0334004      0.99704945     0.056409259    0.0088175486    2.076773e-09        2.104592         2.104592       2579.1879                                                          2568.3155                                                       10.872434
              5       1291.5472     0.022624541      0.11679219       68.707872       3.0334004      0.99704945     0.056564008    0.0075358573    2.076773e-09        2.104592         2.104592       2578.8852                                                          2567.9314                                                        10.95381
              4       1289.3268     0.022624541      0.11679219       68.707872        3.026302       1.0167172     0.056564008    0.0075358573   2.0620836e-09        2.104592         2.104592       2574.4444                                                          2563.4906                                                        10.95381
              1       1288.9134     0.022952527      0.11609712       69.071899        3.026302       1.0167172     0.062082035    0.0066582304   2.0620836e-09        2.104592         2.104592       2573.6177                                                          2562.7182                                                       10.899436
             38       1288.7486     0.022952527      0.11609712       69.071899        3.026842       1.0204327     0.062082035    0.0066582304   2.0631975e-09        2.104592         2.104592        2573.288                                                          2562.3885                                                       10.899436
             11        1290.331     0.022952527      0.11609712       69.071899        3.026813       1.0111702     0.062082035    0.0066582304   2.0631375e-09        2.104592         2.104592       2576.4528                                                          2565.5533                                                       10.899436
             13       1290.3179     0.022970349      0.11599176       68.969962        3.026813       1.0111702     0.058563904     0.012022679   2.0631375e-09        2.104592         2.104592       2576.4266                                                          2565.3124                                                       11.114155
              6       1290.2618     0.022962756      0.11594911       68.982339        3.026813       1.0111702      0.05852552     0.012587288   2.0631375e-09        2.104592         2.104592       2576.3144                                                          2565.2515                                                       11.062926
              1       1290.1368     0.022962756      0.11594911       68.982339       3.0169268       1.0174764      0.05852552     0.012587288   2.0428415e-09        2.104592         2.104592       2576.0643                                                          2565.0014                                                       11.062926
              6       1291.9458      0.02267713      0.11447716       69.226894       3.0169268       1.0174764     0.059421857     0.039361651   2.0428415e-09        2.104592         2.104592       2579.6824                                                          2567.1466                                                        12.53577
             12       1293.8046     0.022956686       0.1154151        69.38525       3.0169268       1.0174764     0.062048792     0.021461859   2.0428415e-09        2.104592         2.104592          2583.4                                                          2571.5628                                                       11.837122
              7       1292.9339     0.022956686       0.1154151        69.38525       3.0349758      0.99965392     0.062048792     0.021461859   2.0800474e-09        2.104592         2.104592       2581.6585                                                          2569.8214                                                       11.837122
             10       1291.9073     0.022956686       0.1154151        69.38525       3.0131662       1.0254967     0.062048792     0.021461859   2.0351736e-09        2.104592         2.104592       2579.6053                                                          2567.7682                                                       11.837122
              7       1292.5562     0.022956686       0.1154151        69.38525       3.0017465       1.0527124     0.062048792     0.021461859   2.0120647e-09        2.104592         2.104592       2580.9031                                                           2569.066                                                       11.837122
              3       1292.3119     0.022956686       0.1154151        69.38525       3.0012369       1.0514495     0.062048792     0.021461859   2.0110396e-09        2.104592         2.104592       2580.4146                                                          2568.5775                                                       11.837122
             11       1291.8596     0.022982126      0.11549454       69.182487       3.0012369       1.0514495     0.060741367     0.067393516   2.0110396e-09        2.104592         2.104592         2579.51                                                          2568.6049                                                       10.905142
              4       1291.9371     0.022982126      0.11549454       69.182487       3.0196059       1.0157569     0.060741367     0.067393516   2.0483217e-09        2.104592         2.104592       2579.6651                                                          2568.7599                                                       10.905142
              3       1291.5402     0.022996565      0.11547817       69.159902       3.0196059       1.0157569     0.061059789     0.060398304   2.0483217e-09        2.104592         2.104592       2578.8711                                                          2568.0164                                                       10.854704
              1       1291.9745     0.023020888      0.11566664       69.168981       3.0196059       1.0157569     0.061074988     0.061031845   2.0483217e-09        2.104592         2.104592       2579.7399                                                           2568.957                                                       10.782888
              1       1290.5445     0.023020888      0.11566664       69.168981       3.0243211       1.0306018     0.061074988     0.061031845   2.0580029e-09        2.104592         2.104592       2576.8799                                                           2566.097                                                       10.782888
             12       1289.8441      0.02302366       0.1156473       69.122174       3.0243211       1.0306018     0.061956652     0.064499704   2.0580029e-09        2.104592         2.104592       2575.4791                                                          2564.7684                                                       10.710665
              2       1289.3053     0.022995989      0.11525442       69.118674       3.0243211       1.0306018     0.063941121     0.066595958   2.0580029e-09        2.104592         2.104592       2574.4013                                                          2563.5579                                                       10.843404
              4       1289.7989     0.022995989      0.11525442       69.118674       3.0161047       1.0347546     0.063941121     0.066595958   2.0411627e-09        2.104592         2.104592       2575.3887                                                          2564.5453                                                       10.843404
              7        1289.735     0.023018231      0.11531947       69.147238       3.0161047       1.0347546     0.063556079     0.070512583   2.0411627e-09        2.104592         2.104592       2575.2609                                                          2564.4163                                                       10.844629
             11       1289.8921     0.023018231      0.11531947       69.147238       3.0160833       1.0383291     0.063556079     0.070512583   2.0411191e-09        2.104592         2.104592       2575.5751                                                          2564.7304                                                       10.844629
              4       1289.7001      0.02291694      0.11504406       69.026055       3.0160833       1.0383291     0.063290576     0.072153854   2.0411191e-09        2.104592         2.104592        2575.191                                                          2564.4008                                                       10.790214
              4       1289.7061     0.022849935      0.11513494       69.043327       3.0160833       1.0383291     0.061553483     0.064816165   2.0411191e-09        2.104592         2.104592       2575.2029                                                          2564.3511                                                       10.851875
             23       1290.4652     0.022849935      0.11513494       69.043327       3.0078512       1.0342221     0.061553483     0.064816165   2.0243852e-09        2.104592         2.104592       2576.7213                                                          2565.8694                                                       10.851875
              1        1288.075     0.022784292      0.11612648       69.000254       3.0078512       1.0342221     0.055642071     0.045451374   2.0243852e-09        2.104592         2.104592       2571.9409                                                          2561.3862                                                       10.554652
              1        1287.898     0.022856359      0.11603278       69.207966       3.0078512       1.0342221     0.058187994     0.010043204   2.0243852e-09        2.104592         2.104592       2571.5867                                                          2560.5858                                                        11.00095
             16       1287.9964     0.022853227      0.11599956       69.172106       3.0078512       1.0342221     0.058355188    0.0086828122   2.0243852e-09        2.104592         2.104592       2571.7836                                                          2560.8481                                                       10.935564
             13       1288.4091     0.022832019      0.11582606       69.216874       3.0078512       1.0342221     0.056338927    0.0080574956   2.0243852e-09        2.104592         2.104592       2572.6089                                                          2561.4503                                                       11.158605
             15       1288.1146     0.022838684      0.11574109       69.262709       3.0078512       1.0342221     0.057634328     0.027079828   2.0243852e-09        2.104592         2.104592         2572.02                                                          2560.6506                                                       11.369371
              4       1288.1026     0.022839877      0.11574225       69.258046       3.0078512       1.0342221     0.057615476     0.027385115   2.0243852e-09        2.104592         2.104592        2571.996                                                          2560.6513                                                       11.344715
              1       1290.5088     0.022839877      0.11574225       69.258046       2.9969518       1.0398299     0.057615476     0.027385115   2.0024406e-09        2.104592         2.104592       2576.8085                                                          2565.4637                                                       11.344715
              4       1292.0933     0.022650136      0.11885384       68.346395       2.9969518       1.0398299     0.050556667     0.019755834   2.0024406e-09        2.104592         2.104592       2579.9775                                                          2565.5034                                                       14.474125
             20       1293.7924     0.022744151      0.11898716       68.505336       2.9969518       1.0398299     0.051743508     0.020468251   2.0024406e-09        2.104592         2.104592       2583.3756                                                          2569.9257                                                       13.449903
              8       1293.3555     0.022744151      0.11898716       68.505336       3.0144505       1.0228115     0.051743508     0.020468251   2.0377891e-09        2.104592         2.104592       2582.5018                                                          2569.0519                                                       13.449903
              8       1291.5712     0.022625936      0.11802739       68.831961       3.0144505       1.0228115     0.053520169     0.010403892   2.0377891e-09        2.104592         2.104592       2578.9333                                                          2568.3992                                                       10.534107
              8       1287.7659     0.022652363      0.11664651       68.711014       3.0144505       1.0228115     0.054529818     0.017369885   2.0377891e-09        2.104592         2.104592       2571.3226                                                           2560.394                                                       10.928632
              9       1287.3035     0.022652363      0.11664651       68.711014       3.0060933       1.0268438     0.054529818     0.017369885   2.0208297e-09        2.104592         2.104592       2570.3978                                                          2559.4692                                                       10.928632
             31       1287.1967      0.02261971       0.1164728       68.772312       3.0060933       1.0268438     0.054090248     0.019883715   2.0208297e-09        2.104592         2.104592       2570.1842                                                          2559.5461                                                       10.638169
              8       1287.2597     0.022634596      0.11638319       68.776598       3.0060933       1.0268438     0.053606886     0.021087571   2.0208297e-09        2.104592         2.104592       2570.3103                                                          2559.6522                                                       10.658044
             13       1288.1349      0.02262208        0.117072       68.873358       3.0060933       1.0268438     0.053060355     0.016411812   2.0208297e-09        2.104592         2.104592       2572.0607                                                          2561.6225                                                       10.438181
              5       1287.2031     0.022598454      0.11674694       68.834338       3.0060933       1.0268438     0.053878939     0.010532524   2.0208297e-09        2.104592         2.104592       2570.1971                                                           2559.671                                                       10.526027
              8       1287.6887     0.022598454      0.11674694       68.834338         3.00137       1.0298979     0.053878939     0.010532524   2.0113073e-09        2.104592         2.104592       2571.1683                                                          2560.6423                                                       10.526027
             43       1288.6654     0.022959288      0.11609885        68.98437         3.00137       1.0298979     0.054326867     0.031051089   2.0113073e-09        2.104592         2.104592       2573.1216                                                          2562.2918                                                       10.829779
              6       1288.5631     0.022959288      0.11609885        68.98437        3.002251       1.0289709     0.054326867     0.031051089   2.0130801e-09        2.104592         2.104592        2572.917                                                          2562.0872                                                       10.829779
             25        1288.867     0.022984266      0.11610611       69.002829        3.002251       1.0289709     0.052580712     0.027501573   2.0130801e-09        2.104592         2.104592       2573.5248                                                          2562.6485                                                       10.876349
              3       1289.1728     0.022986011      0.11606338       68.989135        3.002251       1.0289709     0.052698122     0.026553006   2.0130801e-09        2.104592         2.104592       2574.1364                                                          2563.2076                                                       10.928729
              4       1289.2008     0.022986011      0.11606338       68.989135       3.0048913       1.0269122     0.052698122     0.026553006   2.0184021e-09        2.104592         2.104592       2574.1925                                                          2563.2637                                                       10.928729
             18       1288.7189     0.022991375       0.1160648       69.014363       3.0048913       1.0269122     0.053745689     0.026515318   2.0184021e-09        2.104592         2.104592       2573.2286                                                          2562.3434                                                       10.885188
             27       1288.1854     0.022879342      0.11577206       69.011519       3.0048913       1.0269122     0.054469278     0.033630056   2.0184021e-09        2.104592         2.104592       2572.1616                                                          2561.4183                                                       10.743217
              6       1288.2115     0.022879342      0.11577206       69.011519       3.0044876       1.0272152     0.054469278     0.033630056   2.0175875e-09        2.104592         2.104592       2572.2137                                                          2561.4705                                                       10.743217
              4       1288.4037     0.022885365      0.11573626       69.014234       3.0044876       1.0272152     0.054795475     0.033181487   2.0175875e-09        2.104592         2.104592       2572.5982                                                          2561.8375                                                       10.760633
             21        1290.402     0.022885365      0.11573626       69.014234       2.9977889       1.0288869     0.054795475     0.033181487   2.0041176e-09        2.104592         2.104592       2576.5948                                                          2565.8341                                                       10.760633
             19       1290.1926     0.022885365      0.11573626       69.014234       3.0214758       1.0157517     0.054795475     0.033181487   2.0521555e-09        2.104592         2.104592        2576.176                                                          2565.4154                                                       10.760633
             24       1288.3051     0.022885365      0.11573626       69.014234         3.01258       1.0200706     0.054795475     0.033181487    2.033981e-09        2.104592         2.104592        2572.401                                                          2561.6404                                                       10.760633
             22       1289.1787     0.022885365      0.11573626       69.014234       3.0090359       1.0175779     0.054795475     0.033181487    2.026785e-09        2.104592         2.104592       2574.1482                                                          2563.3876                                                       10.760633
             20       1289.0467     0.022885365      0.11573626       69.014234       2.9986707       1.0373858     0.054795475     0.033181487   2.0058855e-09        2.104592         2.104592       2573.8842                                                          2563.1235                                                       10.760633
             12       1289.3049     0.022800344      0.11534462       69.281378       2.9986707       1.0373858     0.052616373     0.028594351   2.0058855e-09        2.104592         2.104592       2574.4005                                                          2562.5946                                                        11.80592
             26       1289.2489     0.022787863      0.11536676       69.161921       2.9986707       1.0373858     0.052520406     0.035620387   2.0058855e-09        2.104592         2.104592       2574.2886                                                          2563.0401                                                       11.248562
