#                 weight             minuslogpost                 omegabh2                 omegach2                       H0                     logA                       ns                      tau                      mnu                       As            minuslogprior         minuslogprior__0                     chi2 chi2__sbt_spt_audit.likelihoods.candl_cobaya.CandlCobayaLikelihood chi2__sbt_spt_audit.likelihoods.desi_dr2_bao.DESIDR2BAOGaussian
                       4       1287.8309683310849      0.02282449592863893      0.11664986847460365       68.753019486866108       3.0151038888044908       1.0225754862516889     0.057005242595730525     0.053007231109566233   2.0391209248864035e-09       2.1045919762829826       2.1045919762829826       2571.4527527096038                                                 2560.5147601055055                                              10.937992604098543
                       2       1288.0323545195056     0.022910545106459044      0.11655214385085126       68.819705717019048       3.0153760536019254       1.0204928468446355     0.056504825554787246     0.056597733571943282   2.0396759773493142e-09       2.1045919762829826       2.1045919762829826       2571.8555250864451                                                 2560.9529856680551                                              10.902539418390196
                       3       1288.1325431170644     0.022820797378070634      0.11586290536493898       68.844531908558878       3.0071790486047401       1.0247198875864711     0.054268700430724959     0.071605228918342159   2.0230250801464132e-09       2.1045919762829826       2.1045919762829826       2572.0559022815628                                                 2561.5117461055124                                               10.54415617605018
                       4       1288.3072547425904     0.022820797378070634      0.11586290536493898       68.844531908558878       3.0043831938974854       1.0269919438806687     0.054268700430724959     0.071605228918342159   2.0173768953843977e-09       2.1045919762829826       2.1045919762829826       2572.4053255326148                                                 2561.8611693565645                                               10.54415617605018
                       3       1288.3449859871644     0.022697791514717239      0.11579956824528834       68.644277665614553       3.0013328064773366       1.0300923440884362     0.053984371481246241     0.080349410561687512   2.0112324904531746e-09       2.1045919762829826       2.1045919762829826       2572.4807880217627                                                 2561.7859158927704                                              10.694872128992307
                       5       1288.0155915074888     0.022869968127477578      0.11691417951412815       68.904038459894792       3.0100085281465558       1.0232716954222165     0.055005949642782589     0.034008173786892984   2.0287572939898474e-09       2.1045919762829826       2.1045919762829826       2571.8219990624116                                                 2561.1156552893458                                              10.706343773065855
                       1       1288.0502637442355     0.022762613141400961      0.11690696727980456       68.891669509656722       3.0065999036869595       1.0265478815676126     0.054291813396648743     0.030297692654502353   2.0218537946574613e-09       2.1045919762829826       2.1045919762829826        2571.891343535905                                                 2561.3503257448856                                              10.541017791019298
                       5       1288.3498351957853     0.022826262547277137      0.11665575390648757       69.118020782413225       2.9964445402722748       1.0247491269590321     0.048915919537204089     0.010739437842518816   2.0014250408809172e-09       2.1045919762829826       2.1045919762829826       2572.4904864390046                                                 2561.8608054018514                                              10.629681037153304
                      16        1288.266875769332     0.022664916784569576      0.11644553138747485       68.893082122645609       2.9950586237625423       1.0301091672466856     0.050091541381144432     0.034562559394927216   1.9986531541192599e-09       2.1045919762829826       2.1045919762829826       2572.3245675860981                                                 2561.8601640612969                                              10.464403524801355
                       6       1288.2207598999098     0.022659151237171243      0.11638993695153248        68.87670907523875       2.9952271640699402       1.0303209557165651     0.050314200438849439     0.036973897899742085   1.9989900361245378e-09       2.1045919762829826       2.1045919762829826       2572.2323358472536                                                 2561.7684021447749                                              10.463933702478922
                       4       1288.7065503035669     0.022621854083756558      0.11642716071488965       68.482313658153274       2.9930386954206201       1.0303454843795155      0.04958522853426444     0.064119216060023132    1.994620092586507e-09       2.1045919762829826       2.1045919762829826       2573.2039166545678                                                 2561.8032854717108                                               11.40063118285695
                       3       1289.6842623018865     0.022621854083756558      0.11642716071488965       68.482313658153274       2.9817317146508726       1.0444370524186113      0.04958522853426444     0.064119216060023132    1.972193986260047e-09       2.1045919762829826       2.1045919762829826        2575.159340651207                                                 2563.7587094683499                                               11.40063118285695
                       3       1289.7651943608851     0.022562773890198728      0.11674197987470732       68.406097530510095       2.9802921665045101       1.0447765545188317     0.048901638865765672     0.050091562011666466   1.9693569605703257e-09       2.1045919762829826       2.1045919762829826       2575.3212047692041                                                 2563.4400830710774                                              11.881121698126513
                       1       1290.4772628607932     0.022567844314267893      0.11652455666031164       68.366554062796737       2.9752927602784469       1.0456022756159118     0.046734676777730869     0.066774935040166655   1.9595359152734545e-09       2.1045919762829826       2.1045919762829826       2576.7453417690203                                                 2564.8353862182794                                              11.909955550740989
                       2       1290.5232425272729     0.022568896393204488       0.1166028690463155       68.314548054912549       2.9770206479679442       1.0453877679670351     0.047487144573518089     0.069933359782131041   1.9629247001352775e-09       2.1045919762829826       2.1045919762829826       2576.8373011019798                                                 2564.5271355958175                                              12.310165506162102
                       3       1289.8803915826638     0.022568896393204488       0.1166028690463155       68.314548054912549       2.9805289774149029       1.0424595412563655     0.047487144573518089     0.069933359782131041   1.9698233810095916e-09       2.1045919762829826       2.1045919762829826       2575.5515992127616                                                 2563.2414337065993                                              12.310165506162102
                       6       1289.7832726991383     0.022568896393204488       0.1166028690463155       68.314548054912549       2.9813074445497354       1.0415212918006365     0.047487144573518089     0.069933359782131041   1.9713574207954402e-09       2.1045919762829826       2.1045919762829826       2575.3573614457105                                                 2563.0471959395481                                              12.310165506162102
                       3       1289.8323785049924     0.022568896393204488       0.1166028690463155       68.314548054912549       2.9831260825002959       1.0441897348366886     0.047487144573518089     0.069933359782131041   1.9749458682693484e-09       2.1045919762829826       2.1045919762829826       2575.4555730574189                                                 2563.1454075512565                                              12.310165506162102
                       2        1289.767848990502     0.022526235756727367      0.11668191672944606       68.341991339377117        2.982151001248432        1.045556217619015     0.047270161385449268     0.065126731170543822   1.9730210741475889e-09       2.1045919762829826       2.1045919762829826       2575.3265140284379                                                 2563.3924940715101                                              11.934019956927861
                       1       1290.0883255613414     0.022475670410642384      0.11642728532136293       68.157705871390476       3.0055247719773392         1.04821736560556     0.059902530907862017      0.10169826322900992    2.019681203650627e-09       2.1045919762829826       2.1045919762829826       2575.9674671701168                                                 2563.4067906071327                                              12.560676562984185
                       3       1290.5795205063589     0.022475670410642384      0.11642728532136293       68.157705871390476        3.001038458744461       1.0525480655872077     0.059902530907862017      0.10169826322900992   2.0106405758479587e-09       2.1045919762829826       2.1045919762829826       2576.9498570601518                                                 2564.3891804971677                                              12.560676562984185
                      10       1290.0649058507122     0.022475670410642384      0.11642728532136293       68.157705871390476       3.0057874303156757       1.0415333204612838     0.059902530907862017      0.10169826322900992   2.0202117594339475e-09       2.1045919762829826       2.1045919762829826       2575.9206277488584                                                 2563.3599511858743                                              12.560676562984185
                       1       1289.5694526163572     0.022826517200154016      0.11584265222886873       68.655986336774191       3.0229308876546206       1.0330400416896957     0.066053515309937888     0.096355324959887342   2.0551437455211395e-09       2.1045919762829826       2.1045919762829826       2574.9297212801484                                                 2564.0527337359354                                              10.876987544212945
                      10       1289.0325047893168     0.022790373141300488      0.11569148817954951       68.735992584706679       3.0182595927951801       1.0342726109846945     0.064237291904433058      0.08821531163031468   2.0455659508751343e-09       2.1045919762829826       2.1045919762829826       2573.8558256260676                                                 2563.2604884860893                                              10.595337139978319
                       1       1289.1666301140895     0.022790373141300488      0.11569148817954951       68.735992584706679       3.0195108694357025       1.0399785074329098     0.064237291904433058      0.08821531163031468   2.0481271217986195e-09       2.1045919762829826       2.1045919762829826       2574.1240762756129                                                 2563.5287391356346                                              10.595337139978319
                       1       1289.1648077040368     0.022786636214240708      0.11569628396424855       68.732276069709727       3.0195385792747258       1.0400628553555971     0.064277944387703748     0.088079180831093618   2.0481838758577832e-09       2.1045919762829826       2.1045919762829826       2574.1204314555075                                                 2563.5231856003488                                              10.597245855158915
                       7         1290.11250482231     0.022936164078224189        0.115777714865495       68.980801719906793       3.0329756150039051       1.0335149412045268      0.06931219892222476     0.046517354096188505   2.0758911305768673e-09       2.1045919762829826       2.1045919762829826        2576.015825692054                                                 2565.2860689433915                                              10.729756748662368
                       7       1291.8358397776219     0.023007007617078714      0.11603424322088395       69.064357639828032       3.0481736047312995       1.0317747939065762     0.075899664546108067     0.045881670335852963   2.1076814653394713e-09       2.1045919762829826       2.1045919762829826       2579.4624956026778                                                 2568.7744469752674                                              10.688048627410287
                       2       1291.2617094653233     0.023007007617078714      0.11603424322088395       69.064357639828032       3.0492762172536167       1.0252396810848994     0.075899664546108067     0.045881670335852963   2.1100067029987146e-09       2.1045919762829826       2.1045919762829826       2578.3142349780805                                                 2567.6261863506702                                              10.688048627410287
                      14       1290.3571400682054      0.02290710430792783      0.11561546626493482       68.309157158007466       3.0175341665794977       1.0289236620405267      0.06184441499086954      0.12789195765568437   2.0440825818109165e-09       2.1045919762829826       2.1045919762829826       2576.5050961838447                                                 2563.1838496195546                                              13.321246564290174
