#                 weight             minuslogpost                 omegabh2                 omegach2                       H0                     logA                       ns                      tau               mnu_sample                 A_planck               TT_tSZ_Amp               TT_kSZ_Amp                       As                      mnu                chi2__CMB            minuslogprior         minuslogprior__0                     chi2 chi2__sbt_spt_audit.likelihoods.candl_cobaya.CandlCobayaLikelihood chi2__sbt_spt_audit.likelihoods.desi_dr2_bao.DESIDR2BAOGaussian chi2__planck_2018_lowl.TT chi2__planck_2018_lowl.EE_sroll2 chi2__planck_2018_highl_plik.TT_lite_native chi2__planckpr4lensing.PlanckPR4Lensing
                       3       1516.4413410363932     0.022600502292190298      0.11633624585774743       68.769825570097339       3.0421197719485558      0.97957649741061159     0.058419150400903792     0.016426255874237752      0.99700894405376406       2.3725056637865092       9.9595100399185768   2.0949604584641199e-09     0.016426255874237752        496.5741436351542       5.7934714303969193       5.7934714303969193       3021.2957392119924                                                 2514.0894369875668                                              10.632158589271301        21.242724234803347                390.2563814102437                          76.864246222000517                      8.2107917681066098
                       3       1517.6318521131786     0.022600502292190298      0.11633624585774743       68.769825570097339       3.0421197719485558      0.97957649741061159     0.058419150400903792     0.016426255874237752      0.99680802920057721       2.0062825513173475        9.652121366326103   2.0949604584641199e-09     0.016426255874237752       497.19745789248867       5.7934714303969193       5.7934714303969193       3023.6767613655634                                                 2515.8471448838031                                              10.632158589271301        21.262523522810966                390.2563814102437                          77.474560121235129                      8.2039928381988645
                       1       1517.6592286381231     0.022632693184245257      0.11619323142015289       68.868980867971302       3.0412436396617006      0.97991935209072834     0.058336287420979814     0.014862158363108068      0.99651589763874937       2.0061768869561027       9.6453798652872464   2.0931257997859845e-09     0.014862158363108068       497.32546047855141       5.7934714303969193       5.7934714303969193       3023.7315144154522                                                  2515.815869274305                                              10.590184662595641        21.231285607674067               390.24851710816108                           77.62207877988341                      8.2235789828328461
                       6       1519.8651762673344     0.022603538088627709      0.11615179877922481        68.93401176473661       3.0217935256630102      0.98681874165600847     0.050614526049363687     0.007220849196028176      0.99394289753872589       1.9332111710701465       9.6683107576267187   2.0528076318929437e-09     0.007220849196028176       504.30394532759351       5.7934714303969193       5.7934714303969193       3028.1434096738749                                                  2513.202515925193                                              10.636948421088073        20.408752401662184               392.35500448691579                          82.822060587962156                       8.718127851053417
                       1       1519.4244056399016     0.022603538088627709      0.11615179877922481        68.93401176473661       3.0217935256630102      0.98681874165600847     0.050614526049363687     0.007220849196028176      0.99404560662015928       2.2763650185579558       9.6977430425347979   2.0528076318929437e-09     0.007220849196028176       503.97567165474692       5.7934714303969193       5.7934714303969193       3027.2618684190093                                                 2512.6492483431743                                              10.636948421088073        20.402397694093054               392.35500448691579                          82.471200352850616                      8.7470691208875007
                       3        1517.991333578072     0.022603538088627709      0.11615179877922481        68.93401176473661       3.0217935256630102      0.98681874165600847     0.050614526049363687     0.007220849196028176       0.9969541790447054       2.2763650185579558       9.6977430425347979   2.0528076318929437e-09     0.007220849196028176       501.10952753108717       5.7934714303969193       5.7934714303969193       3024.3957242953502                                                 2512.6492483431743                                              10.636948421088073        20.236438099648922               392.41510281836781                          78.534273132454715                      9.9237134806157314
                       3       1517.8955504500166     0.022699137299431113      0.11561150465432561       69.147262689493616       3.0332091883952708      0.98448885255191909     0.053920672385376803    0.0038423687594097509       1.0001221915452319       2.1955391205104018       9.7169017703090574    2.076376060139459e-09    0.0038423687594097509       497.52065684649426       5.7934714303969193       5.7934714303969193       3024.2041580392392                                                 2515.4191303226175                                              11.264370870127022         20.44124294043138                390.9962476448876                          76.570835892185997                      9.5123303689893124
                       1       1517.5760364945354     0.022652300444931567      0.11548486326251295       69.205229973063098       3.0363570997601879      0.98359699837634484     0.055108314854937911    0.0031086326005784017       1.0009611862040857       2.2339590241712379       9.7331707555478832   2.0829226065048674e-09    0.0031086326005784017       496.24693204008543       5.7934714303969193       5.7934714303969193       3023.5651301282769                                                 2515.5915750610288                                              11.726623027163187        20.513482760031081               390.67920500926493                          75.471064542055586                      9.5831797287338727
                       1       1517.6010872857887     0.022652300444931567      0.11548486326251295       69.205229973063098       3.0363570997601879      0.98359699837634484     0.055108314854937911    0.0031086326005784017       1.0009647679283789       2.2488237436084013       9.7318237220956334   2.0829226065048674e-09    0.0031086326005784017       496.25081275507574       5.7934714303969193       5.7934714303969193       3023.6152317107835                                                 2515.6377959285446                                              11.726623027163187         20.51323332547139               390.67920500926493                          75.473505953599471                      9.5848684667399411
                       2       1516.1495802216155     0.022605256859274628      0.11601880731545793        68.82732000866794       3.0401922530751286      0.97857994301906526     0.057364492726574762     0.026573393677010657       1.0002653294289632       2.4028379853430883       9.7091889796025157   2.0909262718757682e-09     0.026573393677010657       493.83798490411897       5.7934714303969193       5.7934714303969193        3020.712217582437                                                 2516.3172349441306                                              10.556997734187654        21.084243745719334                390.2815850624134                          73.256339850805546                      9.2158162451807097
                       1       1515.4845763404746     0.022605256859274628      0.11601880731545793        68.82732000866794       3.0401922530751286      0.97857994301906526     0.057364492726574762     0.026573393677010657       1.0003462006898407       2.4047324845813787       9.9520891631919834   2.0909262718757682e-09     0.026573393677010657       493.91934676428366       5.7934714303969193       5.7934714303969193       3019.3822098201554                                                 2514.9058653216844                                              10.556997734187654        21.076721996591516                390.2815850624134                          73.312496708075457                      9.2485429972032751
                       3       1515.0023881038469     0.022541465739082226      0.11638841951228711       68.701504304901889       3.0404381655969979      0.97899829523992876     0.057113785835285015     0.024490817553256581       1.0004702421575478       2.4067391774381912        9.956588406193676   2.0914405200557696e-09     0.024490817553256581       493.53069499852188       5.7934714303969193       5.7934714303969193       3018.4178333468999                                                 2514.2907903825298                                              10.596347965848146        20.997851482262433               390.28076803558946                          73.314119085256678                      8.9379563954133072
                       1       1514.7140970648152     0.022541465739082226      0.11638841951228711       68.701504304901889       3.0404381655969979      0.97899829523992876     0.057113785835285015     0.024490817553256581      0.99954522126236944       2.4067391774381912        9.956588406193676   2.0914405200557696e-09     0.024490817553256581        492.9541129204585       5.7934714303969193       5.7934714303969193       3017.8412512688365                                                 2514.2907903825298                                              10.596347965848146        21.082607502610415               390.27059547077107                          72.943953231354996                      8.6569567157220195
                       7       1515.0229393940483     0.022541465739082226      0.11638841951228711       68.701504304901889       3.0404381655969979      0.97899829523992876     0.057113785835285015     0.024490817553256581       1.0005020735116392       2.4067391774381912        9.956588406193676   2.0914405200557696e-09     0.024490817553256581       493.57179757892442       5.7934714303969193       5.7934714303969193       3018.4589359273027                                                 2514.2907903825298                                              10.596347965848146        20.994979718231207               390.28076803558946                          73.347218416348198                      8.9488314087555345
                      13       1516.4507424438227     0.022610709539205524      0.11671142173877791        68.26667317059291       3.0351182848659173      0.98030549708714587     0.053674956470348222     0.080510828876424648       1.0003163380162423       2.4226625678351503       9.9664495842061562   2.0803438485879678e-09     0.080510828876424648       495.04844785445329       5.7934714303969193       5.7934714303969193       3021.3145420268515                                                 2513.4302151856446                                              12.835878986753828        20.805721241136553                390.8201180244651                           73.23104150340329                       10.19156708544833
                       1       1516.8862113688447      0.02253272475233821      0.11658935773249227       68.312657273544872       3.0334185371260203      0.98079473574787324     0.053719152893213801     0.084032104739776847      0.99979304247723833       2.5092308262564673       9.9757244822310849   2.0768107923359365e-09     0.084032104739776847       495.45536908166054       5.7934714303969193       5.7934714303969193       3022.1854798768954                                                 2514.8600193163052                                              11.870091478929554        20.729442793066539               390.80357194265002                          72.932135091238877                      10.990219254705069
                       5       1516.9005513252914     0.022556747624870171      0.11656174926923568       68.324811072357505       3.0344347574052475      0.98096213501514817     0.054216063151502313     0.087916833338914535      0.99978386902385374       2.5109902033617644       9.9668927288214988   2.0789223623076208e-09     0.087916833338914535       495.34851273950181       5.7934714303969193       5.7934714303969193       3022.2141597897889                                                 2515.0192706284211                                              11.846376421866568        20.722936903335381               390.66111188588377                          72.895624113511232                      11.068839836771403
                      10       1517.0491955124485     0.022522835082515257      0.11625561036156136       68.280656027453603       3.0376809973144265      0.98254081376119973     0.057144176050228014     0.093796302651051794      0.99891003567609871       2.5372216404246397       9.9369132794369897   2.0856820088292469e-09     0.093796302651051794       496.07162740974286       5.7934714303969193       5.7934714303969193       3022.5114481641031                                                 2514.6127407283366                                              11.827080026023356         20.58037542229215                390.3540986037209                          74.074907427049325                       11.06224595668051
                       1       1516.9802948070392     0.022536518628822347      0.11628587660028462       68.280167696591519       3.0382921903465028      0.98234974039931466     0.057415082912061995     0.094818577198446025      0.99888862993029448       2.5391423087507619       9.9310924939221614   2.0869571527800245e-09     0.094818577198446025       495.71842236694562       5.7934714303969193       5.7934714303969193       3022.3736467532844                                                 2514.7558072223565                                               11.89941716398264        20.606181180509395               390.30981142282229                          73.805382945422565                       10.99704681819132
                       1        1517.022585445595     0.022530330710049135      0.11630458481438978       68.268329267420185       3.0385776798346069      0.98224589667194595     0.057501771566958015     0.094790500791442564      0.99895031374665377       2.5406876901829465       9.9321144670740225   2.0875530421652972e-09     0.094790500791442564       495.68350500180139       5.7934714303969193       5.7934714303969193       3022.4582280303962                                                 2514.8114886551534                                              11.963234373441486        20.615062301452895               390.31682129828391                          73.805498942020677                      10.946122460043888
                       1       1517.6401649965328     0.022550312765085227      0.11649122996291791       68.187996433584246       3.0378562695783615      0.98371854515327317     0.057055848973994371      0.10258904329066701      0.99866369072694527       2.5226534465436883       9.9195808156992982   2.0860476030751129e-09      0.10258904329066701       496.70851748760032       5.7934714303969193       5.7934714303969193       3023.6933871322717                                                 2514.2521946459256                                              12.732674998745738        20.478779202719181               390.38076358161362                          74.883534165539245                      10.965440537728261
                       2       1517.3147747998046     0.022550312765085227      0.11649122996291791       68.187996433584246       3.0378562695783615      0.98371854515327317     0.057055848973994371      0.10258904329066701      0.99814801566697242       2.5226534465436883       9.9195808156992982   2.0860476030751129e-09      0.10258904329066701       496.05773709414422       5.7934714303969193       5.7934714303969193       3023.0426067388153                                                 2514.2521946459256                                              12.732674998745738        20.513794609125853               390.35482509164592                          74.551738531823219                      10.637378861549248
                       3        1517.346872248457     0.022551056636553903      0.11669836191212388       68.110921945827215        3.035988934335407      0.98187080319745279     0.055149581073695747      0.10033654358233456      0.99886824785390882       2.4994689725772998       9.9476271486357106   2.0821558875670201e-09      0.10033654358233456       495.38654108343297       5.7934714303969193       5.7934714303969193       3023.1068016361201                                                 2514.0526881393753                                               13.66757241331146        20.670718658890792               390.54981527181991                           73.68012729157391                      10.485879861148389
                       4       1518.0934645181828     0.022551056636553903      0.11669836191212388       68.110921945827215        3.035988934335407      0.98187080319745279     0.055149581073695747      0.10033654358233456      0.99680152052917137       2.4994689725772998       9.9476271486357106   2.0821558875670201e-09      0.10033654358233456       496.87972562288502       5.7934714303969193       5.7934714303969193       3024.5999861755718                                                 2514.0526881393753                                               13.66757241331146        20.833669179747631               390.48482552647135                          76.134616339265662                      9.4266145774003682
                       1       1518.0494068996541     0.022556399805201102      0.11667344824653966       68.116040397908151       3.0356941162459208      0.98204447144251594     0.055072891225095288      0.10101455647424269      0.99672820756389302       2.4975712568033992       9.9465451767057189   2.0815421208254499e-09      0.10101455647424269        496.9273778463695       5.7934714303969193       5.7934714303969193       3024.5118709385142                                                 2513.9573345805006                                               13.62715851164406        20.815474765804083               390.51186481973355                          76.127088800869089                      9.4729494599627664
                       1       1518.7281654059448     0.022562817183997035      0.11680506165641426       68.047113517518511       3.0384532107459363      0.98194469272628726     0.055574977307104527      0.11385460317251343      0.99750636220047006       2.5106178335630962       9.9499925417378421   2.0872932225106805e-09      0.11385460317251343       496.19954608538603       5.7934714303969193       5.7934714303969193       3025.8693879510956                                                 2515.3555456094014                                              14.314296256308261        20.824157610604345               390.40661777759249                          75.380376677558232                      9.5883940196309574
                       4       1518.6099643597186     0.022515760849324745      0.11570698743769031       68.647115123313284       3.0406535544541708      0.98512581153312806     0.057464830361858898     0.096240461157012999      0.99836281707199004       2.5405324179695437       9.9750708097849561   2.0918910415561434e-09     0.096240461157012999       497.80524900859086       5.7934714303969193       5.7934714303969193       3025.6329858586432                                                  2517.496046782886                                              10.331690067165981        20.512739496097197               390.33412612073283                          76.377927885567814                      10.580455506193028
                       2       1517.8247307938805     0.022610759348321793       0.1156829712351454       68.799132151622558       3.0363678584489175      0.98598868958113961     0.056105245149940614     0.085623211551462422      0.99720830969772822       2.4961649082827151       9.9497821720446282    2.082945016141388e-09     0.085623211551462422       498.01291210930111       5.7934714303969193       5.7934714303969193        3024.062518726967                                                 2515.6312597955312                                              10.418346822134538        20.464225028116743               390.48568178438552                          76.531353001323581                      10.531652295475277
                       4       1518.0593319892537     0.022610759348321793       0.1156829712351454       68.799132151622558       3.0363678584489175      0.98598868958113961     0.056105245149940614     0.085623211551462422      0.99697684924340169       2.4961649082827151       9.9497821720446282    2.082945016141388e-09     0.085623211551462422       498.48211450004771       5.7934714303969193       5.7934714303969193       3024.5317211177135                                                 2515.6312597955312                                              10.418346822134538        20.479546111078093               390.47416927179421                          77.134885704893279                      10.393513412282136
                      11       1521.6483502767323     0.022610759348321793       0.1156829712351454       68.799132151622558       3.0363678584489175      0.98598868958113961     0.056105245149940614     0.085623211551462422      0.99690033971090208       2.9386125078053182       9.3561680235138382    2.082945016141388e-09     0.085623211551462422       498.65515951007876       5.7934714303969193       5.7934714303969193       3031.7097576926708                                                 2522.6362513604577                                              10.418346822134538        20.484649012209559               390.47120398108598                          77.350509560685381                      10.348796956097809
                       1       1521.6185071311181     0.022610759348321793       0.1156829712351454       68.799132151622558       3.0363678584489175      0.98598868958113961     0.056105245149940614     0.085623211551462422       0.9969020220861029       2.9368308836444506       9.3627124619993971    2.082945016141388e-09     0.085623211551462422       498.65119771750381       5.7934714303969193       5.7934714303969193       3031.6500714014423                                                 2522.5805268618042                                              10.418346822134538        20.484536606358574               390.47120398108598                          77.345681955966683                      10.349775174092516
                       1       1522.7180678511459     0.022610759348321793       0.1156829712351454       68.799132151622558       3.0363678584489175      0.98598868958113961     0.056105245149940614     0.085623211551462422       1.0009109617173448       2.9368308836444506       9.3627124619993971    2.082945016141388e-09     0.085623211551462422       500.85031915755872       5.7934714303969193       5.7934714303969193       3033.8491928414978                                                 2522.5805268618042                                              10.418346822134538        20.242340301065951               390.56245973112868                          76.726626168072599                      13.318892957291503
