#        weight    minuslogpost        omegabh2        omegach2              H0            logA              ns             tau             mnu              As   minuslogprior minuslogprior__0            chi2 chi2__sbt_spt_audit.likelihoods.candl_cobaya.CandlCobayaLikelihood chi2__sbt_spt_audit.likelihoods.desi_dr2_bao.DESIDR2BAOGaussian
              5       1290.4289     0.022787444      0.11609575       68.891694       2.9823871       1.0357156     0.043661088     0.024405632   1.9734869e-09        2.104592         2.104592       2576.6485                                                          2565.9135                                                       10.734978
              2       1290.3651     0.022787444      0.11609575       68.891694       2.9820873       1.0357911     0.043661088     0.024405632   1.9728954e-09        2.104592         2.104592       2576.5211                                                          2565.7861                                                       10.734978
              2       1290.8406     0.022749637       0.1159922       68.695274       2.9780032       1.0373897     0.042131283     0.054279296   1.9648544e-09        2.104592         2.104592        2577.472                                                          2566.5598                                                       10.912159
              1       1290.1339     0.023024014      0.11560028          68.808       2.9982355       1.0320588     0.050381261       0.1056786   2.0050128e-09        2.104592         2.104592       2576.0586                                                          2565.2523                                                       10.806292
              7       1289.8965     0.023024014      0.11560028          68.808       3.0088213       1.0174369     0.050381261       0.1056786   2.0263502e-09        2.104592         2.104592       2575.5838                                                          2564.7775                                                       10.806292
              1       1289.9282     0.023024014      0.11560028          68.808       3.0085355       1.0183281     0.050381261       0.1056786   2.0257712e-09        2.104592         2.104592       2575.6472                                                          2564.8409                                                       10.806292
              4       1288.3348     0.022796045      0.11699297       68.592776       3.0122334       1.0204033     0.052328811     0.035958385   2.0332761e-09        2.104592         2.104592       2572.4605                                                          2560.4223                                                       12.038222
              4       1288.1578     0.022735855       0.1170644       68.667392       3.0075021       1.0229664     0.050511352     0.029241122   2.0236787e-09        2.104592         2.104592       2572.1064                                                          2560.7658                                                       11.340657
              6       1287.9368      0.02270105      0.11717053       68.673303       3.0082682       1.0235814     0.051066245     0.018916784   2.0252296e-09        2.104592         2.104592       2571.6645                                                          2560.3642                                                       11.300258
              5       1288.3132      0.02270105      0.11717053       68.673303       3.0101255       1.0225187     0.051066245     0.018916784   2.0289945e-09        2.104592         2.104592       2572.4172                                                          2561.1169                                                       11.300258
              1       1288.1759     0.022776838      0.11729785       68.733354       3.0140924       1.0197654     0.052136081    0.0093123107   2.0370594e-09        2.104592         2.104592       2572.1426                                                          2560.7187                                                       11.423849
              3       1288.5053     0.022776838      0.11729785       68.733354       3.0160332       1.0180204     0.052136081    0.0093123107   2.0410168e-09        2.104592         2.104592       2572.8015                                                          2561.3776                                                       11.423849
             11       1288.5786     0.022775781      0.11675336       68.738791       3.0162674        1.019421     0.053042672     0.034219043   2.0414948e-09        2.104592         2.104592        2572.948                                                          2561.9045                                                       11.043488
              1       1289.8311     0.022756828      0.11664268       68.442116       3.0144807       1.0207193     0.052513099     0.082525327   2.0378506e-09        2.104592         2.104592       2575.4529                                                          2563.2637                                                       12.189253
              1       1290.5249     0.023074833      0.11722691       68.700008       3.0229435       1.0109512     0.052981466     0.061797028   2.0551696e-09        2.104592         2.104592       2576.8406                                                          2564.3846                                                       12.456011
              2       1290.8627     0.023074833      0.11722691       68.700008       2.9999825       1.0361654     0.052981466     0.061797028   2.0085186e-09        2.104592         2.104592       2577.5163                                                          2565.0603                                                       12.456011
              2       1290.5216     0.023055543      0.11785002       68.793407       2.9950075       1.0350471     0.049768906     0.016253562   1.9985509e-09        2.104592         2.104592       2576.8341                                                          2564.3515                                                       12.482554
              3       1290.4002     0.023055543      0.11785002       68.793407        2.996112       1.0340596     0.049768906     0.016253562   2.0007595e-09        2.104592         2.104592       2576.5912                                                          2564.1087                                                       12.482554
              2       1290.1346     0.022912161      0.11603163        68.49698       3.0047177       1.0408715     0.057888489      0.10572857   2.0180518e-09        2.104592         2.104592       2576.0599                                                          2563.9228                                                       12.137118
              8       1290.5588     0.022919924       0.1150898       68.599497       2.9977903       1.0432776     0.055706462      0.13953418   2.0041202e-09        2.104592         2.104592       2576.9084                                                          2565.9503                                                       10.958105
             10       1291.4829     0.022951704      0.11714117         68.6163       2.9981744       1.0340422     0.052395781    0.0038804696   2.0048903e-09        2.104592         2.104592       2578.7567                                                          2565.2571                                                       13.499622
              1        1292.454     0.022969198      0.11799887       68.242303       3.0055323       1.0330529     0.054827506     0.036434657   2.0196964e-09        2.104592         2.104592       2580.6988                                                           2562.352                                                        18.34683
              9       1291.9663     0.022969198      0.11799887       68.242303       3.0283606       1.0053742     0.054827506     0.036434657   2.0663329e-09        2.104592         2.104592       2579.7234                                                          2561.3766                                                        18.34683
              1       1291.7064     0.022969198      0.11799887       68.242303       3.0273662       1.0045969     0.054827506     0.036434657   2.0642792e-09        2.104592         2.104592       2579.2036                                                          2560.8567                                                        18.34683
              4       1292.1436     0.022969198      0.11799887       68.242303       3.0188461       1.0202438     0.054827506     0.036434657   2.0467661e-09        2.104592         2.104592        2580.078                                                          2561.7312                                                        18.34683
              4       1292.6474     0.023058099      0.11843952       68.307966       3.0207413       1.0168478     0.054327885     0.018743861   2.0506488e-09        2.104592         2.104592       2581.0856                                                          2561.9351                                                       19.150544
              2       1292.4112     0.022739685      0.11769882       67.966172       3.0186994       1.0270406     0.057311952     0.059104475   2.0464658e-09        2.104592         2.104592       2580.6132                                                          2561.1333                                                       19.479876
              1       1292.2964     0.022739685      0.11769882       67.966172       3.0076577       1.0292202     0.057311952     0.059104475   2.0239937e-09        2.104592         2.104592       2580.3837                                                          2560.9038                                                       19.479876
              2       1292.3324     0.022739685      0.11769882       67.966172       3.0169002       1.0165995     0.057311952     0.059104475   2.0427871e-09        2.104592         2.104592       2580.4555                                                          2560.9756                                                       19.479876
              4       1294.5603     0.022394132      0.11858571       67.672677       2.9906098       1.0270865     0.046350838     0.055413997   1.9897813e-09        2.104592         2.104592       2584.9115                                                           2563.448                                                       21.463513
              6       1294.0772     0.022175337      0.11828513       67.718359        2.980214       1.0328315     0.043532868     0.025730437    1.969203e-09        2.104592         2.104592       2583.9453                                                          2565.5613                                                       18.383973
              2       1295.1562     0.022114893      0.11747006       67.593674       2.9792865       1.0372202     0.044854559     0.082501284   1.9673775e-09        2.104592         2.104592       2586.1032                                                          2568.4732                                                       17.630002
             11       1296.1111     0.022114893      0.11747006       67.593674       2.9754013        1.039468     0.044854559     0.082501284   1.9597487e-09        2.104592         2.104592        2588.013                                                           2570.383                                                       17.630002
              3       1292.8938     0.022280325      0.11758204       67.873063       2.9856634       1.0343446     0.048277802     0.055930408   1.9799633e-09        2.104592         2.104592       2581.5783                                                          2565.7863                                                       15.792094
              5       1291.1667     0.022280325      0.11758204       67.873063        2.986363       1.0437687     0.048277802     0.055930408    1.981349e-09        2.104592         2.104592       2578.1242                                                          2562.3321                                                       15.792094
              2       1289.5345     0.022178843      0.11710367       68.132628       2.9982373       1.0487352     0.055976314     0.047433007   2.0050163e-09        2.104592         2.104592       2574.8598                                                          2562.8353                                                       12.024531
              9       1288.6603     0.022158654      0.11720348       68.298813       2.9978421       1.0477565     0.055722566    0.0025046265    2.004224e-09        2.104592         2.104592       2573.1113                                                          2561.7801                                                       11.331234
             14       1288.5252     0.022158654      0.11720348       68.298813       3.0004082       1.0443077     0.055722566    0.0025046265   2.0093738e-09        2.104592         2.104592       2572.8413                                                          2561.5101                                                       11.331234
              8        1288.531     0.022158654      0.11720348       68.298813       3.0006794       1.0411124     0.055722566    0.0025046265   2.0099188e-09        2.104592         2.104592       2572.8529                                                          2561.5216                                                       11.331234
              5       1288.6429     0.022141145      0.11715994       68.278807       3.0012606       1.0416676     0.056238017    0.0049680615   2.0110873e-09        2.104592         2.104592       2573.0765                                                          2561.7328                                                       11.343786
             11       1288.8656     0.022469147      0.11571875       68.625401       3.0193056       1.0373216     0.064377668     0.078138522   2.0477068e-09        2.104592         2.104592        2573.522                                                          2563.1483                                                       10.373702
              3       1289.2419      0.02243147       0.1157346       68.620528        3.019123       1.0387343     0.064653306     0.079207081   2.0473329e-09        2.104592         2.104592       2574.2746                                                          2563.9248                                                       10.349792
              4       1288.7386      0.02238524      0.11568603       68.695353       3.0106059       1.0400895     0.060878262     0.064913298   2.0299695e-09        2.104592         2.104592       2573.2681                                                          2562.8379                                                       10.430212
             15       1289.5382      0.02238524      0.11568603       68.695353       3.0089163       1.0379708     0.060878262     0.064913298   2.0265426e-09        2.104592         2.104592       2574.8671                                                          2564.4369                                                       10.430212
              3       1289.4262      0.02238524      0.11568603       68.695353       3.0025616       1.0537271     0.060878262     0.064913298   2.0137054e-09        2.104592         2.104592       2574.6432                                                           2564.213                                                       10.430212
              2        1290.151      0.02238524      0.11568603       68.695353        2.996904       1.0589485     0.060878262     0.064913298   2.0023449e-09        2.104592         2.104592       2576.0929                                                          2565.6627                                                       10.430212
             18       1289.3655      0.02238524      0.11568603       68.695353       3.0167225       1.0304958     0.060878262     0.064913298   2.0424241e-09        2.104592         2.104592       2574.5218                                                          2564.0916                                                       10.430212
              1       1289.2109     0.022380724      0.11581217       68.697743       3.0177289       1.0302924     0.061245323     0.058193164   2.0444806e-09        2.104592         2.104592       2574.2126                                                          2563.7955                                                       10.417032
              6       1289.1391     0.022380724      0.11581217       68.697743       3.0213192       1.0288252     0.061245323     0.058193164   2.0518341e-09        2.104592         2.104592        2574.069                                                          2563.6519                                                       10.417032
             11       1289.0678     0.022380724      0.11581217       68.697743        3.020984       1.0295777     0.061245323     0.058193164   2.0511466e-09        2.104592         2.104592       2573.9265                                                          2563.5094                                                       10.417032
              1       1288.8932     0.022380724      0.11581217       68.697743        3.019799       1.0318705     0.061245323     0.058193164   2.0487174e-09        2.104592         2.104592       2573.5773                                                          2563.1603                                                       10.417032
              1       1289.0494      0.02237157      0.11574475       68.672204       3.0199144       1.0322791     0.061483917     0.063622086   2.0489538e-09        2.104592         2.104592       2573.8897                                                          2563.4895                                                       10.400144
             18       1288.4772     0.022312362      0.11621203       68.671228       3.0180016       1.0325296     0.060395169      0.03256614   2.0450383e-09        2.104592         2.104592       2572.7453                                                          2562.3599                                                       10.385377
              2        1288.789     0.022343535      0.11585843       68.986869        3.019063       1.0321134     0.061114115    0.0054766574   2.0472101e-09        2.104592         2.104592       2573.3689                                                          2562.0567                                                       11.312224
             10       1289.6416     0.022343535      0.11585843       68.986869       2.9989353       1.0568813     0.061114115    0.0054766574   2.0064163e-09        2.104592         2.104592        2575.074                                                          2563.7618                                                       11.312224
              2       1289.1918     0.022422443      0.11638831       68.942352       2.9953022       1.0545902     0.057888648    0.0094246022   1.9991401e-09        2.104592         2.104592       2574.1744                                                          2563.4404                                                       10.734001
             13       1289.9284     0.022252399      0.11565101       68.844948       2.9934983       1.0593644     0.059485957     0.016585074   1.9955371e-09        2.104592         2.104592       2575.6476                                                           2564.622                                                         11.0256
              5       1291.2301     0.022735865      0.11592905       69.138618       3.0303918       1.0461315     0.073146873     0.031534163   2.0705343e-09        2.104592         2.104592       2578.2511                                                          2567.2462                                                        11.00491
              6       1290.6378     0.022735865      0.11592905       69.138618       3.0370973       1.0326365     0.073146873     0.031534163    2.084465e-09        2.104592         2.104592       2577.0665                                                          2566.0615                                                        11.00491
              5       1290.5095      0.02272622      0.11609212       69.079575       3.0390786       1.0319888     0.073955227     0.024598587    2.088599e-09        2.104592         2.104592       2576.8099                                                          2566.0323                                                       10.777629
              5       1288.8747     0.022884995       0.1164128       69.132626       3.0307471       1.0265406     0.067793261     0.014701213   2.0712702e-09        2.104592         2.104592       2573.5401                                                           2562.843                                                       10.697135
              4       1289.2418     0.022685028      0.11609315       69.216369       3.0252783       1.0337241     0.067464022    0.0075923491   2.0599736e-09        2.104592         2.104592       2574.2743                                                           2562.929                                                       11.345307
              2       1290.1709     0.022685028      0.11609315       69.216369       3.0162569        1.046068     0.067464022    0.0075923491   2.0414734e-09        2.104592         2.104592       2576.1326                                                          2564.7873                                                       11.345307
              8        1291.148     0.022685028      0.11609315       69.216369       3.0133776       1.0466629     0.067464022    0.0075923491   2.0356039e-09        2.104592         2.104592       2578.0868                                                          2566.7415                                                       11.345307
              4       1291.1502     0.022685028      0.11609315       69.216369       3.0278151       1.0249953     0.067464022    0.0075923491   2.0652061e-09        2.104592         2.104592       2578.0912                                                          2566.7459                                                       11.345307
              7        1289.729     0.022685028      0.11609315       69.216369       3.0440181       1.0169056     0.067464022    0.0075923491   2.0989413e-09        2.104592         2.104592       2575.2489                                                          2563.9036                                                       11.345307
              1       1288.2528     0.022634677      0.11631645       68.894182       3.0323289       1.0166688     0.061643865     0.019104894   2.0745491e-09        2.104592         2.104592       2572.2964                                                          2561.7535                                                       10.542936
             12       1287.3645     0.022634677      0.11631645       68.894182       3.0242271       1.0267837     0.061643865     0.019104894   2.0578094e-09        2.104592         2.104592       2570.5199                                                          2559.9769                                                       10.542936
              6       1287.8684      0.02257554      0.11635988       68.615161       3.0275301       1.0281428     0.063774803     0.046068683   2.0646176e-09        2.104592         2.104592       2571.5276                                                          2560.7582                                                       10.769442
             11        1287.744     0.022555858      0.11627326       68.633469       3.0245383       1.0288765     0.062579299     0.044861935   2.0584498e-09        2.104592         2.104592       2571.2788                                                          2560.6125                                                       10.666345
              2       1287.8714     0.022522487       0.1166631       68.480184       3.0237069       1.0290639     0.061934007     0.046144958   2.0567391e-09        2.104592         2.104592       2571.5335                                                          2560.2983                                                       11.235208
             18       1289.0835     0.022472412      0.11713683       68.287961       3.0259116       1.0305358     0.062938089     0.060284424   2.0612787e-09        2.104592         2.104592       2573.9578                                                          2561.6805                                                       12.277336
             11       1288.9332     0.022545233      0.11636565        68.34386       3.0178884       1.0301217     0.059295811     0.091419594   2.0448069e-09        2.104592         2.104592       2573.6573                                                          2562.0723                                                       11.584974
              1       1289.2407     0.022545233      0.11636565        68.34386       3.0095841       1.0349673     0.059295811     0.091419594   2.0278965e-09        2.104592         2.104592       2574.2723                                                          2562.6873                                                       11.584974
             15       1288.5181     0.022511157      0.11666547       68.415126        3.009047       1.0351902     0.058924172     0.064663531   2.0268074e-09        2.104592         2.104592       2572.8269                                                           2561.474                                                       11.352929
              4       1288.6038     0.022659224      0.11750643       68.372748       3.0208127       1.0282721     0.062175005     0.039029564   2.0507951e-09        2.104592         2.104592       2572.9983                                                          2559.7761                                                       13.222242
              3       1289.1087     0.022562082      0.11667609       68.486451       3.0115762       1.0346874      0.05978112      0.07217018   2.0319402e-09        2.104592         2.104592       2574.0081                                                          2562.9318                                                       11.076333
              6       1290.6874     0.022018139      0.11570357       68.264723       2.9994205       1.0493974     0.059951638     0.053566797   2.0073901e-09        2.104592         2.104592       2577.1655                                                          2566.7245                                                       10.441022
              3       1289.9772     0.022403387      0.11749499       68.201018       3.0263687       1.0330212     0.067190536    0.0067258798   2.0622211e-09        2.104592         2.104592       2575.7452                                                          2562.0124                                                       13.732731
              5       1289.7988     0.022417935      0.11772276       68.093092       3.0204028       1.0326741     0.063779206     0.018710069   2.0499547e-09        2.104592         2.104592       2575.3885                                                          2560.3598                                                       15.028675
              2       1290.3984     0.022417935      0.11772276       68.093092       3.0206351       1.0410523     0.063779206     0.018710069    2.050431e-09        2.104592         2.104592       2576.5875                                                          2561.5589                                                       15.028675
              5       1290.8976     0.022485949      0.11798674       68.110739       3.0281257       1.0383965     0.066515055     0.010815237   2.0658475e-09        2.104592         2.104592       2577.5861                                                           2561.807                                                       15.779127
              1       1291.4553     0.022485949      0.11798674       68.110739       3.0317007       1.0362577     0.066515055     0.010815237   2.0732462e-09        2.104592         2.104592       2578.7015                                                          2562.9224                                                       15.779127
              5       1292.0597     0.022485949      0.11798674       68.110739        3.028954       1.0405996     0.066515055     0.010815237   2.0675594e-09        2.104592         2.104592       2579.9101                                                           2564.131                                                       15.779127
              6       1290.8566     0.022485949      0.11798674       68.110739       3.0430076       1.0153972     0.066515055     0.010815237   2.0968213e-09        2.104592         2.104592        2577.504                                                          2561.7249                                                       15.779127
              3       1291.5815     0.022485949      0.11798674       68.110739       3.0212859       1.0461922     0.066515055     0.010815237   2.0517658e-09        2.104592         2.104592       2578.9539                                                          2563.1747                                                       15.779127
              8       1293.2209     0.022485949      0.11798674       68.110739        3.009933       1.0500984     0.066515055     0.010815237    2.028604e-09        2.104592         2.104592       2582.2327                                                          2566.4536                                                       15.779127
             19       1293.2175     0.022473393       0.1179991       68.102443       3.0093423         1.05041     0.066318344    0.0098626229   2.0274061e-09        2.104592         2.104592       2582.2257                                                          2566.4241                                                       15.801638
              3       1293.5138     0.022454135      0.11823954       68.035108       3.0078119       1.0503663     0.065387169    0.0055116894   2.0243058e-09        2.104592         2.104592       2582.8184                                                          2565.9599                                                       16.858504
             12       1293.3506     0.022640328      0.11728513        68.15757       3.0127098       1.0485863     0.067543143     0.066772898    2.034245e-09        2.104592         2.104592        2582.492                                                          2567.5918                                                       14.900202
              8       1293.2928     0.022660028      0.11718091       68.204146       3.0131354       1.0486922     0.067754824     0.072546765   2.0351108e-09        2.104592         2.104592       2582.3764                                                          2568.0672                                                       14.309188
              1       1291.9644     0.022660028      0.11718091       68.204146       3.0289919       1.0262628     0.067754824     0.072546765   2.0676378e-09        2.104592         2.104592       2579.7197                                                          2565.4105                                                       14.309188
             20       1291.4446     0.022708877      0.11702045       68.253776       3.0241764       1.0252578     0.065100784     0.077226955   2.0577051e-09        2.104592         2.104592         2578.68                                                           2564.726                                                       13.953964
              1       1293.3206     0.022603557      0.11656709       67.969294       3.0220017       1.0290285     0.065615488      0.12121797    2.053235e-09        2.104592         2.104592       2582.4321                                                          2566.9757                                                       15.456425
              5       1293.6146     0.022611856      0.11643748       67.960299       3.0215662       1.0292679     0.065515517       0.1311114    2.052341e-09        2.104592         2.104592         2583.02                                                          2567.6569                                                        15.36308
              1       1291.7912      0.02250464      0.11753072       67.979949       2.9984623       1.0291663     0.053328638     0.058228645   2.0054675e-09        2.104592         2.104592       2579.3732                                                          2562.9608                                                       16.412379
              4       1292.2691      0.02250464      0.11753072       67.979949        2.997705       1.0290655     0.053328638     0.058228645   2.0039493e-09        2.104592         2.104592       2580.3291                                                          2563.9167                                                       16.412379
             10       1294.3255      0.02250464      0.11753072       67.979949       2.9965732       1.0268305     0.053328638     0.058228645   2.0016826e-09        2.104592         2.104592       2584.4418                                                          2568.0294                                                       16.412379
              1        1291.838      0.02250464      0.11753072       67.979949       3.0170023       1.0108418     0.053328638     0.058228645   2.0429956e-09        2.104592         2.104592       2579.4668                                                          2563.0544                                                       16.412379
              5       1292.8264     0.022657051      0.11648356       67.961334       3.0247364       1.0088655     0.057240184      0.12225868   2.0588576e-09        2.104592         2.104592       2581.4437                                                          2565.4255                                                       16.018199
              3       1293.8889      0.02262744      0.11621122       67.851089       3.0245562       1.0105599     0.057830543      0.14890125   2.0584868e-09        2.104592         2.104592       2583.5687                                                          2567.0224                                                       16.546317
              2       1294.8414      0.02262744      0.11621122       67.851089       3.0282385       1.0059001     0.057830543      0.14890125   2.0660806e-09        2.104592         2.104592       2585.4737                                                          2568.9274                                                       16.546317
              4       1294.6845     0.022748568      0.11579854       68.025827       3.0308536       1.0039351     0.058627851      0.16275639   2.0714908e-09        2.104592         2.104592       2585.1599                                                          2570.4519                                                       14.707924
              3       1294.5421     0.022748568      0.11579854       68.025827       3.0262072       1.0074295     0.058627851      0.16275639    2.061888e-09        2.104592         2.104592       2584.8751                                                          2570.1671                                                       14.707924
              3       1293.8575     0.022447931       0.1167002       67.797334        3.020231       1.0126551     0.057093785      0.10766504   2.0496026e-09        2.104592         2.104592       2583.5058                                                          2566.7018                                                       16.804006
              1       1292.6962     0.022192587      0.11658919       68.042264       3.0111371       1.0221467      0.05528345     0.079423999   2.0310482e-09        2.104592         2.104592       2581.1833                                                          2568.9622                                                       12.221028
              3        1292.872     0.022192587      0.11658919       68.042264       3.0203472       1.0192321      0.05528345     0.079423999   2.0498407e-09        2.104592         2.104592       2581.5348                                                          2569.3137                                                       12.221028
              2       1291.9796     0.022192587      0.11658919       68.042264        3.017014       1.0239198      0.05528345     0.079423999   2.0430196e-09        2.104592         2.104592         2579.75                                                           2567.529                                                       12.221028
              2       1290.4001     0.022405875      0.11667346       68.378698       3.0216559       1.0182922     0.055536583     0.060193405   2.0525251e-09        2.104592         2.104592       2576.5911                                                           2565.421                                                       11.170072
              1         1289.31     0.022405875      0.11667346       68.378698       3.0115293       1.0340461     0.055536583     0.060193405   2.0318449e-09        2.104592         2.104592       2574.4108                                                          2563.2407                                                       11.170072
              5       1289.7076     0.022312077      0.11616551       68.406114       3.0104149       1.0379644     0.056592842     0.071116055   2.0295819e-09        2.104592         2.104592        2575.206                                                          2564.6251                                                        10.58092
              1       1289.7737     0.022312077      0.11616551       68.406114       2.9940648       1.0472996     0.056592842     0.071116055   1.9966678e-09        2.104592         2.104592       2575.3383                                                          2564.7573                                                        10.58092
              2       1290.0143     0.022293558      0.11596445       68.467519       2.9916398       1.0485311     0.055856972     0.072865918   1.9918318e-09        2.104592         2.104592       2575.8194                                                          2565.4377                                                       10.381722
             12       1288.4036     0.022432328      0.11620556       68.849625       3.0043854       1.0430867     0.060536576     0.015045192   2.0173814e-09        2.104592         2.104592        2572.598                                                          2562.0384                                                       10.559596
              4       1290.4918     0.022432328      0.11620556       68.849625       3.0173888       1.0218682     0.060536576     0.015045192   2.0437855e-09        2.104592         2.104592       2576.7744                                                          2566.2148                                                       10.559596
              1       1290.7396     0.022456465       0.1159765       68.873198       3.0165347       1.0221354     0.060238526      0.02963327   2.0420405e-09        2.104592         2.104592         2577.27                                                          2566.6331                                                       10.636831
              4       1290.8133     0.022445902      0.11618923       68.939095       3.0213041       1.0219751     0.062439884     0.011568955   2.0518032e-09        2.104592         2.104592       2577.4174                                                          2566.6636                                                       10.753801
             14       1290.5486     0.022515732      0.11635911       68.937274       3.0189392       1.0201418     0.060394381      0.01733978   2.0469566e-09        2.104592         2.104592        2576.888                                                          2566.2839                                                       10.604109
              3       1291.8317     0.022564086      0.11590852       68.958707       3.0192604       1.0208208     0.060819625     0.051949692   2.0476143e-09        2.104592         2.104592       2579.4542                                                          2568.7075                                                       10.746699
              3       1291.3922     0.022564086      0.11590852       68.958707       3.0349615       1.0130025     0.060819625     0.051949692   2.0800177e-09        2.104592         2.104592       2578.5752                                                          2567.8285                                                       10.746699
              3       1294.1665     0.022592815       0.1146194       68.864212       3.0389914       1.0152255     0.064394375      0.12600777   2.0884169e-09        2.104592         2.104592       2584.1238                                                          2573.1578                                                       10.966021
              5       1294.2561     0.022591439      0.11461645       68.861468       3.0391868       1.0153111     0.064513041      0.12689691    2.088825e-09        2.104592         2.104592       2584.3031                                                           2573.341                                                       10.962032
              3       1295.4583     0.023005271      0.11452961       69.421213       3.0618683       1.0031295     0.072069527     0.092014407   2.1367441e-09        2.104592         2.104592       2586.7073                                                          2573.9353                                                        12.77201
              1       1295.6494     0.023005271      0.11452961       69.421213       3.0531227       1.0235613     0.072069527     0.092014407   2.1181384e-09        2.104592         2.104592       2587.0897                                                          2574.3177                                                        12.77201
              2       1293.8352     0.023005271      0.11452961       69.421213       3.0311116        1.043431     0.072069527     0.092014407   2.0720253e-09        2.104592         2.104592       2583.4612                                                          2570.6892                                                        12.77201
              2       1293.8746     0.023011388      0.11448842        69.41063       3.0310045       1.0433495     0.072015172     0.095778191   2.0718034e-09        2.104592         2.104592       2583.5401                                                          2570.8319                                                        12.70818
              2        1294.184     0.023011388      0.11448842        69.41063       3.0347349       1.0279862     0.072015172     0.095778191   2.0795464e-09        2.104592         2.104592       2584.1589                                                          2571.4507                                                        12.70818
              1       1292.4828     0.023003381      0.11519483       69.415461       3.0345385       1.0263384     0.070974204     0.059800659    2.079138e-09        2.104592         2.104592       2580.7564                                                          2568.6489                                                       12.107497
              4       1292.1647     0.023003381      0.11519483       69.415461       3.0488805       1.0117438     0.070974204     0.059800659   2.1091719e-09        2.104592         2.104592       2580.1201                                                          2568.0127                                                       12.107497
              1       1293.1391     0.022982945      0.11419306       69.395568       3.0476402        1.012467       0.0717753     0.077714208   2.1065575e-09        2.104592         2.104592        2582.069                                                          2569.2337                                                       12.835291
             15       1291.8733     0.023114528      0.11506325       68.900457        3.046545       1.0057317     0.068644067      0.10421864   2.1042516e-09        2.104592         2.104592       2579.5374                                                          2568.7074                                                       10.830032
             10       1291.1233     0.023114528      0.11506325       68.900457       3.0471631       1.0122463     0.068644067      0.10421864   2.1055527e-09        2.104592         2.104592       2578.0375                                                          2567.2074                                                       10.830032
              2        1290.414     0.023071123      0.11563226       69.288227       3.0395437       1.0115622     0.064387305     0.014846335   2.0895707e-09        2.104592         2.104592       2576.6189                                                          2565.4486                                                       11.170299
              3       1291.7649     0.023071123      0.11563226       69.288227       3.0327651       1.0251906     0.064387305     0.014846335   2.0754541e-09        2.104592         2.104592       2579.3205                                                          2568.1502                                                       11.170299
              3       1291.9255     0.023071123      0.11563226       69.288227       3.0145331       1.0403819     0.064387305     0.014846335   2.0379573e-09        2.104592         2.104592       2579.6419                                                          2568.4716                                                       11.170299
              5       1292.5117     0.022968744      0.11530806       69.226789       3.0158744       1.0436219     0.066453912     0.022612181   2.0406926e-09        2.104592         2.104592       2580.8141                                                          2569.5819                                                       11.232255
              1       1290.9279     0.023162101      0.11647063       69.335721       3.0191399       1.0374636      0.06479137   0.00068540646   2.0473674e-09        2.104592         2.104592       2577.6465                                                          2566.7115                                                        10.93504
             18       1291.1103     0.023162101      0.11647063       69.335721        3.036221        1.024554      0.06479137   0.00068540646   2.0826391e-09        2.104592         2.104592       2578.0115                                                          2567.0765                                                        10.93504
              5       1291.3194      0.02310135      0.11643121       69.241223       3.0392469       1.0260379     0.066912701     0.005400873   2.0889505e-09        2.104592         2.104592       2578.4296                                                          2567.5556                                                       10.873967
              2       1288.9334      0.02310135      0.11643121       69.241223       3.0381341       1.0179408     0.066912701     0.005400873   2.0866272e-09        2.104592         2.104592       2573.6575                                                          2562.7836                                                       10.873967
             10       1288.9559      0.02310135      0.11643121       69.241223       3.0408408       1.0148923     0.066912701     0.005400873   2.0922827e-09        2.104592         2.104592       2573.7026                                                          2562.8286                                                       10.873967
              4       1287.7492     0.023020396      0.11642969       69.159805       3.0247186       1.0186296     0.059701496     0.024009006   2.0588209e-09        2.104592         2.104592       2571.2893                                                          2560.5857                                                       10.703626
              7       1287.9911     0.023020396      0.11642969       69.159805        3.017946        1.027806     0.059701496     0.024009006   2.0449246e-09        2.104592         2.104592        2571.773                                                          2561.0694                                                       10.703626
              3       1288.1838     0.023020396      0.11642969       69.159805       3.0310477        1.012263     0.059701496     0.024009006   2.0718929e-09        2.104592         2.104592       2572.1583                                                          2561.4547                                                       10.703626
              4       1288.0682     0.022995626       0.1164022       69.144707       3.0294846       1.0129459     0.059182485     0.023568518   2.0686568e-09        2.104592         2.104592       2571.9272                                                           2561.229                                                       10.698243
              1       1289.9607     0.022905477      0.11615787       68.814617       3.0225609       1.0180698     0.057062193     0.093408808   2.0543836e-09        2.104592         2.104592       2575.7122                                                          2565.1304                                                       10.581845
              1       1288.5857     0.022757006      0.11664384        69.01444       3.0255112       1.0212864     0.059285925     0.033205232   2.0604536e-09        2.104592         2.104592       2572.9621                                                          2562.4795                                                       10.482666
              2       1288.4853     0.022757006      0.11664384        69.01444        3.024251       1.0229996     0.059285925     0.033205232   2.0578587e-09        2.104592         2.104592       2572.7614                                                          2562.2788                                                       10.482666
             18       1288.1673     0.022803817      0.11689813       69.145488       3.0240554       1.0207308     0.058358824    0.0046079781    2.057456e-09        2.104592         2.104592       2572.1253                                                          2561.5106                                                       10.614711
              4       1288.2499     0.022949731      0.11641976       69.049944       3.0241739       1.0170382     0.057649447       0.0442839   2.0576999e-09        2.104592         2.104592       2572.2907                                                          2561.7238                                                       10.566897
              6       1288.9285     0.022951559      0.11598275       69.296326       3.0259488       1.0186046     0.059201934     0.039351339   2.0613553e-09        2.104592         2.104592       2573.6479                                                          2562.5065                                                       11.141332
              8       1288.8399     0.022951559      0.11598275       69.296326       3.0135855       1.0323699     0.059201934     0.039351339   2.0360271e-09        2.104592         2.104592       2573.4706                                                          2562.3292                                                       11.141332
             11       1289.3617     0.022951559      0.11598275       69.296326       3.0113697       1.0373022     0.059201934     0.039351339   2.0315207e-09        2.104592         2.104592       2574.5141                                                          2563.3728                                                       11.141332
             20       1289.1895     0.022849809      0.11590214        69.25492       3.0094539       1.0403078        0.059312     0.037520407   2.0276324e-09        2.104592         2.104592       2574.1698                                                          2562.9281                                                       11.241769
             15       1289.1252     0.022849809      0.11590214        69.25492       3.0277352       1.0169585        0.059312     0.037520407   2.0650411e-09        2.104592         2.104592       2574.0412                                                          2562.7995                                                       11.241769
              8       1292.6748     0.022849809      0.11590214        69.25492       3.0337155        1.019279        0.059312     0.037520407   2.0774276e-09        2.104592         2.104592       2581.1404                                                          2569.8987                                                       11.241769
              2       1292.7713     0.022814946      0.11523457       69.178725       3.0367318       1.0206768     0.062002656     0.060237835   2.0837032e-09        2.104592         2.104592       2581.3334                                                          2569.9814                                                        11.35201
              9       1289.1217     0.022814946      0.11523457       69.178725       3.0190934       1.0264193     0.062002656     0.060237835   2.0472723e-09        2.104592         2.104592       2574.0342                                                          2562.6822                                                        11.35201
             11       1289.0349     0.022814946      0.11523457       69.178725       3.0123306       1.0374637     0.062002656     0.060237835   2.0334736e-09        2.104592         2.104592       2573.8606                                                          2562.5086                                                        11.35201
