#        weight    minuslogpost        omegabh2        omegach2              H0            logA              ns             tau             mnu              As   minuslogprior minuslogprior__0            chi2 chi2__sbt_spt_audit.likelihoods.candl_cobaya.CandlCobayaLikelihood chi2__sbt_spt_audit.likelihoods.desi_dr2_bao.DESIDR2BAOGaussian
              1       1596.5765     0.022209571      0.11065429       67.056084       3.0307243       1.0579635     0.036394785      0.47598722   2.0712229e-09        2.104592         2.104592       3188.9438                                                          3175.0219                                                       13.921843
              1       1584.3847     0.022209571      0.11065429       67.056084       3.0267886       1.0609991     0.036394785      0.47598722   2.0630872e-09        2.104592         2.104592       3164.5601                                                          3150.6383                                                       13.921843
              1       1543.7213     0.022209571      0.11065429       67.056084       3.0497722       1.0187744     0.036394785      0.47598722   2.1110536e-09        2.104592         2.104592       3083.2334                                                          3069.3115                                                       13.921843
              1       1543.6723     0.022208821      0.11065005        67.06013       3.0497766       1.0188043     0.036410155      0.47555647   2.1110628e-09        2.104592         2.104592       3083.1355                                                          3069.2634                                                        13.87202
              1       1538.4368     0.022383177      0.11206261       67.388508       3.0691493       1.0112427     0.042560493      0.39706399   2.1523585e-09        2.104592         2.104592       3072.6644                                                          3059.3046                                                       13.359823
              3       1535.1399     0.022127607      0.11160398       66.953482       3.0879838        1.017393     0.054899268      0.42619069   2.1932813e-09        2.104592         2.104592       3066.0707                                                          3050.1403                                                       15.930376
              7       1531.4889     0.022127607      0.11160398       66.953482       3.0878644       1.0166772     0.054899268      0.42619069   2.1930194e-09        2.104592         2.104592       3058.7686                                                          3042.8382                                                       15.930376
              1       1528.4073     0.022260581      0.11302807       67.113086       3.0992131       1.0081612     0.057210032      0.33789501   2.2180492e-09        2.104592         2.104592       3052.6054                                                          3034.9864                                                       17.619052
              7       1527.7973     0.022304137       0.1128945       67.235453       3.1030717       1.0075187     0.058952618      0.33604326   2.2266242e-09        2.104592         2.104592       3051.3854                                                          3035.2952                                                       16.090169
              1       1528.1028     0.022278782      0.11368064       67.454397       3.0954471       1.0056081      0.05419085      0.25831642   2.2097117e-09        2.104592         2.104592       3051.9964                                                          3037.2136                                                       14.782798
              1       1509.6244     0.022278782      0.11368064       67.454397       3.0856844       1.0157526      0.05419085      0.25831642   2.1882437e-09        2.104592         2.104592       3015.0397                                                          3000.2569                                                       14.782798
              1       1510.2442     0.022956075       0.1151063       68.359417       3.1019781      0.99495162     0.054111705      0.16419214   2.2241905e-09        2.104592         2.104592       3016.2792                                                          3003.8964                                                       12.382804
              3        1509.733     0.023239658      0.11384461       68.363126        3.108439      0.98783895      0.05627994      0.22325605   2.2386072e-09        2.104592         2.104592       3015.2568                                                          3002.3895                                                       12.867265
              2       1474.2326     0.023239658      0.11384461       68.363126       3.1050359       0.9837964      0.05627994      0.22325605   2.2310019e-09        2.104592         2.104592       2944.2561                                                          2931.3888                                                       12.867265
             10       1472.9705     0.023324699      0.11215954       68.325224       3.1003668      0.98577469     0.055547704      0.31706456   2.2206096e-09        2.104592         2.104592       2941.7318                                                          2929.8713                                                        11.86053
              3        1470.338     0.023324699      0.11215954       68.325224       3.0891347       1.0016837     0.055547704      0.31706456   2.1958069e-09        2.104592         2.104592       2936.4667                                                          2924.6062                                                        11.86053
              3       1460.4576     0.023324699      0.11215954       68.325224        3.083174       1.0076065     0.055547704      0.31706456   2.1827573e-09        2.104592         2.104592       2916.7059                                                          2904.8454                                                        11.86053
              4       1439.2444     0.023324699      0.11215954       68.325224       3.0862288      0.99715515     0.055547704      0.31706456   2.1894354e-09        2.104592         2.104592       2874.2797                                                          2862.4192                                                        11.86053
              3       1440.6836      0.02317301      0.11381923       68.618574       3.0783589       1.0006558      0.05095695      0.22665892   2.1722724e-09        2.104592         2.104592        2877.158                                                          2866.3516                                                       10.806441
              3       1436.8477      0.02317301      0.11381923       68.618574        3.075167       1.0041626      0.05095695      0.22665892   2.1653499e-09        2.104592         2.104592       2869.4861                                                          2858.6797                                                       10.806441
              4       1435.4612      0.02317301      0.11381923       68.618574       3.0782449      0.99927111      0.05095695      0.22665892   2.1720248e-09        2.104592         2.104592       2866.7132                                                          2855.9068                                                       10.806441
              2        1435.521     0.023151629      0.11402783       68.639115       3.0772259      0.99940202     0.050354553      0.21252323   2.1698127e-09        2.104592         2.104592       2866.8329                                                          2856.0363                                                       10.796517
              5        1434.181     0.023151629      0.11402783       68.639115       3.0776812       0.9983303     0.050354553      0.21252323   2.1708008e-09        2.104592         2.104592       2864.1529                                                          2853.3564                                                       10.796517
              4       1434.5875     0.023211485      0.11378524        68.66854       3.0740995      0.99706822     0.048319779      0.22308594   2.1630394e-09        2.104592         2.104592       2864.9658                                                          2854.1982                                                       10.767593
              7       1380.2595     0.023211485      0.11378524        68.66854       3.0868217        0.954895     0.048319779      0.22308594   2.1907339e-09        2.104592         2.104592       2756.3099                                                          2745.5423                                                       10.767593
              2       1373.8732     0.023211485      0.11378524        68.66854       3.0756765      0.97145116     0.048319779      0.22308594   2.1664533e-09        2.104592         2.104592       2743.5372                                                          2732.7696                                                       10.767593
              2       1373.1023     0.023053047       0.1137733       68.724812       3.0818792      0.97668573     0.053019966      0.21089304   2.1799328e-09        2.104592         2.104592       2741.9953                                                          2731.5515                                                       10.443818
              1       1336.8642     0.023053047       0.1137733       68.724812       3.0645674       0.9849211     0.053019966      0.21089304   2.1425191e-09        2.104592         2.104592       2669.5192                                                          2659.0753                                                       10.443818
              1       1330.9623     0.023053047       0.1137733       68.724812       3.0677618      0.97363587     0.053019966      0.21089304   2.1493742e-09        2.104592         2.104592       2657.7154                                                          2647.2716                                                       10.443818
              8       1330.2385     0.023107719      0.11440093       68.869671       3.0662463      0.97068586     0.050862494      0.16945202   2.1461193e-09        2.104592         2.104592       2656.2679                                                          2645.7664                                                       10.501515
             11       1330.2665     0.023110637      0.11458253       68.862248        3.067426      0.97044713     0.051193048       0.1660997   2.1486524e-09        2.104592         2.104592       2656.3238                                                          2645.8261                                                       10.497651
              1       1329.6702      0.02295665      0.11613113       69.184764        3.076623      0.97342485     0.055285957     0.068593141   2.1685047e-09        2.104592         2.104592       2655.1312                                                          2644.4191                                                       10.712031
              4       1306.1313      0.02295665      0.11613113       69.184764       3.0383511       1.0168483     0.055285957     0.068593141   2.0870801e-09        2.104592         2.104592       2608.0533                                                          2597.3413                                                       10.712031
              1       1306.3479     0.022968008      0.11806285       68.808176       3.0446113       1.0119053     0.055567565     0.032199455   2.1001867e-09        2.104592         2.104592       2608.4866                                                          2596.8209                                                        11.66572
              2       1296.3837     0.022968008      0.11806285       68.808176       3.0427668       1.0019451     0.055567565     0.032199455   2.0963163e-09        2.104592         2.104592       2588.5582                                                          2576.8925                                                        11.66572
             10       1294.8944     0.022968008      0.11806285       68.808176       3.0417918      0.99981217     0.055567565     0.032199455   2.0942735e-09        2.104592         2.104592       2585.5797                                                           2573.914                                                        11.66572
              1       1294.0962     0.022968008      0.11806285       68.808176       3.0414518      0.99605578     0.055567565     0.032199455   2.0935616e-09        2.104592         2.104592       2583.9833                                                          2572.3176                                                        11.66572
              5       1294.6988     0.022975272      0.11787203        68.75278       3.0391084      0.99641732     0.054599356     0.049941372   2.0886611e-09        2.104592         2.104592       2585.1884                                                          2573.3813                                                       11.807099
              1       1294.6095      0.02298318      0.11790421       68.784357       3.0396804      0.99615455     0.054770464     0.045637581   2.0898563e-09        2.104592         2.104592       2585.0099                                                           2573.321                                                       11.688952
              5       1293.5032      0.02298318      0.11790421       68.784357        3.034174       1.0053698     0.054770464     0.045637581   2.0783804e-09        2.104592         2.104592       2582.7971                                                          2571.1082                                                       11.688952
              4       1293.7299     0.022979361      0.11789372       68.771743       3.0346573       1.0056136     0.055073328     0.048872122    2.079385e-09        2.104592         2.104592       2583.2506                                                          2571.5387                                                         11.7119
              1       1292.8378     0.022979361      0.11789372       68.771743       3.0320265       1.0066135     0.055073328     0.048872122   2.0739219e-09        2.104592         2.104592       2581.4664                                                          2569.7545                                                         11.7119
              2       1291.3375     0.022816798      0.11750348       68.912421       3.0311683       1.0120131      0.05673235     0.030580852   2.0721428e-09        2.104592         2.104592       2578.4659                                                          2567.8924                                                       10.573492
              3       1291.0688     0.022724506      0.11759485       68.923129       3.0310163       1.0143645     0.057398807     0.015526647   2.0718278e-09        2.104592         2.104592       2577.9284                                                           2567.458                                                       10.470377
              5       1291.0082     0.022703952      0.11753193       68.870979        3.029514       1.0150249     0.056920295     0.022158472   2.0687177e-09        2.104592         2.104592       2577.8072                                                          2567.3015                                                       10.505649
              3       1291.0977     0.022703952      0.11753193       68.870979       3.0098274       1.0422326     0.056920295     0.022158472   2.0283898e-09        2.104592         2.104592       2577.9862                                                          2567.4806                                                       10.505649
              1       1292.6455     0.022746696      0.11812323       68.687349       3.0122948       1.0402042     0.056958859     0.031389445   2.0334009e-09        2.104592         2.104592       2581.0818                                                          2569.6518                                                       11.430057
              6         1292.58     0.022614141      0.11862096       68.566288       2.9970984        1.042007      0.04980566   9.1667936e-06   2.0027341e-09        2.104592         2.104592       2580.9509                                                          2568.7994                                                       12.151521
             18       1293.2447     0.022614141      0.11862096       68.566288       3.0106522       1.0112196      0.04980566   9.1667936e-06   2.0300635e-09        2.104592         2.104592       2582.2802                                                          2570.1287                                                       12.151521
              2       1292.4136     0.022439514      0.11838297       68.262788       3.0199448        1.015969     0.056393818     0.025872194    2.049016e-09        2.104592         2.104592        2580.618                                                          2567.2296                                                       13.388472
              3       1292.8379     0.022439514      0.11838297       68.262788       3.0121495       1.0226471     0.056393818     0.025872194   2.0331054e-09        2.104592         2.104592       2581.4666                                                          2568.0781                                                       13.388472
             10       1293.8591     0.022439514      0.11838297       68.262788       3.0123136       1.0206909     0.056393818     0.025872194   2.0334392e-09        2.104592         2.104592        2583.509                                                          2570.1205                                                       13.388472
             13       1293.0796     0.022439514      0.11838297       68.262788       2.9899423       1.0579006     0.056393818     0.025872194   1.9884536e-09        2.104592         2.104592       2581.9501                                                          2568.5616                                                       13.388472
              8       1291.7458     0.022439514      0.11838297       68.262788       2.9957558         1.05202     0.056393818     0.025872194   2.0000471e-09        2.104592         2.104592       2579.2824                                                           2565.894                                                       13.388472
              3       1291.9893      0.02244568       0.1182929       68.235654       2.9950831       1.0521279     0.056129821      0.03489152   1.9987021e-09        2.104592         2.104592       2579.7693                                                          2566.2462                                                       13.523143
              5       1291.5431      0.02244568       0.1182929       68.235654       3.0014609       1.0391743     0.056129821      0.03489152   2.0114901e-09        2.104592         2.104592       2578.8771                                                           2565.354                                                       13.523143
              8       1291.1757     0.022443473      0.11831146       68.263435       3.0018463       1.0390446     0.056306572     0.028373702   2.0122655e-09        2.104592         2.104592       2578.1421                                                          2564.8104                                                       13.331741
              8       1291.2038     0.022443473      0.11831146       68.263435       3.0216254       1.0181891     0.056306572     0.028373702   2.0524626e-09        2.104592         2.104592       2578.1985                                                          2564.8668                                                       13.331741
              4       1291.6319     0.022418439      0.11848162       68.228267       3.0219777        1.018673     0.056493735     0.025172605   2.0531857e-09        2.104592         2.104592       2579.0546                                                          2565.3854                                                       13.669117
              6       1292.4409     0.022418439      0.11848162       68.228267       3.0267541       1.0135083     0.056493735     0.025172605   2.0630159e-09        2.104592         2.104592       2580.6727                                                          2567.0036                                                       13.669117
              2         1290.99     0.022418439      0.11848162       68.228267       3.0196384       1.0246805     0.056493735     0.025172605   2.0483882e-09        2.104592         2.104592       2577.7707                                                          2564.1016                                                       13.669117
             17       1290.3301     0.022459315      0.11871816       68.253072       3.0267559       1.0220362      0.05926918    0.0045931449   2.0630198e-09        2.104592         2.104592        2576.451                                                          2562.2346                                                       14.216376
              4       1288.4782     0.022561742      0.11629275       68.420307       3.0228517       1.0214919     0.059492443     0.059235193    2.054981e-09        2.104592         2.104592       2572.7472                                                          2561.1937                                                       11.553502
              3       1288.8553     0.022574454      0.11645392       68.338765        3.026371       1.0204218     0.060880818     0.060332248   2.0622259e-09        2.104592         2.104592       2573.5015                                                          2561.2516                                                       12.249847
              3       1287.9971     0.022590751       0.1171835       68.594259       3.0351863       1.0195489     0.064242353      0.01300453   2.0804853e-09        2.104592         2.104592       2571.7851                                                          2560.4324                                                       11.352682
              2        1288.244     0.022329779      0.11664555       68.653594       3.0259346       1.0282157     0.062835314    0.0029971457   2.0613261e-09        2.104592         2.104592       2572.2789                                                          2561.8159                                                       10.463037
              4       1288.4089     0.022329779      0.11664555       68.653594       3.0195059       1.0406776     0.062835314    0.0029971457   2.0481168e-09        2.104592         2.104592       2572.6086                                                          2562.1456                                                       10.463037
              7       1288.8858     0.022778562      0.11582568       69.117731       2.9989019       1.0299472      0.04940609     0.019538612   2.0063492e-09        2.104592         2.104592       2573.5624                                                          2562.6379                                                       10.924507
              5       1288.8859     0.022778562      0.11582568       69.117731       2.9989018       1.0299474      0.04940609     0.019538612   2.0063492e-09        2.104592         2.104592       2573.5625                                                           2562.638                                                       10.924507
              6        1288.721     0.022778562      0.11582568       69.117731       3.0051982       1.0194529      0.04940609     0.019538612   2.0190216e-09        2.104592         2.104592       2573.2328                                                          2562.3083                                                       10.924507
              4        1289.535     0.022842783      0.11494184       69.033535       3.0067301       1.0202508     0.050860501     0.083685483    2.022117e-09        2.104592         2.104592       2574.8608                                                           2563.981                                                       10.879803
              6       1287.7622     0.022809387      0.11655784       69.027073       3.0134966       1.0172224     0.052273908     0.007281555    2.035846e-09        2.104592         2.104592       2571.3152                                                          2560.6731                                                       10.642088
              1       1287.9634     0.022809387      0.11655784       69.027073       2.9990403         1.03626     0.052273908     0.007281555   2.0066269e-09        2.104592         2.104592       2571.7176                                                          2561.0755                                                       10.642088
             12       1288.4127     0.022856525      0.11624003       68.820946       3.0080228       1.0363185     0.056837166     0.062824036   2.0247326e-09        2.104592         2.104592       2572.6162                                                          2561.9215                                                       10.694699
              3       1291.8093     0.022856525      0.11624003       68.820946        2.998191       1.0332501     0.056837166     0.062824036   2.0049235e-09        2.104592         2.104592       2579.4094                                                          2568.7147                                                       10.694699
              2       1292.0017     0.022856391      0.11619418       68.790208       2.9981149       1.0334142     0.056868464     0.069580423   2.0047709e-09        2.104592         2.104592       2579.7943                                                          2569.0651                                                       10.729175
              1       1291.4163     0.022451671      0.11655569       68.533259       2.9897004       1.0421214     0.055798398     0.022961017   1.9879725e-09        2.104592         2.104592       2578.6235                                                          2567.6768                                                        10.94668
              1       1291.4234     0.022448411      0.11655742        68.53048       2.9896858       1.0422145     0.055819843     0.022993397   1.9879434e-09        2.104592         2.104592       2578.6375                                                            2567.69                                                        10.94753
              1       1291.5197     0.022463984      0.11660866       68.633327       3.0011746       1.0409305      0.06131474    0.0013140874   2.0109143e-09        2.104592         2.104592       2578.8302                                                          2568.0328                                                       10.797401
              8       1291.8649     0.022463984      0.11660866       68.633327       2.9994671       1.0618605      0.06131474    0.0013140874   2.0074835e-09        2.104592         2.104592       2579.5206                                                          2568.7232                                                       10.797401
              3       1291.9527     0.022463984      0.11660866       68.633327       3.0053835         1.05746      0.06131474    0.0013140874   2.0193959e-09        2.104592         2.104592       2579.6962                                                          2568.8988                                                       10.797401
              3       1292.5353     0.022561748      0.11522452       68.536425       3.0024629       1.0581603     0.060894113     0.088191703   2.0135066e-09        2.104592         2.104592       2580.8614                                                          2570.2278                                                       10.633589
              6       1292.5092     0.022561637       0.1152656       68.524023       3.0021626       1.0580797     0.060686742     0.088079759    2.012902e-09        2.104592         2.104592       2580.8092                                                          2570.1415                                                       10.667708
              1       1290.5547     0.022561637       0.1152656       68.524023       3.0117769       1.0452353     0.060686742     0.088079759    2.032348e-09        2.104592         2.104592       2576.9003                                                          2566.2326                                                       10.667708
              8       1290.8579     0.022413883      0.11610164       68.505967       3.0146083       1.0469691     0.062285955     0.032857847   2.0381107e-09        2.104592         2.104592       2577.5066                                                          2566.6849                                                        10.82162
              2       1290.9571     0.022796726      0.11477835       68.760828       3.0225155       1.0404637     0.064613028      0.11242442   2.0542903e-09        2.104592         2.104592       2577.7051                                                          2567.1763                                                       10.528803
              3       1291.4175     0.022648965      0.11467308       68.972159       3.0203491       1.0460363     0.065180338     0.089019894   2.0498447e-09        2.104592         2.104592       2578.6257                                                          2567.4608                                                       11.164923
              3       1290.2903     0.022648965      0.11467308       68.972159       3.0267489       1.0355907     0.065180338     0.089019894   2.0630054e-09        2.104592         2.104592       2576.3715                                                          2565.2066                                                       11.164923
              4       1289.3838     0.022661205      0.11539723        69.19091       3.0196359       1.0336113      0.06047871     0.028480057   2.0483833e-09        2.104592         2.104592       2574.5583                                                          2562.8388                                                       11.719498
              3        1289.086     0.022661205      0.11539723        69.19091       3.0071814       1.0454449      0.06047871     0.028480057   2.0230298e-09        2.104592         2.104592       2573.9628                                                          2562.2433                                                       11.719498
              5       1288.9124     0.022661205      0.11539723        69.19091       3.0130352       1.0294347      0.06047871     0.028480057    2.034907e-09        2.104592         2.104592       2573.6155                                                           2561.896                                                       11.719498
              3       1289.2486     0.022762143      0.11577835       69.026799       3.0308238        1.025162     0.067869203     0.038893597    2.071429e-09        2.104592         2.104592        2574.288                                                          2563.5688                                                       10.719158
              4       1289.6269     0.022762143      0.11577835       69.026799       3.0204541       1.0443733     0.067869203     0.038893597   2.0500599e-09        2.104592         2.104592       2575.0446                                                          2564.3255                                                       10.719158
             12        1289.525     0.022762143      0.11577835       69.026799       3.0212342       1.0436609     0.067869203     0.038893597   2.0516598e-09        2.104592         2.104592       2574.8408                                                          2564.1216                                                       10.719158
              1       1289.0418     0.022627657      0.11580848       68.884495       3.0137814       1.0469732     0.065316721     0.036857297    2.036426e-09        2.104592         2.104592       2573.8743                                                          2563.2907                                                       10.583675
              1       1289.2306     0.022706071       0.1159484       68.946829       3.0157512       1.0433859     0.065278509     0.017176014   2.0404414e-09        2.104592         2.104592       2574.2521                                                          2563.5688                                                       10.683278
              5       1289.5997      0.02267074      0.11573917       69.020142       3.0157876       1.0447421     0.065919489     0.011831427   2.0405155e-09        2.104592         2.104592       2574.9901                                                          2564.1328                                                        10.85738
              4       1290.4653     0.022696915      0.11471055       68.839974       3.0178808        1.047246     0.068242915     0.095194739   2.0447912e-09        2.104592         2.104592       2576.7214                                                          2566.0682                                                       10.653153
              1       1290.2821     0.022696915      0.11471055       68.839974       3.0258558       1.0416667     0.068242915     0.095194739   2.0611636e-09        2.104592         2.104592       2576.3549                                                          2565.7018                                                       10.653153
              8       1290.2841     0.022695344      0.11470659       68.835839       3.0258119       1.0417093     0.068240258     0.095619814   2.0610731e-09        2.104592         2.104592       2576.3591                                                          2565.7117                                                       10.647434
              1       1289.7866     0.022695344      0.11470659       68.835839       3.0276959       1.0375272     0.068240258     0.095619814   2.0649598e-09        2.104592         2.104592       2575.3641                                                          2564.7166                                                       10.647434
              5       1288.5154     0.022722635       0.1153652       68.874675       3.0201451       1.0351659     0.063252666     0.061773423   2.0494265e-09        2.104592         2.104592       2572.8216                                                          2562.2181                                                       10.603537
              5        1289.676     0.022736547      0.11447174       68.745449        3.017263       1.0380461     0.063032456      0.13472992   2.0435283e-09        2.104592         2.104592       2575.1429                                                          2564.6586                                                        10.48432
              6       1289.9899     0.023015797      0.11476447       68.615544       3.0186999       1.0274402     0.060514638      0.14061576   2.0464669e-09        2.104592         2.104592       2575.7706                                                          2564.5607                                                        11.20988
              3       1288.9672     0.022977891      0.11657273        68.91978       3.0243726       1.0235331     0.061113456    0.0070069927   2.0581089e-09        2.104592         2.104592       2573.7253                                                          2562.4189                                                       11.306426
             13       1289.0505     0.022977891      0.11657273        68.91978       3.0218142       1.0189502     0.061113456    0.0070069927   2.0528501e-09        2.104592         2.104592       2573.8918                                                          2562.5853                                                       11.306426
              4       1289.8661     0.022977891      0.11657273        68.91978       3.0119039       1.0326428     0.061113456    0.0070069927   2.0326062e-09        2.104592         2.104592       2575.5231                                                          2564.2167                                                       11.306426
              1       1289.8707     0.022977891      0.11657273        68.91978       3.0118972       1.0325876     0.061113456    0.0070069927   2.0325925e-09        2.104592         2.104592       2575.5322                                                          2564.2257                                                       11.306426
              1       1289.8913     0.022929886      0.11581793       68.741637       3.0066899       1.0363801     0.060070678     0.067373122   2.0220357e-09        2.104592         2.104592       2575.5734                                                           2564.386                                                       11.187411
              2       1289.5846      0.02289741      0.11602976       68.757883       3.0071367       1.0369329     0.060315125     0.054257618   2.0229394e-09        2.104592         2.104592       2574.9601                                                          2563.8073                                                       11.152754
              8       1289.9285     0.022977659      0.11602561       68.697105       3.0093123       1.0351498     0.060691035     0.076550865   2.0273453e-09        2.104592         2.104592       2575.6479                                                          2564.1365                                                         11.5114
              1       1288.7477     0.022609464      0.11688484       68.558891       2.9924143       1.0452051     0.054612538     0.038607415    1.993375e-09        2.104592         2.104592       2573.2863                                                           2562.008                                                       11.278361
              4       1287.6833     0.022609464      0.11688484       68.558891       3.0050303       1.0289955     0.054612538     0.038607415   2.0186828e-09        2.104592         2.104592       2571.1573                                                           2559.879                                                       11.278361
              2       1287.6803      0.02260896      0.11674566       68.554121       3.0064064       1.0291169     0.055487015      0.04291518   2.0214626e-09        2.104592         2.104592       2571.1515                                                          2559.9196                                                       11.231901
              9       1287.3795      0.02260896      0.11674566       68.554121       3.0089028       1.0295915     0.055487015      0.04291518   2.0265153e-09        2.104592         2.104592       2570.5498                                                          2559.3179                                                       11.231901
              6       1287.9012     0.022859153       0.1166816       68.624582       3.0143984       1.0225398     0.055957395     0.060015069   2.0376829e-09        2.104592         2.104592       2571.5932                                                          2559.8727                                                       11.720564
             32       1287.2977     0.022845774      0.11720575       68.728632       3.0157679       1.0214624     0.056015085     0.018765298   2.0404754e-09        2.104592         2.104592       2570.3863                                                          2558.7491                                                       11.637251
              7       1288.3151     0.022983865      0.11735641       68.642548       3.0196701       1.0168385     0.056418336      0.03273714   2.0484533e-09        2.104592         2.104592       2572.4211                                                          2559.4794                                                       12.941639
             10       1288.4949     0.022980294      0.11717928       68.601726       3.0206069       1.0177452     0.057205243     0.050788244   2.0503732e-09        2.104592         2.104592       2572.7806                                                          2559.8713                                                       12.909233
              6       1288.3364      0.02295486      0.11744783       68.592469       3.0217348       1.0175696     0.057610269     0.034300268    2.052687e-09        2.104592         2.104592       2572.4636                                                          2559.2424                                                       13.221262
             10       1288.7756      0.02270308      0.11633838       68.327613       3.0145966        1.027691     0.058006769     0.098689078   2.0380868e-09        2.104592         2.104592       2573.3421                                                          2560.8497                                                       12.492341
             13       1290.5271     0.023414145        0.117934       69.066779       3.0333957       1.0042414     0.058509527    0.0062044342   2.0767633e-09        2.104592         2.104592       2576.8451                                                          2564.2127                                                       12.632424
              4       1291.4481     0.023414145        0.117934       69.066779       3.0371032      0.99535084     0.058509527    0.0062044342   2.0844773e-09        2.104592         2.104592        2578.687                                                          2566.0546                                                       12.632424
             15        1291.265     0.023355806      0.11812147       68.957841       3.0322397      0.99679752     0.056369863    0.0086986373   2.0743639e-09        2.104592         2.104592       2578.3208                                                          2565.1038                                                       13.216976
              5       1290.9017     0.023355806      0.11812147       68.957841        3.026535         1.00386     0.056369863    0.0086986373   2.0625641e-09        2.104592         2.104592       2577.5941                                                          2564.3771                                                       13.216976
              3       1293.4232     0.023355806      0.11812147       68.957841       3.0459816      0.99194794     0.056369863    0.0086986373   2.1030664e-09        2.104592         2.104592       2582.6372                                                          2569.4202                                                       13.216976
              6       1294.0536     0.023355806      0.11812147       68.957841       3.0489525      0.98796366     0.056369863    0.0086986373   2.1093238e-09        2.104592         2.104592       2583.8981                                                          2570.6811                                                       13.216976
              3       1293.6667     0.023336629      0.11738256       69.007151       3.0497737      0.99055909     0.058039391     0.037745404   2.1110567e-09        2.104592         2.104592       2583.1241                                                          2571.1183                                                       12.005826
              2        1292.894     0.023336629      0.11738256       69.007151       3.0460435      0.99556218     0.058039391     0.037745404   2.1031967e-09        2.104592         2.104592       2581.5787                                                          2569.5729                                                       12.005826
              1        1292.887     0.023335352      0.11730511       69.027051       3.0442143       0.9959886     0.057260439     0.040821736    2.099353e-09        2.104592         2.104592       2581.5648                                                          2569.7611                                                       11.803769
              6       1292.3915     0.023213471      0.11711711       68.986609       3.0471956       1.0003559     0.060219984     0.049274023   2.1056211e-09        2.104592         2.104592       2580.5739                                                          2569.2319                                                       11.342052
              5       1295.3781     0.023171987      0.11508522       68.752942       3.0400745       1.0067526     0.059941994      0.17221306   2.0906801e-09        2.104592         2.104592       2586.5469                                                          2575.7306                                                       10.816368
              1       1299.9331     0.023171987      0.11508522       68.752942        3.033873       1.0252241     0.059941994      0.17221306   2.0777548e-09        2.104592         2.104592        2595.657                                                          2584.8406                                                       10.816368
              1       1299.9512     0.022978717      0.11543055       68.848626       3.0510463       1.0300892     0.069936906      0.13055598    2.113745e-09        2.104592         2.104592       2595.6932                                                          2585.2434                                                       10.449745
              1       1300.9814     0.023125885       0.1135871       69.232874       3.0568537       1.0271369       0.0738185      0.13898189    2.126056e-09        2.104592         2.104592       2597.7535                                                          2585.9709                                                       11.782581
              1       1298.4823     0.023125885       0.1135871       69.232874        3.043665       1.0399197       0.0738185      0.13898189   2.0982001e-09        2.104592         2.104592       2592.7555                                                          2580.9729                                                       11.782581
              5       1297.2743     0.022629051      0.11351331       68.457151       3.0334524       1.0521914     0.073310699      0.17040874   2.0768812e-09        2.104592         2.104592       2590.3394                                                          2579.8473                                                       10.492132
              5       1297.7535     0.022505389      0.11260254       68.511381       3.0221551       1.0575035     0.070071409      0.18652067   2.0535499e-09        2.104592         2.104592       2591.2979                                                          2580.5902                                                       10.707672
              2       1297.7191     0.022761533      0.11495725       69.101051       3.0423359        1.046085      0.07458429     0.047548719   2.0954132e-09        2.104592         2.104592        2591.229                                                          2579.9634                                                       11.265569
              1       1294.4483     0.022623042      0.11568988         69.2227       3.0149788       1.0500906     0.061272866    0.0035773143   2.0388659e-09        2.104592         2.104592       2584.6874                                                          2572.9045                                                       11.782873
              4       1292.6567     0.022623042      0.11568988         69.2227       3.0116962       1.0511705     0.061272866    0.0035773143    2.032184e-09        2.104592         2.104592       2581.1042                                                          2569.3213                                                       11.782873
              2       1288.0935     0.022623042      0.11568988         69.2227       3.0136378       1.0360836     0.061272866    0.0035773143   2.0361335e-09        2.104592         2.104592       2571.9778                                                          2560.1949                                                       11.782873
             23       1288.0482     0.022623042      0.11568988         69.2227       3.0184028       1.0310264     0.061272866    0.0035773143    2.045859e-09        2.104592         2.104592       2571.8872                                                          2560.1044                                                       11.782873
              4       1288.7911     0.022623042      0.11568988         69.2227       3.0274451       1.0203477     0.061272866    0.0035773143    2.064442e-09        2.104592         2.104592       2573.3731                                                          2561.5902                                                       11.782873
              4       1288.9506     0.022602892      0.11551797       69.204474       3.0258037       1.0214642     0.060894131     0.013316974   2.0610562e-09        2.104592         2.104592       2573.6921                                                          2561.8091                                                       11.882938
             10        1288.894     0.022587105      0.11551502       69.159716       3.0255551       1.0219357     0.060923046      0.01801196   2.0605439e-09        2.104592         2.104592       2573.5788                                                          2561.8909                                                       11.687902
              6       1288.9554      0.02260161       0.1154959       69.188041       3.0262535       1.0214688     0.061155888     0.015377041   2.0619836e-09        2.104592         2.104592       2573.7016                                                          2561.8946                                                       11.807051
              6       1288.9555     0.022604393       0.1154945       69.191708       3.0261941       1.0213663     0.061099445     0.014876514   2.0618611e-09        2.104592         2.104592       2573.7018                                                          2561.8835                                                       11.818249
              2       1289.2438     0.022604393       0.1154945       69.191708       3.0276357       1.0215676     0.061099445     0.014876514   2.0648355e-09        2.104592         2.104592       2574.2785                                                          2562.4602                                                       11.818249
              1       1289.0525     0.022604393       0.1154945       69.191708       3.0096273       1.0448432     0.061099445     0.014876514   2.0279841e-09        2.104592         2.104592       2573.8959                                                          2562.0776                                                       11.818249
              1       1289.9962     0.022397993      0.11500108       69.055312       3.0018052       1.0517363     0.059812053     0.032608709   2.0121828e-09        2.104592         2.104592       2575.7833                                                          2563.6503                                                       12.133012
              3       1289.7522     0.022377257      0.11507321       68.940296       3.0026024       1.0519541     0.060286045     0.040141361   2.0137875e-09        2.104592         2.104592       2575.2951                                                           2563.821                                                       11.474088
              6       1289.7638     0.022377257      0.11507321       68.940296       3.0024435       1.0521266     0.060286045     0.040141361   2.0134675e-09        2.104592         2.104592       2575.3184                                                          2563.8443                                                       11.474088
              6       1290.0941     0.022377257      0.11507321       68.940296       2.9954107       1.0549766     0.060286045     0.040141361   1.9993569e-09        2.104592         2.104592       2575.9791                                                           2564.505                                                       11.474088
              6       1290.1553     0.022377257      0.11507321       68.940296        3.013378       1.0289959     0.060286045     0.040141361   2.0356046e-09        2.104592         2.104592       2576.1014                                                          2564.6273                                                       11.474088
              7       1293.8994     0.022484556      0.11336376       68.649355       2.9838775       1.0281602     0.046700883      0.13867089   1.9764304e-09        2.104592         2.104592       2583.5897                                                          2572.7128                                                       10.876859
              9       1296.8423     0.022484556      0.11336376       68.649355       2.9982623       1.0284506     0.046700883      0.13867089   2.0050665e-09        2.104592         2.104592       2589.4754                                                          2578.5986                                                       10.876859
              6       1296.8279     0.022483962      0.11335433       68.645423       2.9983146       1.0285046     0.046747307      0.13975366   2.0051714e-09        2.104592         2.104592       2589.4466                                                          2578.5776                                                       10.868946
              1        1296.451     0.022571203      0.11353838       68.806278       2.9994555       1.0263235     0.046299142      0.12788492   2.0074602e-09        2.104592         2.104592       2588.6928                                                           2577.471                                                       11.221801
              1       1293.4889     0.022571203      0.11353838       68.806278       2.9682609       1.0462753     0.046299142      0.12788492    1.945805e-09        2.104592         2.104592       2582.7687                                                          2571.5469                                                       11.221801
              7       1292.9944     0.022600888      0.11381273       68.921845       2.9709658       1.0446683     0.046982054      0.10202621   1.9510755e-09        2.104592         2.104592       2581.7797                                                           2570.265                                                       11.514685
              2       1292.0682     0.022609591      0.11393028       68.733399       2.9777623       1.0440541     0.050133234      0.12231159    1.964381e-09        2.104592         2.104592       2579.9272                                                          2569.1998                                                       10.727411
              2       1291.3429     0.022609591      0.11393028       68.733399         2.99214       1.0278258     0.050133234      0.12231159   1.9928284e-09        2.104592         2.104592       2578.4766                                                          2567.7491                                                       10.727411
              1       1291.2741     0.022660472      0.11502035       68.715498       2.9857701       1.0232527     0.044857163     0.072308714   1.9801746e-09        2.104592         2.104592       2578.3391                                                          2567.7205                                                       10.618527
              1       1290.8904     0.022660472      0.11502035       68.715498       2.9859876       1.0246941     0.044857163     0.072308714   1.9806054e-09        2.104592         2.104592       2577.5715                                                           2566.953                                                       10.618527
              4       1290.0514     0.022861117      0.11560841       69.038845       2.9912342       1.0184269      0.04483609     0.033300621   1.9910241e-09        2.104592         2.104592       2575.8936                                                          2565.1005                                                       10.793117
              1       1290.1887     0.022870223      0.11554676       69.025207       2.9906412        1.018352     0.044541707     0.039144214   1.9898437e-09        2.104592         2.104592       2576.1682                                                          2565.3925                                                       10.775701
              6       1289.9147     0.022870223      0.11554676       69.025207       2.9850409       1.0286368     0.044541707     0.039144214   1.9787312e-09        2.104592         2.104592       2575.6203                                                          2564.8446                                                       10.775701
              7       1290.0293     0.022883297      0.11552336       69.018055       2.9847562       1.0283072     0.044306206     0.042179321   1.9781679e-09        2.104592         2.104592       2575.8495                                                           2565.082                                                        10.76751
              3       1290.2465      0.02277261      0.11513262       68.713007       2.9809638       1.0325727     0.044011177     0.091440322   1.9706802e-09        2.104592         2.104592       2576.2839                                                          2565.6462                                                       10.637612
              6       1291.1471     0.022771013      0.11634007       68.634735       2.9781785       1.0286122     0.040815123     0.032096766   1.9651988e-09        2.104592         2.104592       2578.0851                                                          2566.4929                                                        11.59217
              9       1290.7217     0.022517481      0.11694992       68.510012       2.9719561       1.0349048     0.039272757    0.0024936934   1.9530085e-09        2.104592         2.104592       2577.2342                                                          2565.5995                                                        11.63468
              2       1296.1296     0.022517481      0.11694992       68.510012       2.9458406       1.0638594     0.039272757    0.0024936934   1.9026649e-09        2.104592         2.104592       2588.0501                                                          2576.4154                                                        11.63468
              4       1296.6067     0.022646626      0.11711012       68.529255       2.9462261       1.0599512     0.038025384    0.0068237479   1.9033985e-09        2.104592         2.104592       2589.0043                                                          2576.8369                                                       12.167352
             14       1291.5719     0.022646626      0.11711012       68.529255       2.9671205       1.0364038     0.038025384    0.0068237479   1.9435874e-09        2.104592         2.104592       2578.9346                                                          2566.7672                                                       12.167352
              5       1291.5589     0.022662616      0.11702689       68.547381       2.9674137       1.0361556     0.038140263    0.0098856814   1.9441574e-09        2.104592         2.104592       2578.9086                                                          2566.8527                                                       12.055905
              5       1291.3102     0.022662616      0.11702689       68.547381       2.9706906       1.0307764     0.038140263    0.0098856814   1.9505386e-09        2.104592         2.104592       2578.4112                                                          2566.3553                                                       12.055905
              4       1292.5795     0.022709744      0.11634465       68.279037       2.9702315       1.0313617     0.038445301     0.084483394   1.9496432e-09        2.104592         2.104592       2580.9498                                                          2567.6923                                                       13.257521
             11       1290.9867     0.022821094      0.11571419       68.641753       2.9764205       1.0297482     0.041409376     0.077485081   1.9617469e-09        2.104592         2.104592       2577.7643                                                          2566.6398                                                       11.124552
              4       1290.4016     0.022867342      0.11566596       68.756374       2.9807074       1.0285809     0.043199498     0.070021797   1.9701749e-09        2.104592         2.104592        2576.594                                                           2565.702                                                       10.892061
