#                 weight             minuslogpost                 omegabh2                 omegach2                       H0                     logA                       ns                      tau               mnu_sample                 A_planck               TT_tSZ_Amp               TT_kSZ_Amp                       As                      mnu                chi2__CMB            minuslogprior         minuslogprior__0                     chi2 chi2__sbt_spt_audit.likelihoods.candl_cobaya.CandlCobayaLikelihood chi2__sbt_spt_audit.likelihoods.desi_dr2_bao.DESIDR2BAOGaussian chi2__planck_2018_lowl.TT chi2__planck_2018_lowl.EE_sroll2 chi2__planck_2018_highl_plik.TT_lite_native chi2__planckpr4lensing.PlanckPR4Lensing
                       1       1805.3704740881371     0.022386564800253042      0.11306483990513935       68.406274907450111       3.0379850419202468      0.97580419320564604     0.047926947685864044      0.11120706746741535      0.98741140209301914       2.5080284016537711       9.8906460339778075   2.0863162456067374e-09      0.11120706746741535       1011.6436677855056       5.7934714303969193       5.7934714303969193       3599.1540053154804                                                 2576.7842684230081                                              10.726069106966328         24.12296263379767               392.58208755358129                          580.96970880098615                      13.968908797140552
                       3       1803.1019988286255     0.022709007863598779      0.11371353229340296       67.849461985919731       3.0531188089118086      0.97948325928614877     0.054343933337084857      0.17858622602341298      0.98675299384103343       2.3907169760402796       9.7342734696391933   2.1181301947896589e-09      0.17858622602341298       999.09266436758742       5.7934714303969193       5.7934714303969193       3594.6170547964571                                                 2580.3812852201831                                              15.143105208686835        23.600303633112389                 390.226863726109                          569.16575697556539                      16.099740032800746
                       1       1798.7146906920166     0.022621513623006476      0.11406840778124293       67.712751668806888       3.0567579335134116      0.97832850896640644     0.055558714843318327      0.17361183273590663      0.98733574194022988       2.4136579088353325       9.7405312617122863   2.1258523769602572e-09      0.17361183273590663       990.10856897214296       5.7934714303969193       5.7934714303969193       3585.8424385232393                                                 2579.2275293887365                                              16.506340162359908        23.831378372520703               389.96123498437237                          558.78805427679845                        17.5279013384514
                       1         1783.44039448586     0.022741202299827425      0.11474553099876583       67.684368521150816       3.0482945360583535      0.97691207464351459     0.053507546416162961      0.18358124506903573      0.98382412457667612       2.5310907139239953       9.6697616441316416   2.1079363654684769e-09      0.18358124506903573       989.33609616727097       5.7934714303969193       5.7934714303969193       3555.2938461109261                                                 2547.4418945199859                                              18.515855423669638        24.254263453929866               390.21895469119198                          558.26230361824366                      16.600574403905423
                       3       1783.3679240826093     0.022741202299827425      0.11474553099876583       67.684368521150816       3.0482945360583535      0.97691207464351459     0.053507546416162961      0.18358124506903573      0.98397785714826191       2.9510325541111468       9.7905377117684314   2.1079363654684769e-09      0.18358124506903573         983.230030151596       5.7934714303969193       5.7934714303969193       3555.1489053044247                                                  2553.403019729159                                              18.515855423669638         24.22853955904958               390.21624039187009                           552.3694021038059                      16.415848096870477
                       1       1781.5799907374621     0.022741202299827425      0.11474553099876583       67.684368521150816       3.0482945360583535      0.97691207464351459     0.053507546416162961      0.18358124506903573      0.98384767011954999       2.2366067521413981       9.9821038804471787   2.1079363654684769e-09      0.18358124506903573       988.39590792767342       5.7934714303969193       5.7934714303969193       3551.5730386141304                                                 2544.6612752627871                                              18.515855423669638        24.250317680218643               390.21624039187009                          557.35721542037015                      16.572134435214465
                       1       1777.9427541159678     0.022470675267968396      0.11816012919487627       66.419807033926617       3.0363472846157293      0.97664495797112172     0.046356793584637575      0.19370141996494555      0.98129172625005712       2.2840510605886561       9.9675784798495535   2.0829021624189197e-09      0.19370141996494555       960.52506100826088       5.7934714303969193       5.7934714303969193       3544.2985653711416                                                 2529.2881796905817                                              54.485324672299342        24.043493162230675               393.19045897507021                          520.54218816194282                      22.748920709017135
                       4       1778.3874253288736      0.02252068294985415      0.11817461212664498       66.671150435321039       3.0273896990356999      0.98207156355893244     0.042732130771310814      0.16870131493190882      0.97996723910802275       2.1608116560585713       9.9551704203306457   2.0643277033958541e-09      0.16870131493190882       964.76010056580242       5.7934714303969193       5.7934714303969193       3545.1879077969534                                                 2533.1018149373922                                              47.325992293758716        22.949165114107132               396.78126187541375                          521.62630484137696                      23.403368734904575
                       1       1773.6149793597669     0.023004214741196856      0.11991544299367601         67.0634593773907       3.0520843487662801      0.98497925595754177     0.054655390517015984      0.10365953265978514      0.97760301190411425       1.8813694096361535       9.6460225232716095   2.1159402064432337e-09      0.10365953265978514       948.50980291074779       5.7934714303969193       5.7934714303969193         3535.64301585874                                                 2535.5979453606401                                               51.53526758735218        23.122491331796539               390.17344683003785                          485.66806906424796                      49.545795684665443
                       1        1776.419673060175     0.023004214741196856      0.11991544299367601         67.0634593773907       3.0520843487662801      0.98497925595754177     0.054655390517015984      0.10365953265978514      0.97745036094727356       1.7820769427224603        9.265916963071092   2.1159402064432337e-09      0.10365953265978514       954.33712661902177       5.7934714303969193       5.7934714303969193       3541.2524032595561                                                 2535.3800090531818                                               51.53526758735218        23.144597709465302               390.17344683003785                          491.04811878637003                      49.970963293148529
                       1       1770.5203575376001     0.022565031241746403      0.11986052829704956       66.854124057482139       3.0617733110894028      0.98865528496164734     0.061915915928597055     0.078254753874657301      0.97656227915045812       1.9030326418723642       9.2554506798981038   2.1365411109144568e-09     0.078254753874657301       950.14728391307528       5.7934714303969193       5.7934714303969193       3529.4537722144064                                                 2529.7143138005076                                              49.592174500823042        22.395097818689806               390.93779609603439                          478.15252274728761                      58.661867251063413
                       4       1759.9640681968126      0.02266806030215655      0.11924355922062405       67.174602098826355       3.0576867227269031      0.99368458567991724     0.063490358446247647       0.1008426429011664      0.97316923522079202       2.0252936512080058       9.1755823452890066   2.1278277629340403e-09       0.1008426429011664       948.25864490209381       5.7934714303969193       5.7934714303969193       3508.3411935328313                                                 2521.6701094729806                                              38.412439157757113        21.702301510312338               391.29970250123557                          486.50061450376973                      48.756026386776192
                       6       1758.1422157607083      0.02266806030215655      0.11924355922062405       67.174602098826355       3.0576867227269031      0.99368458567991724     0.063490358446247647       0.1008426429011664      0.97332645958043529       2.4766245444087316       9.2812067633800801   2.1278277629340403e-09       0.1008426429011664       942.33511417861769       5.7934714303969193       5.7934714303969193       3504.6974886606226                                                 2523.9499353242481                                              38.412439157757113        21.685161246246196               391.29369390844732                          481.03219279026592                      48.324066233658158
                       1       1764.3953707791093     0.022878377304952773       0.1172111276806701       67.412927894100818       3.0337978647694808      0.99078319592400366     0.055046682652089431      0.15743762502402972      0.97086376786159045       2.6090481218044057       9.3579118900976077    2.077598733514194e-09      0.15743762502402972       969.14755241263754       5.7934714303969193       5.7934714303969193       3517.2037986974246                                                 2517.9605110167622                                              30.095735268024807        21.977412020113036               390.32219180128516                          531.97467153322009                      24.873277058019173
                       1        1759.254638334183     0.022953617152179404       0.1169651126353754       67.828396840340829       3.0328220692094017      0.99394838263090879     0.058112941771528023       0.1428587271528784      0.96739602165170591       2.6962064885751724       9.2584353163094733   2.0755724106935954e-09       0.1428587271528784       967.82786801345821       5.7934714303969193       5.7934714303969193       3506.9223338075722                                                 2517.4444237155444                                               21.65004207856898        21.660192609472347                390.2087992198642                          531.38636194788501                      24.572514236236707
                       1       1754.7900401020461     0.023095010662372718      0.11796241337260376       67.661436525839477       3.0575464851682184      0.98947407694028955     0.065914700260059148      0.15698692921030272      0.97117486087493432       2.6611279418908489       9.1977038551537369   2.1275293824858268e-09      0.15698692921030272        944.8916246958745       5.7934714303969193       5.7934714303969193       3497.9931373432983                                                  2524.752573685199                                              28.348938962224853        22.590498390719802               391.99728389542156                           497.7350383504027                      32.568804059330489
                       1       1752.9096668448731     0.023191351728218838      0.11700651719529136       67.981162707552173       3.0588614458906864       0.9882859065258579     0.065822960572884115      0.17831466321016848      0.97291442401450301        2.703110797679078       9.2395594614255607   2.1303288402448072e-09      0.17831466321016848       944.09582441872601       5.7934714303969193       5.7934714303969193       3494.2323908289522                                                 2529.3492047344484                                              20.787361675777333        22.809068974904619               391.82763393757017                          503.88837858324541                      25.570742923005838
                       1       1752.0542532296972     0.023191351728218838      0.11700651719529136       67.981162707552173       3.0588614458906864       0.9882859065258579     0.065822960572884115      0.17831466321016848      0.97302470016731846       2.9043952428696871       9.4080502581336649   2.1303288402448072e-09      0.17831466321016848       939.87603720001005       5.7934714303969193       5.7934714303969193       3492.5215635986006                                                 2531.8581647228129                                              20.787361675777333        22.793678935128639               391.83389933779637                          499.87722734168773                       25.37123158539735
                       3       1749.3864741819455     0.023191351728218838      0.11700651719529136       67.981162707552173       3.0588614458906864       0.9882859065258579     0.065822960572884115      0.17831466321016848      0.97303009103148996       2.5264969025879718       9.7338288816245129   2.1303288402448072e-09      0.17831466321016848       939.67000097188884       5.7934714303969193       5.7934714303969193        3487.186005503097                                                 2526.7286428554307                                              20.787361675777333        22.792927770873177               391.83389933779637                          499.68166396320788                      25.361509900011445
                       1       1733.5666304215911     0.022867902347320987      0.11756418381301614       68.205294852004485       3.0645303112902669      0.98549956969013663     0.064391270864389172      0.11454736710313962       0.9782172393615699       2.4836709908208578       9.8734534906639144   2.1424396826318295e-09      0.11454736710313962       909.79512871162297       5.7934714303969193       5.7934714303969193       3455.5463179823882                                                 2530.3261293183546                                              15.425059952410185         23.14539727195546                391.4935056131938                          463.25928091057204                      31.896944915901678
                       1        1668.772011073107     0.022867902347320987      0.11756418381301614       68.205294852004485       3.0645303112902669      0.98549956969013663     0.064391270864389172      0.11454736710313962      0.98209131960439588       2.4836709908208578       9.8734534906639144   2.1424396826318295e-09      0.11454736710313962       780.20589001465578       5.7934714303969193       5.7934714303969193       3325.9570792854201                                                 2530.3261293183546                                              15.425059952410185        22.600237363810436                391.4396637878184                          341.63363458843344                      24.532354274593434
                       1       1667.8803600304418     0.022702647771206719      0.11759485682037037       68.000986993487089       3.0684337405734086      0.98021495835367012     0.065487902052978858      0.12021717120496972      0.98364530487412749       2.6044336388460669       9.9323317651939966    2.150818887604083e-09      0.12021717120496972        778.7978704612492       5.7934714303969193       5.7934714303969193       3324.1737772000897                                                 2528.7235385455983                                              16.652368193242371        23.541633098185969               391.99673696091389                          339.26597900459279                      23.993521397556574
                       3       1667.8990390270017     0.022703544023636658       0.1176490747503762       67.986595727912871       3.0681065526466349      0.98029633485821521     0.065396061850088352       0.1202240772609266      0.98349213720444473       2.6050353412908782       9.9289411619002248   2.1501152807434944e-09       0.1202240772609266       778.74751017360575       5.7934714303969193       5.7934714303969193       3324.2111351932094                                                 2528.5374221289917                                              16.926202890612018        23.526185855098902               391.98726492514453                          339.11220820420368                      24.121851189158598
                       3       1664.9836058809888     0.022703544023636658       0.1176490747503762       67.986595727912871       3.0681065526466349      0.98029633485821521     0.065396061850088352       0.1202240772609266      0.98368703508232347       2.6050353412908782       9.9289411619002248   2.1501152807434944e-09       0.1202240772609266        772.9166438815796       5.7934714303969193       5.7934714303969193       3318.3802689011836                                                 2528.5374221289917                                              16.926202890612018        23.496033152843665               391.99662191137605                          333.62842132054982                      23.795567496810051
                       6       1665.4707521011519     0.022732976453987301      0.11737859835648273          68.288508764789       3.0448488824821127      0.98744347023749257     0.057539081557768865     0.072989694946826111       0.9793447628373223       2.4450698436899536       9.9170550948968899   2.1006856458999147e-09     0.072989694946826111       788.30489101309854       5.7934714303969193       5.7934714303969193       3319.3545613415099                                                 2517.1072185291237                                               13.94245179928731         22.04961238503148               390.18616336649086                          352.63257697395585                      23.436538287620365
                       7       1663.4925694978604     0.022703403312672021      0.11774726914867865       68.405717125748581       3.0420462879118553      0.98712750358625367     0.055412697021092083     0.050457260807584212      0.97978797455117306       2.4186697681731704        9.938010659951793   2.0948065179690577e-09     0.050457260807584212       784.41841489992339       5.7934714303969193       5.7934714303969193       3315.3981961349268                                                 2517.9366605428932                                              13.043120692110662        22.077682806359519               390.28554290047231                          347.05069886877635                      25.004490324315206
                       3       1615.3127627612173     0.022703403312672021      0.11774726914867865       68.405717125748581       3.0420462879118553      0.98712750358625367     0.055412697021092083     0.050457260807584212      0.98331481267696874       2.4186697681731704        9.938010659951793   2.0948065179690577e-09     0.050457260807584212       688.05880142663682       5.7934714303969193       5.7934714303969193       3219.0385826616407                                                 2517.9366605428932                                              13.043120692110662        21.672618864372339               390.37479212602335                          256.54582255863409                      19.465567877607054
                       5       1614.4076145754832     0.022588601995644612       0.1172259231474367       68.796805285404858       3.0349101813487072      0.99189064014970985     0.055466678187442907     0.011237231532044763      0.98046784820982169       2.4458469381737356       9.9146093772391364   2.0799109667597483e-09     0.011237231532044763       693.40385961112224       5.7934714303969193       5.7934714303969193       3217.2282862901725                                                 2513.3033053095769                                              10.521121369473372        21.005840870482814               390.49477614349456                          263.30396680561034                      18.599275791534488
                       5        1615.988115948611      0.02263823977921264      0.11755707135062146       68.791422130840218       3.0316521090974127      0.99371969397074178     0.054024580903224428    0.0011382379153428799      0.97959707658498496       2.3749138583181675       9.8902027360694138   2.0731454937383869e-09    0.0011382379153428799       696.25502240891046       5.7934714303969193       5.7934714303969193       3220.3892890364282                                                 2513.4207851105102                                              10.713481517007521        20.832407745036051               390.89010781067151                          264.98883351754637                      19.543673335656532
                       1       1616.5783896015864     0.022321273445901527      0.11737430454946637       68.450554245173976       3.0294471953276241      0.98725872411370585     0.053760668532629279     0.026021616603412047       0.9800076323943081       2.6710884302095739       9.9855747001287707   2.0685794224390936e-09     0.026021616603412047       695.60477877325604       5.7934714303969193       5.7934714303969193       3221.5698363423789                                                 2515.0417198454847                                              10.923337723637671        21.451930408744204               390.67225526554745                           267.2729193907885                      16.207673708175918
                       6       1616.3968819005638     0.022330862569632497      0.11738078042435959       68.450484046980023       3.0296617566795518      0.98687652922872671     0.053801761982591248     0.025696025338754633      0.98005094356799316       2.6690927986146478       9.9848167133924512   2.0690233072551025e-09     0.025696025338754633        695.2918288347696       5.7934714303969193       5.7934714303969193       3221.2068209403337                                                 2514.9537571878986                                              10.961234917665665        21.509621606302858                 390.646912391988                          266.85470611695723                      16.280588719521543
                       5       1602.2030058292619     0.022330862569632497      0.11738078042435959       68.450484046980023       3.0296617566795518      0.98687652922872671     0.053801761982591248     0.025696025338754633      0.98125085194861617       2.6690927986146478       9.9848167133924512   2.0690233072551025e-09     0.025696025338754633       666.90407669216563       5.7934714303969193       5.7934714303969193       3192.8190687977299                                                 2514.9537571878986                                              10.961234917665665        21.385549989944991               390.65838435573687                          239.92988867268377                      14.930253673799903
                       1       1602.2208570413882     0.022413704982559863      0.11820698197009859       68.410152477846253       3.0292070060452501      0.98645168306837838     0.053788933323618504    0.0061058390499399949      0.97982647475587326       2.6195596729774624       9.9227573222254506   2.0680826314964025e-09    0.0061058390499399949       665.40811929073755       5.7934714303969193       5.7934714303969193       3192.8547712219824                                                 2515.4063491565475                                              12.040302774696979        21.525274606106677               390.64248471305399                          235.47121113869284                      17.769148832884042
                       2       1599.8488721619692     0.022712290744237147      0.11801819684486156       68.578621295877738       3.0389347645440021      0.98787261696045003     0.056378754559105966     0.017455156585459455      0.98161157000186916       2.4361989160173678       9.8698811814398777   2.0882986085439604e-09     0.017455156585459455       662.31663324236422       5.7934714303969193       5.7934714303969193       3188.1108014631445                                                 2513.6289949201678                                              12.165173300612294        21.501656222825318                390.2839714618043                          230.58856421305251                      19.942441344682148
                       1       1600.5547475814767     0.022778007714169879      0.11775996921812747       68.742137309639503       3.0364619611236479      0.99072776747860325     0.056505927491789412     0.018167177625163455      0.98022629685802154       2.4278299587201819       9.8347962640608575   2.0831410360615776e-09     0.018167177625163455       664.39489583569571       5.7934714303969193       5.7934714303969193       3189.5225523021595                                                 2513.8409479375568                                              11.286708528907193        21.167645703378525               390.38965121969221                          233.94279786432605                       18.89480104829882
                       2       1591.6835522202439     0.022778007714169879      0.11775996921812747       68.742137309639503       3.0364619611236479      0.99072776747860325     0.056505927491789412     0.018167177625163455      0.98103353502414836       2.4278299587201819       9.8347962640608575   2.0831410360615776e-09     0.018167177625163455       646.65250511322995       5.7934714303969193       5.7934714303969193       3171.7801615796939                                                 2513.8409479375568                                              11.286708528907193        21.093449257465181               390.36375878786998                          217.37338327211518                      17.821913795779569
                       1       1583.4758483978439     0.022778007714169879      0.11775996921812747       68.742137309639503       3.0364619611236479      0.99072776747860325     0.056505927491789412     0.018167177625163455      0.98182977929783999       2.4278299587201819       9.8347962640608575   2.0831410360615776e-09     0.018167177625163455       630.23709746843053       5.7934714303969193       5.7934714303969193        3155.364753934894                                                 2513.8409479375568                                              11.286708528907193        21.022516012471158               390.38156190541685                          202.00960679941153                      16.823412751131027
                       1       1583.8626201787229     0.022811968541200642      0.11784035209324346       68.770432728473168       3.0352020834557023      0.99050331899237454     0.055936242534421532     0.011206606391530018       0.9815478325400403       2.4000663320079654       9.8270991713887099   2.0805181857732508e-09     0.011206606391530018       631.24789812595054       5.7934714303969193       5.7934714303969193       3156.1382974966518                                                 2513.5246960882341                                               11.36570328246715        21.059572845212074               390.46983735846021                          202.54203091836726                      17.176457003910958
                       4       1583.8502817677502     0.022811968541200642      0.11784035209324346       68.770432728473168       3.0352020834557023      0.99050331899237454     0.055936242534421532     0.011206606391530018      0.98153974666319443       2.3720486315132496       9.8256031451944139   2.0805181857732508e-09     0.011206606391530018       631.41033772914329       5.7934714303969193       5.7934714303969193       3156.1136206747065                                                 2513.3375796630962                                               11.36570328246715        21.060292441154957               390.46983735846021                           202.6936892840159                      17.186518645512241
                       2       1584.9817066573048     0.022808349494936497      0.11779384755158707       68.715698346286331       3.0337026245009571      0.99154295147397753     0.056404209465716691     0.015419767877725679      0.98026249097697993       2.3931961185872979       9.8013543104011802    2.077400871875277e-09     0.015419767877725679        634.3000922431454       5.7934714303969193       5.7934714303969193       3158.3764704538157                                                 2512.4417436797589                                              11.634634530911356         20.95192645134324               390.37985575902434                          205.89971340865338                      17.068596624124396
                       7       1584.5221172885313      0.02287433338829525      0.11701567685201013       68.958460688686699        3.039490248611818       0.9921637401483504     0.059824405566151942     0.018232588182914618      0.98060595244294391       2.3907115650734578        9.781838748461416   2.0894589473948848e-09     0.018232588182914618       633.66947797106911       5.7934714303969193       5.7934714303969193       3157.4572917162686                                                 2513.1117991488227                                              10.676014596376994        20.920756647662358               390.39382913558995                          206.15086556919297                      16.204026618623804
                       4       1583.5400602904772      0.02287433338829525      0.11701567685201013       68.958460688686699        3.039490248611818       0.9921637401483504     0.059824405566151942     0.018232588182914618      0.98064048004724513       2.2604266903200254       9.9929043158384783   2.0894589473948848e-09     0.018232588182914618       632.96707239988496       5.7934714303969193       5.7934714303969193       3155.4931777201605                                                 2511.8500907238986                                              10.676014596376994        20.917832601081898               390.39382913558995                          205.49224850567455                      16.163162157538522
                       1       1584.0861481093541     0.022824786833291484      0.11707300150604331       68.754963106863656       3.0448124152792628      0.99189654484358747      0.06200377470601761     0.029229706274025366      0.98126500459828669        2.267711893331418       9.9908842234507063   2.1006090411671305e-09     0.029229706274025366       633.27034075511074       5.7934714303969193       5.7934714303969193       3156.5853533579143                                                 2512.1221158253161                                              11.192896777488123        20.945472507028285               390.75067170554144                          204.38681942522965                      17.187377117311421
                       8       1564.5457381261256     0.022824786833291484      0.11707300150604331       68.754963106863656       3.0448124152792628      0.99189654484358747      0.06200377470601761     0.029229706274025366       0.9833712267761251        2.267711893331418       9.9908842234507063   2.1006090411671305e-09     0.029229706274025366       594.18952078865289       5.7934714303969193       5.7934714303969193       3117.5045333914572                                                 2512.1221158253161                                              11.192896777488123        20.771105269637587               390.75586173043826                           167.9127590986383                      14.749794689938765
                      18       1566.3505242594488     0.022869391243724186      0.11745206112501669       68.647368560263118       3.0418353900181292      0.99362872701553084      0.06091695781368256     0.032647416953973635      0.98221139324560491       2.2360452574858551       9.9598881976541982   2.0943647742696997e-09     0.032647416953973635       596.76113355881853       5.7934714303969193       5.7934714303969193       3121.1141056581037                                                 2512.2192811664995                                              12.133690932785603        20.629220716685381               390.52793616259476                          170.18706944403016                      15.416907235508177
                       2       1567.5364764942826     0.022848430275318878      0.11738513768344934       68.781202495888962       3.0378773577417366      0.99705591599723087     0.060261371670997675      0.01972761675501182      0.98087678787160693       2.2172482738139387       9.9413140999898832   2.0860915944516214e-09      0.01972761675501182       600.42367841462487       5.7934714303969193       5.7934714303969193       3123.4860101277714                                                 2511.7667494625989                                              11.295582250547815        20.347951677458866               390.52563957729217                          174.20435103043667                       15.34573612943726
                       4       1567.6402133293982     0.022848430275318878      0.11738513768344934       68.781202495888962       3.0378773577417366      0.99705591599723087     0.060261371670997675      0.01972761675501182      0.98093476704785609       2.3934123208793987       9.9722980345318799   2.0860915944516214e-09      0.01972761675501182       599.46571610043918       5.7934714303969193       5.7934714303969193       3123.6934837980025                                                 2512.9321854470154                                              11.295582250547815        20.344714931036322               390.53852306679119                          173.30049162049644                      15.281986482115222
                       3       1534.1015983530931     0.022848430275318878      0.11738513768344934       68.781202495888962       3.0378773577417366      0.99705591599723087     0.060261371670997675      0.01972761675501182      0.98632229988242404       2.3934123208793987       9.9722980345318799   2.0860915944516214e-09      0.01972761675501182       532.38848614782898       5.7934714303969193       5.7934714303969193       3056.6162538453923                                                 2512.9321854470154                                              11.295582250547815        20.090983120293345               390.56529126955928                          111.03351869060093                      10.698693067375419
                       5       1534.7339633948302     0.023060936294685443      0.11607340914009817       68.954125190026687       3.0293022599215242       0.9974280725251794     0.056958978102687227     0.076258315737739196      0.98590605650909358       2.4491040902851244       9.9998479877212798   2.0682796337659739e-09     0.076258315737739196       531.32507723027834       5.7934714303969193       5.7934714303969193       3057.8809839288665                                                 2515.8722186800624                                              10.683688018526214        20.098057583472098               390.66895743291383                          112.19885135966669                      8.3592108542256796
                      19        1524.085905080156     0.023060936294685443      0.11607340914009817       68.954125190026687       3.0293022599215242       0.9974280725251794     0.056958978102687227     0.076258315737739196      0.98924325858251294       2.4491040902851244       9.9998479877212798   2.0682796337659739e-09     0.076258315737739196       510.02896060092957       5.7934714303969193       5.7934714303969193        3036.584867299518                                                 2515.8722186800624                                              10.683688018526214        19.998151279421791               390.72121458299847                          90.635890094197123                       8.673704644312199
                       8        1523.488043097761     0.023060936294685443      0.11607340914009817       68.954125190026687       3.0293022599215242       0.9974280725251794     0.056958978102687227     0.076258315737739196      0.99418399114234768       2.4491040902851244       9.9998479877212798   2.0682796337659739e-09     0.076258315737739196       508.83323663613925       5.7934714303969193       5.7934714303969193        3035.389143334728                                                 2515.8722186800624                                              10.683688018526214        19.916588857781164                390.8427452940154                          87.207040120253566                      10.866862364089135
                       4       1524.1497674856021     0.022994557331816209      0.11674588316299554       68.840736511302538       3.0346617188333078      0.99754838729913253     0.060302699324681033     0.043346668671922772      0.99305170046173752       2.4098027595615674       9.9399149676729355   2.0793942510440416e-09     0.043346668671922772       511.04374251393102       5.7934714303969193       5.7934714303969193       3036.7125921104102                                                  2514.437801153822                                               11.23104844265745        19.892589899671066               390.63176304131878                          91.630327231758187                      8.8890623411830028
                      11       1523.8470002648942     0.023103358987391888      0.11613663886764324       69.005053287010028        3.030167241917864        0.997280813844025     0.057470802033470492     0.053289224032566071      0.99391173873913619       2.3585099955164237       9.9787918099016508   2.0700694323727707e-09     0.053289224032566071       508.81860157377622       5.7934714303969193       5.7934714303969193       3036.1070576689945                                                 2516.4327449356688                                              10.855711159549339        19.910335042545114               390.74324307192614                          88.483186613691274                      9.6818368456136916
                       3       1524.3211688795902     0.023087224440240618      0.11604413481740013       69.003418559825107       3.0302289248571235      0.99837206625916119     0.058065096874480283     0.054895426090594494      0.99346211409500107       2.3674108934437936       9.9691730641460854   2.0701971242779963e-09     0.054895426090594494       509.88494847616607       5.7934714303969193       5.7934714303969193       3037.0553948983866                                                  2516.351139533499                                              10.819306888721709        19.906960656495926               390.70763785153969                          89.515609564498504                      9.7547404036319509
                       1       1523.1722683063776     0.023087224440240618      0.11604413481740013       69.003418559825107       3.0302289248571235      0.99837206625916119     0.058065096874480283     0.054895426090594494      0.99252720177369069       2.3674108934437936       9.9691730641460854   2.0701971242779963e-09     0.054895426090594494       507.58714732974056       5.7934714303969193       5.7934714303969193       3034.7575937519614                                                  2516.351139533499                                              10.819306888721709        19.913382019634184                390.7015095784933                          87.638448816990007                      9.3338069146231017
                       2       1521.9884988863635     0.023031995283609746      0.11612646213668334       68.889137579383132       3.0305335906541861      0.99694095384508052     0.058048877663135642     0.058544288116537745      0.99278687835850721       2.4033873917694621       9.9857892870682683   2.0708279386238398e-09     0.058544288116537745        506.3323275296533       5.7934714303969193       5.7934714303969193        3032.390054911933                                                 2515.0824360020843                                              10.975291380195479        19.918608244483949               390.62622530326098                          86.422184141192631                      9.3653098407157067
                       2       1522.0154320662509     0.023031995283609746      0.11612646213668334       68.889137579383132       3.0305335906541861      0.99694095384508052     0.058048877663135642     0.058544288116537745       0.9924635849960517       1.4525182341272718       9.7872854085522771   2.0708279386238398e-09     0.058544288116537745       505.82297504458484       5.7934714303969193       5.7934714303969193       3032.4439212717079                                                 2515.6456548469278                                              10.975291380195479         19.92345277435561               390.60696694510398                          86.058071168947293                      9.2344841561779081
                       5       1519.6539854495443     0.022762286125544609      0.11740197798208363       67.996264823369685       3.0435606944492966      0.98436488472321504     0.058054902666864805     0.098382193182722261      0.99886600017328542       1.5965688902985919        9.937522433622398   2.0979813100106935e-09     0.098382193182722261       496.50934347782817       5.7934714303969193       5.7934714303969193       3027.7210280382947                                                 2513.4415538807657                                              17.770130679701055        20.484979053535085               390.36874472034708                          76.847583987514199                      8.8080357164317729
                       3       1519.8840046647406     0.022674496439175965      0.11746868196378293       67.970977267044276       3.0464399514273457      0.98496608275248065     0.059504293406112976      0.09520159333138184      0.99913191211281716       1.6282945801591704       9.9404917685722314   2.1040306419488154e-09      0.09520159333138184       497.31637581279637       5.7934714303969193       5.7934714303969193       3028.1810664686873                                                 2513.5351492730888                                              17.329541382802194        20.418552256060195               390.45773004387831                          77.740349738182104                      8.6997437746757491
                       6       1519.4129277099589     0.022623937718597099      0.11707948183630705       67.947660348271057       3.0443535937485797      0.98543731580676031     0.058850978751534506      0.10385915810682222      0.99924665691367298       1.6513355926942987       9.9690975032859406   2.0996454575848468e-09      0.10385915810682222       497.49581935996162       5.7934714303969193       5.7934714303969193       3027.2389125591239                                                 2513.0941519969251                                              16.648941202237584        20.344576131102087                390.4261348582977                          77.593512143851726                      9.1315962267100783
                       8       1523.7854054206882      0.02275629903308557      0.11769992901354542       67.662373647527431       3.0560153729410753      0.98330378003947461     0.063163968328740244      0.12472238025091331      0.99987557388537496       1.6229950296286613       9.9013399215699138   2.1242743887509412e-09      0.12472238025091331       496.90496179474752       5.7934714303969193       5.7934714303969193       3035.9838679805825                                                 2515.4203998850144                                              23.658506300820704        20.620388981240581               391.09313635272019                          76.725055078318746                       8.466381382467981
                      16       1523.3926111672577     0.022629112519110449      0.11849084595081874       67.618885187743771       3.0473334869534368      0.97552438794292717     0.057416546672894565      0.06196400245398459       1.0008199490716856       1.5663106362388604       9.9878534804323582   2.1059115082606746e-09      0.06196400245398459       495.09490083139451       5.7934714303969193       5.7934714303969193       3035.1982794737214                                                 2514.3145770041438                                               25.78880163818301        21.476878889438808               390.20033488310497                          74.985803066800173                      8.4318839920505315
                      11       1523.0966226945893     0.022912424348199793      0.11802783137733752       68.044204496009343       3.0536854164597895      0.98026606816234241     0.060920799085029703     0.068108951552350291       1.0002878554805543       1.4645162421585003       9.8924286258285132    2.119330683416474e-09     0.068108951552350291       497.93878419103675       5.7934714303969193       5.7934714303969193       3034.6063025283847                                                 2516.5303773079568                                              20.137141029391572        21.032782063741877               390.56063205433543                          77.938980957562705                      8.4063891153967223
                       5       1524.1630867712756     0.023072406327796016      0.11760271926414914       68.381237507311667       3.0562097628756941      0.98500380956719058     0.064606566087371947     0.059536329494948574      0.99784391499684411         1.41932029227621       9.7874568176250474   2.1246873664485365e-09     0.059536329494948574       501.55813104085485       5.7934714303969193       5.7934714303969193       3036.7392306817574                                                 2518.9067892560179                                              16.274310384885339        20.629315866997729               391.37912514965069                          81.085698997143197                      8.4639910270632299
                       2       1524.9912805008946     0.022752556949421184      0.11687830590981288       68.662532984353618         3.07257717765625      0.98736949515196626     0.071073601329924352     0.040050613706490899       1.0019873605861278       1.4767808858664091       9.8615065004171907    2.159749158573114e-09     0.040050613706490899       503.27337173088347       5.7934714303969193       5.7934714303969193       3038.3956181409953                                                   2523.88228301765                                              11.239963392461707        20.341469357607139               394.13528003982708                          80.097578584777409                      8.6990437486718406
                       3       1526.3031716387093     0.022752556949421184      0.11687830590981288       68.662532984353618         3.07257717765625      0.98736949515196626     0.071073601329924352     0.040050613706490899      0.99791134787934666       1.4767808858664091       9.8615065004171907    2.159749158573114e-09     0.040050613706490899       505.89715400651295       5.7934714303969193       5.7934714303969193       3041.0194004166246                                                   2523.88228301765                                              11.239963392461707        20.628673133933717                394.1844297011379                          80.690176139564983                      10.393875031876323
                       1       1523.4443255951721     0.022694712599995254      0.11711981953497748       68.775350675049438       3.0606837610205151      0.98523981126866589     0.063414443907389387     0.012838224601042197      0.99939687340097261       1.4132860293182623       9.9654127549072999   2.1342145101040778e-09     0.012838224601042197       501.71927052899321       5.7934714303969193       5.7934714303969193       3035.3017083295504                                                 2522.7539968423507                                              10.828440958206707        20.729997937921326                391.1052312135958                           80.02322097680134                      9.8608204006747346
                       3       1523.7470433201129     0.022806604327648368      0.11648346447405848       69.138843330106894       3.0572899771108308      0.99058767176136375     0.064064962885804544     0.020987325978583139      0.99729378027290294       1.4316930407509512       9.9104420485941418   2.1269837240427758e-09     0.020987325978583139       502.94203770523757       5.7934714303969193       5.7934714303969193       3035.9071437794319                                                 2522.2611484656995                                              10.703957608494761        20.289596061468671               391.18112886551302                          82.555135123207648                      8.9161776550482301
                       6       1524.0427455524466     0.022806604327648368      0.11648346447405848       69.138843330106894       3.0572899771108308      0.99058767176136375     0.064064962885804544     0.020987325978583139      0.99712989242319305       1.4316930407509512       9.9104420485941418   2.1269837240427758e-09     0.020987325978583139        503.5334421699049       5.7934714303969193       5.7934714303969193       3036.4985482440993                                                 2522.2611484656995                                              10.703957608494761        20.299179219757832               391.18112886551302                          83.084411377190932                      8.9687227074431188
                       2       1524.4115318847823     0.022817486779718371      0.11644984728639605       69.164443741077676       3.0594500575824086       0.9902120562417891     0.064799603337502537     0.021432001143988435      0.99756298248460507       1.4297910084751786       9.9098381895158099   2.1315831458206377e-09     0.021432001143988435       503.07822400908759       5.7934714303969193       5.7934714303969193       3037.2361209087708                                                 2523.3952509258202                                              10.762645973863052        20.335504409939006               391.37329383402334                          82.349235254352081                      9.0201905107731228
                       2       1523.6096443124088     0.022707319136649209      0.11667073667954128       69.037597673498169       3.0583204780223894      0.98898640565583251     0.063795049614091437     0.016893830271324926      0.99808347164374689       1.4576739509317846       9.9451285938596499   2.1291767124534834e-09     0.016893830271324926       502.92448658923735       5.7934714303969193       5.7934714303969193       3035.6323457640237                                                   2522.15589079653                                              10.551968378256182        20.394066622534865               391.16929843219884                          82.230848864820516                      9.1302726696830838
                       4       1523.0239785969814     0.022691661386727839      0.11623868662481844       69.175527295417055       3.0568476291768367       0.9885325683871431     0.063465158859337609    0.0097998459748160054      0.99823536509944188       1.4624714537810464       9.9666710875910258   2.1260430652513812e-09    0.0097998459748160054       502.16581132658888       5.7934714303969193       5.7934714303969193       3034.4610143331688                                                 2521.1952093689488                                              11.099993637631057        20.420399615520068               391.13068759575498                          81.871962065310001                      8.7427620500037921
                       2       1523.2156824205001     0.022654598465157182      0.11584138929495526       68.900011366703467       3.0579584646638112      0.98902766288921773     0.065292408475512584     0.041327831262333005      0.99735659451432623       1.5235879692468692       9.9560514416208861   2.1284060615421801e-09     0.041327831262333005       504.47444886884557       5.7934714303969193       5.7934714303969193       3034.8444219802063                                                 2519.8012300367345                                              10.568743074626767        20.381499876348869               391.64425087272701                          83.996836403637076                      8.4518617161326155
                       4       1521.3360235569012     0.022654598465157182      0.11584138929495526       68.900011366703467       3.0579584646638112      0.98902766288921773     0.065292408475512584     0.041327831262333005      0.99847731174326693       1.5235879692468692       9.9560514416208861   2.1284060615421801e-09     0.041327831262333005       500.71513114164753       5.7934714303969193       5.7934714303969193       3031.0851042530085                                                 2519.8012300367345                                              10.568743074626767        20.311801360405468               391.62165372931162                          80.485172293510161                      8.2965037584202772
                       6       1521.3196681555546     0.022654598465157182      0.11584138929495526       68.900011366703467       3.0579584646638112      0.98902766288921773     0.065292408475512584     0.041327831262333005      0.99847641603676551       1.5358443363442067       9.9433064949988967   2.1284060615421801e-09     0.041327831262333005       500.71738884157554       5.7934714303969193       5.7934714303969193       3031.0523934503153                                                 2519.7662615341128                                              10.568743074626767        20.311855277825998               391.62165372931162                          80.487293312058569                      8.2965865223793767
                       3       1523.5922683193717     0.022654598465157182      0.11584138929495526       68.900011366703467       3.0579584646638112      0.98902766288921773     0.065292408475512584     0.041327831262333005      0.99717408347771042       1.5358443363442067       9.9433064949988967   2.1284060615421801e-09     0.041327831262333005       505.26258916921034       5.7934714303969193       5.7934714303969193       3035.5975937779494                                                 2519.7662615341128                                              10.568743074626767        20.393227803410468               391.65041128796031                          84.731931705010126                      8.4870183728294268
                       2       1520.3058917550184     0.022519421404869948      0.11654038431503023       68.685589921557067       3.0565749509423856      0.98389838288588649     0.063715161280718413     0.042117998770928575       0.9978056413249492       1.6676618750602141       9.9881731067131376   2.1254634186140839e-09     0.042117998770928575       501.44314540117591       5.7934714303969193       5.7934714303969193       3029.0248406492428                                                 2517.1204105089605                                              10.461284739106269        20.843456231073162               391.24304768699761                          80.802362284049792                      8.5542791990553866
                       3       1520.4078045231322     0.022527330151761244      0.11657487547098867       68.673753190990098       3.0579332388454139      0.98326131690935381     0.063862044001559481     0.043715649305140741       0.9983310183319285       1.6624937311909707       9.9940866190241113   2.1283523714345872e-09     0.043715649305140741       500.90066277997806       5.7934714303969193       5.7934714303969193       3029.2286661854705                                                  2517.840925305718                                              10.487078099774443        20.919903302542934               391.29561876927801                          80.100269654579662                      8.5848710535774657
                       1       1521.4461004065508     0.022527330151761244      0.11657487547098867       68.673753190990098       3.0579332388454139      0.98326131690935381     0.063862044001559481     0.043715649305140741      0.99787830614253725       1.6624937311909707       9.9940866190241113   2.1283523714345872e-09     0.043715649305140741       502.97725454681563       5.7934714303969193       5.7934714303969193       3031.3052579523078                                                  2517.840925305718                                              10.487078099774443        20.959790946867201               391.30174829638861                          82.022153996821089                      8.6935613067387099
                       4       1521.3805268680944     0.022527330151761244      0.11657487547098867       68.673753190990098       3.0579332388454139      0.98326131690935381     0.063862044001559481     0.043715649305140741      0.99794856204373272       2.2464849943497551       9.7281856761414076   2.1283523714345872e-09     0.043715649305140741       502.63029056085355       5.7934714303969193       5.7934714303969193       3031.1741108753949                                                 2518.0567422147669                                              10.487078099774443        20.953554162872081               391.29575560517947                          81.705395314324392                      8.6755854784776059
                       1       1521.3971828868305     0.022476575365355394      0.11623232152631961       68.732546552861947        3.059591291239276      0.98021653508249806     0.065083603842232843     0.042622385049663973      0.99826380064011799       2.3280033930951478       9.7490964651258327   2.1318842183635262e-09     0.042622385049663973       501.94888536605345       5.7934714303969193       5.7934714303969193       3031.2074229128671                                                 2518.8619070116279                                              10.396630535185356        21.349954638450868               391.73862677606468                          80.411715535337478                      8.4485884162004226
                       4       1521.2846937353002     0.022476575365355394      0.11623232152631961       68.732546552861947        3.059591291239276      0.98021653508249806     0.065083603842232843     0.042622385049663973      0.99824946938077674       2.2506093286021756       9.7691596086482342   2.1318842183635262e-09     0.042622385049663973       502.02084078539878       5.7934714303969193       5.7934714303969193       3030.9824446098064                                                 2518.5649732892221                                              10.396630535185356        21.351421082799732               391.73862677606468                          80.479481360773192                      8.4513115657611539
                       3       1520.7610905455574     0.022527119022936373      0.11619711005498802       68.746924698718729        3.057494680021057      0.98018809016631048      0.06427341945953613     0.046422059238380275      0.99782788681682077       2.2436216055989511       9.7623995661463603   2.1274191683679308e-09     0.046422059238380275       501.86125742267939       5.7934714303969193       5.7934714303969193       3029.9352382303209                                                 2517.6636550439134                                              10.410325763728117        21.362455540898623               391.45452806548496                          80.681789291927402                      8.3624845243683836
                       3       1520.3241186467926     0.022587548461985324       0.1161486557524902       68.803905264731696       3.0548459528043752      0.98113160429819746     0.063473053716735686     0.045830810105827749      0.99707312302192386       2.2186492083570291       9.7458689654478903   2.1217916714575933e-09     0.045830810105827749       502.18876391564129       5.7934714303969193       5.7934714303969193       3029.0612944327913                                                 2516.4346094385041                                              10.437921078645488        21.248433904999274               391.14219814913292                          81.475607769166743                      8.3225240923423627
                       2       1521.0564079190804     0.022465934918323688      0.11577308931922974       68.841927779781912        3.042573914308385      0.98186907432291881     0.058196738185968822     0.054615234270181001      0.99672205039847983       2.3025388796521034       9.8248506282123724   2.0959120848210396e-09     0.054615234270181001       503.35351690165771       5.7934714303969193       5.7934714303969193       3030.5258729773668                                                 2516.5498697485541                                              10.622486327154506        21.010605363479044               390.27561854891269                          83.583610085221522                      8.4836829040444801
                       2       1521.0371191151237     0.022468482025725905      0.11578462996464123       68.842061437178415       3.0426791154207358      0.98151080638267507     0.058071014833221683     0.054648321997654514      0.99689602502183117       2.3020660996824005       9.8288655555342519    2.096132588702176e-09     0.054648321997654514       503.17535837913101       5.7934714303969193       5.7934714303969193       3030.4872953694535                                                 2516.6961892216341                                              10.615747768688339        21.053403391672873               390.31598991600646                          83.322515416328628                      8.4834496551230725
                       7        1520.913567327055      0.02244636370953363      0.11666932416721978       68.800132576731215       3.0404876861271646      0.98142431865957669       0.0568544419113476      0.03616593929019607      0.99606984732139014       2.3037145357580888       9.8052357267964201   2.0915440918635794e-09      0.03616593929019607        501.6925626416691       5.7934714303969193       5.7934714303969193       3030.2401917933162                                                 2518.1782815983152                                              10.369347553332126        21.061910083169721               390.28853937051491                          82.019107707833129                      8.3230054801513091
                       2       1520.8670318090017     0.022467172315689728      0.11675723027377242       68.788409231657511       3.0382317314025764      0.98246836860995823     0.055531904164087528     0.035612925656709489      0.99600151829019024       2.2648369039379599       9.8075204138249319   2.0868309813686813e-09     0.035612925656709489       502.59170956822652       5.7934714303969193       5.7934714303969193       3030.1471207572094                                                 2517.2072564938371                                              10.348154695145872        20.926597962502683               390.43453247331416                          82.889236603532311                      8.3413425288773784
                       5       1517.5911129914946     0.022467172315689728      0.11675723027377242       68.788409231657511       3.0382317314025764      0.98246836860995823     0.055531904164087528     0.035612925656709489      0.99782344081899932       2.2648369039379599       9.8075204138249319   2.0868309813686813e-09     0.035612925656709489       496.03987193321223       5.7934714303969193       5.7934714303969193       3023.5952831221953                                                 2517.2072564938371                                              10.348154695145872        20.773980437038745                390.4317910145553                          76.291341405948657                      8.5427590756695686
                       6       1517.2344614332119     0.022480691923351552      0.11619652887546023       68.912233454824502       3.0447950215621593      0.98143475701428862     0.057711231040053226     0.039234631330218248      0.99976843856491493       2.2472309724888748       9.8326355328321746   2.1005725040854822e-09     0.039234631330218248       494.55823543173904       5.7934714303969193       5.7934714303969193       3022.8819800056299                                                 2517.6703011279483                                              10.653443445942882        20.908536443450998               390.31138654378941                          74.807148271211389                      8.5311641732872801
                       3       1517.1922908990666     0.022480691923351552      0.11619652887546023       68.912233454824502       3.0447950215621593      0.98143475701428862     0.057711231040053226     0.039234631330218248       1.0030213912898691       2.2472309724888748       9.8326355328321746   2.1005725040854822e-09     0.039234631330218248       494.47389436344855       5.7934714303969193       5.7934714303969193       3022.7976389373393                                                 2517.6703011279483                                              10.653443445942882        20.643826623469124               390.31827480664526                          73.886028159761736                      9.6257647735724383
                       3       1517.3156614342759     0.022505195849991187      0.11614609002293852       68.952450304930423       3.0451184354654455      0.98220717377773237     0.058024019084592884     0.039819142438290968       1.0028469869379715       2.2367481067335464       9.8216557616479534   2.1012519683063293e-09     0.039819142438290968       494.78420988658138       5.7934714303969193       5.7934714303969193       3023.0443800077578                                                 2517.5078515320856                                              10.752318589090647        20.578327892297807               390.37414229470767                          74.190959349898918                      9.6407803496770281
                       2       1517.0090041568208     0.022517528707642873      0.11628098570099892       68.975150221595328       3.0444447677923598      0.98199822995598962     0.057252058955604306     0.029940302030043525       1.0030936063021103       2.1955484669617316       9.8261450325444013   2.0998368994788525e-09     0.029940302030043525       494.55118640859803       5.7934714303969193       5.7934714303969193       3022.4310654528476                                                 2517.1389820713798                                              10.740896972870022        20.595786691382898               390.34600331792853                          74.283681303983514                      9.3257150953030283
                       1       1518.8290434243195     0.022713586612383159      0.11657843648913192       69.041744905293854       3.0393709218259795      0.97854838338433636     0.052741698116904878     0.050095656482314392       1.0041493983940195       2.1925410169944142       9.8511242671778145   2.0892096338497381e-09     0.050095656482314392       493.49940217197724       5.7934714303969193       5.7934714303969193       3026.0711439878451                                                 2522.0190749437938                                              10.552666872074036         20.99629113725581               391.01289910649137                          71.183686924208658                      10.306525004021431
                       2        1518.073768337641     0.022713586612383159      0.11657843648913192       69.041744905293854       3.0393709218259795      0.97854838338433636     0.052741698116904878     0.050095656482314392       1.0031356124565096       2.1925410169944142       9.8511242671778145   2.0892096338497381e-09     0.050095656482314392       491.98885199862036       5.7934714303969193       5.7934714303969193       3024.5605938144881                                                 2522.0190749437938                                              10.552666872074036        21.088381150086661               391.00756421536386                          70.120069697642862                      9.7728369355269589
                       1       1518.7333712217646     0.022682184958659118      0.11720628502616152       68.856937831263451       3.0367281647301807      0.98015030793111979     0.051828222022146549      0.04757117602059039       1.0019307038136787       2.1823419662636589       9.8249409214055508    2.083695649535072e-09      0.04757117602059039       493.29924155606642       5.7934714303969193       5.7934714303969193       3025.8797995827354                                                 2522.2172379825979                                              10.363320044071422        20.898518858028694               391.36514691080669                          71.725656242958962                      9.3099195442720841
                       1        1517.134621407316     0.022881724571863347      0.11711702714632678       68.961818728223392       3.0312198017370262      0.98141842696969217     0.052231035429360903     0.042469316449863632      0.99799661316085786         2.15490929570106       9.7217603382141959   2.0722494513791007e-09     0.042469316449863632       494.47931293097025       5.7934714303969193       5.7934714303969193       3022.6822999538381                                                 2517.7046838851788                                               10.49830313768879        20.858408915793291               391.28350151165785                          73.123261949597079                      9.2141405539220749
                       1       1517.0573570197812     0.022875638578465651      0.11709049759092405       68.964571060610339       3.0323839367361005      0.98145178168287794     0.052789426436279548     0.043766426183794047      0.99810297500431044       2.1627741657798594       9.7199419169189607   2.0746632342041985e-09     0.043766426183794047       494.17198862736348       5.7934714303969193       5.7934714303969193       3022.5277711787685                                                 2517.8782044588056                                              10.477578092599128        20.857342937407623               391.10619857668632                           73.00338062326523                      9.2050664900042847
                       4       1516.9459992502761     0.022816577663248034      0.11691509197833728       68.994380355766566       3.0284172893921975      0.98283059887152535     0.052508975389397243     0.038338103731345295      0.99663358055618145       2.2008804699820046       9.7125440997628765   2.0664500769150365e-09     0.038338103731345295        494.6304960968418       5.7934714303969193       5.7934714303969193       3022.3050556397584                                                 2517.2462727171369                                              10.428286825779564        20.683619470589576               391.23989306367355                          73.231079858341673                      9.4759037042369982
                       3       1516.6718031395139     0.022675834352729723      0.11684366483399818       68.808547764363951       3.0282216001345801      0.98641549347456881     0.051797518858444407     0.037877858404402664      0.99757708285082636       2.1281208501402369       9.7527870262929355   2.0660457343976157e-09     0.037877858404402664        498.0616584240218       5.7934714303969193       5.7934714303969193        3021.756663418234                                                 2513.1996465592997                                              10.495358434912259        20.307683944347843               391.77639701038868                          76.677690502230874                      9.2998869670544071
                       2       1516.3446229063782     0.022675834352729723      0.11684366483399818       68.808547764363951       3.0282216001345801      0.98641549347456881     0.051797518858444407     0.037877858404402664       0.9976756492076122       2.2637945432525757       9.9396148749743123   2.0660457343976157e-09     0.037877858404402664       498.14162534462776       5.7934714303969193       5.7934714303969193       3021.1023029519624                                                 2512.4653191724224                                              10.495358434912259        20.302121513501675               391.78643544317839                          76.713961038663115                      9.3391073492845464
                       4       1516.2425991280379     0.022675834352729723      0.11684366483399818       68.808547764363951       3.0282216001345801      0.98641549347456881     0.051797518858444407     0.037877858404402664      0.99729172275757239       2.2637945432525757       9.9396148749743123   2.0660457343976157e-09     0.037877858404402664       497.93757778794713       5.7934714303969193       5.7934714303969193       3020.8982553952819                                                 2512.4653191724224                                              10.495358434912259        20.323970709997809               391.77639701038868                          76.646468171001416                      9.1907418965592473
