#                 weight             minuslogpost                 omegabh2                 omegach2                       H0                     logA                       ns                      tau               mnu_sample                 A_planck               TT_tSZ_Amp               TT_kSZ_Amp                       As                      mnu                chi2__CMB            minuslogprior         minuslogprior__0                     chi2 chi2__sbt_spt_audit.likelihoods.candl_cobaya.CandlCobayaLikelihood chi2__sbt_spt_audit.likelihoods.desi_dr2_bao.DESIDR2BAOGaussian chi2__planck_2018_lowl.TT chi2__planck_2018_lowl.EE_sroll2 chi2__planck_2018_highl_plik.TT_lite_native chi2__planckpr4lensing.PlanckPR4Lensing
                       3       950.62636392760135     0.022153551881523126      0.11650592679556339       68.428620107835897       3.0577074390438725      0.95990205717602128     0.059972855897817257     0.065873285188391625       1.0097978475092193       1.3541765181040986       2.2464335012850971   2.1278718441450322e-09     0.065873285188391625       497.30433649645931       5.7934714303969193       5.7934714303969193       1889.6657849944088                                                 1382.0468636591236                                              10.314584838825789        24.078006353902481                 390.515747375503                          71.649033400731398                      11.061549366322449
                       2       950.60951283175632      0.02215782165364668      0.11644699007220143       68.408611086770549       3.0575285019919813      0.96117082036057688     0.060867911126520895     0.070311888791201121       1.0086323763495546       1.3549927236941472       2.2757094008985788   2.1274911230940055e-09     0.070311888791201121       496.57268470660472       5.7934714303969193       5.7934714303969193       1889.6320828027187                                                 1382.7289604405289                                              10.330437655585081        23.840180324746314               390.69189177124076                          70.922338134889003                      11.118274475728626
                       3       950.38106858823005     0.022127310778197257      0.11590900076825147       68.748211077753609       3.0463807786396804      0.97037711957147665        0.059719009404222     0.053634475974378024       1.0036389238393335       1.2700334391573267       2.4849909378188273   2.1039061442738716e-09     0.053634475974378024       494.77484225083634       5.7934714303969193       5.7934714303969193       1889.1751943156662                                                  1383.359795216049                                              11.040556848780913        22.083246922246872                 390.387658555695                          70.352504844050088                      11.951431928844372
                       1       949.90548489312937     0.022127310778197257      0.11590900076825147       68.748211077753609       3.0463807786396804      0.97037711957147665        0.059719009404222     0.053634475974378024       1.0010748187166236       1.2700334391573267       2.4849909378188273   2.1039061442738716e-09     0.053634475974378024       493.82367486063504       5.7934714303969193       5.7934714303969193       1888.2240269254648                                                  1383.359795216049                                              11.040556848780913        22.408448335282912               390.40988032706491                          70.749638311997899                      10.255707886289327
                       9       949.97834294144036     0.022127310778197257      0.11590900076825147       68.748211077753609       3.0463807786396804      0.97037711957147665        0.059719009404222     0.053634475974378024       1.0010841218523781        1.306390277283676       2.3401040224613241   2.1039061442738716e-09     0.053634475974378024       493.81031605400392       5.7934714303969193       5.7934714303969193       1888.3697430220868                                                 1383.5188701193019                                              11.040556848780913         22.40723272888971               390.40988032706491                          70.732252564496278                      10.260950433553036
                       1       949.82100152364239     0.022133714666201568      0.11591711303675956        68.88761689439076       3.0465880074232956       0.9688040620687034     0.058936923106638991     0.049591857982681661       1.0025574483944728       1.2972467719179963       2.4282839146915718   2.1043421793629402e-09     0.049591857982681661       492.93189247302809       5.7934714303969193       5.7934714303969193       1888.0550601864909                                                 1383.2762359925016                                              11.846931720961351        22.634611119238002               390.26931178695884                           69.20325958916348                      10.824709977667711
                       1       949.35068298212695     0.022092271793378665      0.11597591019361318       68.862737950588709       3.0464012127761988      0.96878718450596024     0.058368095288741095     0.046184572745801948       1.0031967048852772       1.3010662840049203       2.4353927006209775   2.1039491362184957e-09     0.046184572745801948       492.87131322519969       5.7934714303969193       5.7934714303969193         1887.11442310346                                                 1382.4346707936847                                              11.808439084575404        22.582294019447204               390.18990673145424                          69.348910753399451                      10.750201720898792
                       6       950.96893572938791     0.022049066415096106      0.11592375895892382       68.918948872913077       3.0509881497907601      0.97147039585450068     0.061057333745975946     0.041725464351387159       1.0031636903065961       1.3009751737617543       2.2849244401730857    2.113621985804355e-09     0.041725464351387159       493.99154301600885       5.7934714303969193       5.7934714303969193       1890.3509285979819                                                 1383.8886799448487                                              12.470705637124523        22.126661430432989               390.69902266308372                          70.870038711125929                      10.295820211366209
                       2       949.38071529857632     0.021945016914933578      0.11672859896550125       68.339139010513293       3.0552265957382825      0.96785439224377789     0.059032509236368449     0.053533757716391114       1.0067253096226856       1.3787245790638272       1.9140351072344441   2.1225994701962445e-09     0.053533757716391114       492.76274517603923       5.7934714303969193       5.7934714303969193       1887.1744877363587                                                 1384.1155641985281                                              10.296178361791423        22.641853277309451               390.36275426407667                          70.621210574666975                      9.1369270599861352
                       3       949.07655458548777     0.021962437472783675      0.11677377383191856       68.334731292402026       3.0542098984010333      0.96931602099478109     0.059473835818114905     0.052858327699529771       1.0054066897434994       1.3791606682256881       1.9027520600953731   2.1204425256325448e-09     0.052858327699529771       493.11267634187539       5.7934714303969193       5.7934714303969193       1886.5661663101816                                                 1383.1408144339393                                              10.312675534366955        22.418441656661287               390.45617056809033                          71.213713293730734                       9.024350823393025
                       4       949.62991378414927     0.021962437472783675      0.11677377383191856       68.334731292402026       3.0542098984010333      0.96931602099478109     0.059473835818114905     0.052858327699529771       1.0043474837504873       1.3791606682256881       1.9027520600953731   2.1204425256325448e-09     0.052858327699529771       494.21939473919838       5.7934714303969193       5.7934714303969193       1887.6728847075046                                                 1383.1408144339393                                              10.312675534366955        22.558320499359922               390.43796829020033                          72.518076841380065                      8.7050291082580173
                       5       948.91124028035995     0.021970217166891001      0.11672690354636309        68.40683745997066       3.0534368535864442       0.9686520836234418     0.059405170603762943     0.047597140828730469        1.004276517396739       1.3780088754203736       2.0193780536317498    2.118803961956647e-09     0.047597140828730469       493.59249781778567       5.7934714303969193       5.7934714303969193        1886.235537699926                                                 1382.3629823291124                                              10.280057553027875        22.671129024872755               390.42714328401877                          71.718890087114119                      8.7753354217800386
                       1       948.29850136289565     0.021994844102572686       0.1167384390529228       68.700651877418409       3.0560115339872005      0.96479299443171018     0.058515290039337142     0.017738375035526457       1.0075591050699599        1.364947311790506       1.9633854768500296   2.1242662337751987e-09     0.017738375035526457       491.18293185119126       5.7934714303969193       5.7934714303969193       1885.0100598649974                                                 1383.0575953340503                                              10.769532679755851        23.346644555709872               390.22421035080589                          68.956802862172339                      8.6552740825032064
                       3        948.8606551058075     0.021994844102572686       0.1167384390529228       68.700651877418409       3.0560115339872005      0.96479299443171018     0.058515290039337142     0.017738375035526457       1.0076601328901909       1.1838040689579323       2.2094389706292752   2.1242662337751987e-09     0.017738375035526457       491.14562323159646       5.7934714303969193       5.7934714303969193       1886.1343673508211                                                 1384.2192114394686                                              10.769532679755851        23.331461417637627               390.22421035080589                          68.908034732487778                      8.6819167306652005
                       1       951.97292521550185     0.022133242877847514      0.11597220547624769       69.204185761695683       3.0355772571432054      0.96723822985819385     0.051687675363692141     0.015463803657740104       1.0034918089194671       1.0569170504637244       2.8159760643096328   2.0812988878932136e-09     0.015463803657740104       494.81219983521009       5.7934714303969193       5.7934714303969193       1892.3589075702098                                                 1383.1358738831625                                              14.410833851837175        22.866238627218934               390.77820503360306                          70.141223675244646                      11.026532499143483
                       5       951.11667394033009     0.022207382343918301      0.11624246034565644        69.17330372623293       3.0425931767741341      0.96621950518208055     0.053708076099973988     0.022927198659025358       1.0047798342229075       1.0724331076485552       2.4438302229908464   2.0959524576446257e-09     0.022927198659025358       492.25992118481048       5.7934714303969193       5.7934714303969193       1890.6464050198663                                                 1384.9450992678126                                              13.441384567243244         23.15647364500029               390.25957773324029                           68.58536553851836                      10.258504268051546
                       2       952.32273158236296     0.022207382343918301      0.11624246034565644        69.17330372623293       3.0425931767741341      0.96621950518208055     0.053708076099973988     0.022927198659025358       1.0048308553825727      0.97061526700861889       2.6007459941021298   2.0959524576446257e-09     0.022927198659025358       492.19098133739027       5.7934714303969193       5.7934714303969193        1893.058520303932                                                 1387.4261543992986                                              13.441384567243244        23.148995491365724               390.25957773324029                          68.495244730327144                      10.287163382457097
                       6       952.05009723753585     0.022207382343918301      0.11624246034565644        69.17330372623293       3.0425931767741341      0.96621950518208055     0.053708076099973988     0.022927198659025358       1.0055009169358085      0.97061526700861889       2.6007459941021298   2.0959524576446257e-09     0.022927198659025358        491.6457126477361       5.7934714303969193       5.7934714303969193       1892.5132516142778                                                 1387.4261543992986                                              13.441384567243244        23.051677970658602               390.27708604807418                          67.635069258493147                      10.681879370510163
                       1       948.26491864730724     0.022210935270938478      0.11676358578254417       68.974003388571546       3.0515004176188962      0.96564155685943887     0.058679426871394991   0.00086598909895035936       1.0048119944470644       1.0533878499963334       2.3052254485814947   2.1147050037224584e-09   0.00086598909895035936       489.76864171941446       5.7934714303969193       5.7934714303969193       1884.9428944338206                                                 1383.8605627258205                                              11.313689988585553        23.272212489806293               390.22714087789177                          67.452904477608485                      8.8163838741079044
                       1       948.16751089257787     0.022232159747867988      0.11687859040630647       68.903974476245864       3.0534036311417165      0.96284796694188679     0.058227503340959295    0.0024918897141336604       1.0062595986644582       1.0677378094665293       2.2227083509433117   2.1187335712784136e-09    0.0024918897141336604       490.35099329321179       5.7934714303969193       5.7934714303969193       1884.7480789243618                                                 1383.5421336130662                                              10.854952018083983        23.859607877681469               390.12780385638149                          67.701110109294447                        8.66247144985436
