#                 weight             minuslogpost                 omegabh2                 omegach2                       H0                     logA                       ns                      tau               mnu_sample                 A_planck               TT_tSZ_Amp               TT_kSZ_Amp                       As                      mnu                chi2__CMB            minuslogprior         minuslogprior__0                     chi2 chi2__sbt_spt_audit.likelihoods.candl_cobaya.CandlCobayaLikelihood chi2__sbt_spt_audit.likelihoods.desi_dr2_bao.DESIDR2BAOGaussian chi2__planck_2018_lowl.TT chi2__planck_2018_lowl.EE_sroll2 chi2__planck_2018_highl_plik.TT_lite_native chi2__planckpr4lensing.PlanckPR4Lensing
                       1       1517.2771852749327     0.022792316772451172      0.11627356236165586       68.536364420412013       3.0493429519575965      0.98439695908444802     0.061118717409573114     0.099395862506363508       1.0004377329252454       2.3856397279168173       9.7269270551656337   2.1101475183700182e-09     0.099395862506363508       495.08021866250624       5.7934714303969193       5.7934714303969193       3022.9674276890714                                                 2516.5495558773714                                              11.337653149194105        20.483412443336363                390.5931863089744                          74.159461438446854                      9.8441584717486172
                       2       1519.1671567649091     0.022789589276941927      0.11621388997947972       68.538317191135448       3.0490658274379792      0.98432150436582022      0.06107927291778549      0.10042601771544787       1.0011690108013713       2.6633144791593062       9.7022927451695828   2.1095628257727376e-09      0.10042601771544787       496.84219256590887       5.7934714303969193       5.7934714303969193       3026.7473706690243                                                 2518.6139229177479                                              11.291255185366895        20.436356255380588               390.59288233831359                          75.439001064265383                      10.373952907949304
                      10       1519.0951519814603     0.022779532005116645      0.11619826144711917        68.55195902344245       3.0491061197078331      0.98423017717304073     0.060873766612517442     0.098815202190517606       1.0013304355310142        1.946012695253782       9.2717896921400644   2.1096478265598134e-09     0.098815202190517606        496.3656642495834       5.7934714303969193       5.7934714303969193       3026.6033611021267                                                 2519.0509397553951                                              11.186757097148417        20.447403955502352                390.5257094432543                          75.094524854542811                      10.298025996283901
                       5        1518.687507131651     0.022687027620197423      0.11621613695743697         68.6614181301549       3.0402190562271749      0.98454600600581565     0.057577384864458452     0.081220315358555784        1.000421100143535       1.8826377667712664       9.4161976144994721   2.0909823160416278e-09     0.081220315358555784       497.31664863380104       5.7934714303969193       5.7934714303969193       3025.7880714025082                                                 2517.8801425997899                                              10.591280168917345        20.370845317541068                390.3973466151665                          75.601020109931312                      10.947436591162175
                       2       1517.9815404875364     0.022559020016558462      0.11657887798168165       68.671221561833121       3.0535904315647135       0.9795781647097398     0.062880714169613675     0.051937990020330865        1.002367912033777       2.5125947444839509       9.7080269527820686   2.1191293885740145e-09     0.051937990020330865       495.33291343553071       5.7934714303969193       5.7934714303969193        3024.376138114279                                                 2518.5441969268254                                              10.499027751922927         20.89417113830774                391.0034022164964                          74.460219738221781                      8.9751203425047805
                       1       1516.4187998825926     0.022636063013537995      0.11682509889440459       68.581163126654488       3.0549053404973949      0.98047244896920605     0.063973010351858942     0.054046888628321507      0.99840897963897424       2.3397559213807928       9.6379702074678821   2.1219176835117751e-09     0.054046888628321507       493.28174604628015       5.7934714303969193       5.7934714303969193       3021.2506569043912                                                 2516.9223437745918                                              11.046567083519172        21.102601881865496               391.32714554672657                          72.585885058583841                      8.2661135591042001
                       1       1515.9017250126951      0.02254610275500658      0.11716860403573609       68.650325498199663       3.0522396854912253      0.97843698949253211     0.061634743635265429     0.024526126605412896      0.99929425215173306       2.3408484748003024       9.6874577572905487   2.1162689151946923e-09     0.024526126605412896       492.39378369029544       5.7934714303969193       5.7934714303969193       3020.2165071645964                                                 2517.0632065717436                                              10.759516902557531        21.317230675348355               390.73687683622626                          72.007545537997046                      8.3321306407238112
                       2       1517.7629828577951     0.022771300494111912      0.11663229618059638       68.948144224558249       3.0458435327882283      0.97562030820886214     0.057271503861829921     0.011498882276717481       1.0013228406760215       2.9058045831153594       9.9398214570380965   2.1027761330001307e-09     0.011498882276717481       492.94399171141026       5.7934714303969193       5.7934714303969193       3023.9390228547963                                                 2520.3814815418059                                              10.613549601579956        21.632740213736099               390.16502110013727                           72.89016929383439                      8.2560611037025016
                       8       1517.8071240851673     0.022771431674480213      0.11663261521354136       68.948407540953482       3.0458536167119701      0.97561858031380966     0.057275524141915626     0.011478047747333598        1.001167199904853       2.9058521460053877       9.9396220127591164   2.1027973373412132e-09     0.011478047747333598       493.03668773873079       5.7934714303969193       5.7934714303969193       3024.0273053095407                                                 2520.3771306710455                                              10.613486899764025        21.650776111600067               390.16502110013727                          72.978279227726844                      8.2426112992666507
                       5       1515.6097001318431     0.022876061555963684      0.11633199015914883       69.046451867992303        3.039995797475731      0.97818019051255678     0.055518635791306663     0.031240720263846979      0.99903877203523139       2.0209463604363642       9.8939252671754616    2.090515538048532e-09     0.031240720263846979       495.05572121073993       5.7934714303969193       5.7934714303969193       3019.6324574028922                                                 2513.9795916954117                                              10.597144496740471        21.376208336887544               390.31361864302227                          74.876366591286086                      8.4895276395440415
                       1       1515.8033239439274     0.022831874213055024      0.11624775738075754        69.14155700001686        3.042375017940008      0.97971818563829272      0.05685808748299026     0.023114112622104929       1.0010068678201895       2.1023018356670984       9.4999381445040374   2.0954952569730777e-09     0.023114112622104929       493.17552514264543       5.7934714303969193       5.7934714303969193       3020.0197050270608                                                 2516.0810093363848                                              10.763170548030898        21.003089135041876               390.30700057488963                          73.021316464400314                      8.8441189683135626
                       1       1519.4819272893533     0.022807941589482694      0.11677067709616525       68.950962259785655       3.0435676354005023      0.97970620304588252     0.058261602855235427      0.03994857921590457      0.99986818346331618       1.4567652347631588        9.390423575631976   2.0979958720471339e-09      0.03994857921590457       492.80996370281468       5.7934714303969193       5.7934714303969193       3027.3769117179127                                                 2524.1054706714758                                              10.461477343621608        21.017897118295707               390.28583570321439                          72.618982887296028                      8.8872479940086109
                       2       1518.3762853462185     0.022822995912543987      0.11686298259674242       69.156310561985379       3.0436756232456452      0.97535088847455487     0.055461000887091716     0.026571152333614179       1.0026600266010897       2.6430247968127882       9.7106391536660297   2.0982224423336733e-09     0.026571152333614179       492.16165074578856       5.7934714303969193       5.7934714303969193       3025.1656278316432                                                 2522.4032920641293                                              10.600685021725155        21.601127400023984                390.2545102441029                          71.400247726596675                      8.9057653750649948
                       1       1518.2346070666251     0.022773857871034978      0.11641926080691946       68.901472647420761       3.0512520668073804        0.976194939881742     0.058019345046372191     0.070991748018697703       1.0026478769003659       2.3350207989238427       9.7115171127783935   2.1141798802287896e-09     0.070991748018697703        491.6053097049363       5.7934714303969193       5.7934714303969193       3024.8822712724564                                                 2522.8979241897641                                              10.379037377755704        21.652284217527324               390.13381480632319                          70.980863897086977                      8.8383467839988246
                       3       1517.5213042833516     0.022721210983165423      0.11640586585760082       68.896586234879891       3.0506996937807496      0.97556440277756828       0.0575903221350548     0.065092969340774895       1.0030302706495589         2.01507576970568       9.8313565993313734   2.1130123867651394e-09     0.065092969340774895       491.27143658646014       5.7934714303969193       5.7934714303969193       3023.4556657059093                                                 2521.8015029794838                                              10.382726139965404        21.710612604646542               390.19518481216721                          70.554459297525199                      8.8111798721212029
                       1       1517.9141493411935      0.02266727054982667      0.11655627902751313       68.691750449882974       3.0647720709743567      0.97592201333738937     0.065161973178052404     0.033569224775790732       1.0031747331961991       1.9334958116384726       9.8117199845576799   2.1429577007881136e-09     0.033569224775790732       493.94051087770686       5.7934714303969193       5.7934714303969193       3024.2413558215931                                                 2519.4481629932388                                              10.852681950647341        21.736778157485674               391.79526380506536                          72.082404238723981                      8.3260646764318036
                       6       1517.6097073328908     0.022599605764742028      0.11676452229209731       68.520460269623726       3.0651858505414733      0.97783804404379004     0.066202556754497252     0.040300451057779386       1.0021400217599952       1.9105419761856879       9.9247416496782659    2.143844596374877e-09     0.040300451057779386        494.1984206436004       5.7934714303969193       5.7934714303969193       3023.6324718049877                                                 2518.0479248722459                                              11.386126289141492        21.441197632923888               392.16949762343381                          72.156808706783011                      8.4309166804597009
                       1       1516.5882244380448     0.022675346312345031      0.11664785513745286       68.671411070976518       3.0564545524155227      0.98355713519720145     0.063774733584127816     0.044140347197542756      0.99963792535901375       2.1960710985660201        9.722708942063834   2.1252075313541152e-09     0.044140347197542756       494.80369158878273       5.7934714303969193       5.7934714303969193       3021.5895060152957                                                 2515.9306906483084                                               10.85512377820462        20.724326375941644               391.22768060346004                          74.570543273352982                      8.2811413360280692
                       3       1516.7532497677175     0.022671989755253825      0.11665954662242273       68.641219230373011       3.0564013736183595      0.98367933802837937     0.063723118494345046     0.046240253124496866       1.0008053416175267       2.1884895648940894       9.7267286228201488   2.1250945183788497e-09     0.046240253124496866       495.04042397972887       5.7934714303969193       5.7934714303969193       3021.9195566746412                                                 2515.9259244540749                                              10.953208240837112         20.61811079959142               391.22669399515411                           74.92338233200131                      8.2722368529820347
                       5       1516.8069738737709     0.022661210072105715      0.11668945166808954       68.647720245830342       3.0561034514892409      0.98339954474936053      0.06338777847613554     0.043249417733691162      0.99989790255669453        2.263726379116084       9.6732274297925507   2.1244614999951304e-09     0.043249417733691162       494.67787629104839       5.7934714303969193       5.7934714303969193       3022.0270048867478                                                 2516.4283417262409                                              10.920786869458889        20.725502789825839                391.0932729415033                          74.574332641776081                      8.2847679179431442
                       3         1516.44948057076     0.022670948061198286      0.11664477014722777       68.662431718755101       3.0491358158272783      0.98347340244226489     0.061260298649235712      0.05000093170546055      0.99757081283545379       1.9504963864364708       9.5482821498389718   2.1097104758438738e-09      0.05000093170546055       495.08238983163955       5.7934714303969193       5.7934714303969193       3021.3120182807261                                                  2515.408139892786                                              10.821488556300121        20.764597294860664               390.61663051408289                          75.424135192193106                      8.2770268305029067
                       1       1517.2344168431346     0.022767039536716261      0.11617908064548794        68.73122414385999       3.0521723057893806      0.98475960639428917     0.064641248800645409     0.065237004765772905      0.99867342798558467       1.8852298120655933       9.5417716821212135   2.1161263264300111e-09     0.065237004765772905       496.00488470558156       5.7934714303969193       5.7934714303969193       3022.8818908254752                                                 2516.1784882509555                                              10.698517868938213        20.497563438967745               391.36479286113445                          75.288772854927871                      8.8537555505515275
                       3       1518.0622076254351     0.022784473365361463      0.11488105240081914       68.827832028005673       3.0445980739359562      0.98168790858504928     0.060389341077777596      0.11355861754044316       1.0007624526568681       1.8315567955597301        9.836618576916095   2.1001588420533494e-09      0.11355861754044316       496.96145747288887       5.7934714303969193       5.7934714303969193       3024.5374723900763                                                 2517.0675094719645                                              10.508505445223106        20.692501925518854                390.4386991963479                          72.107569992927324                      13.722686358094789
                       3       1520.6345202416321     0.022783830243820507      0.11458055341103844       68.731154829346977       3.0497840788569359      0.98430024962830553     0.062319121137284633      0.13369546636861962       1.0016243313416517       2.6427230712621363       9.4166247039747208    2.111078566542044e-09      0.13369546636861962       497.92183196253342       5.7934714303969193       5.7934714303969193       3029.6820976224703                                                 2521.2997712011957                                               10.46049445874152        20.445968132850169               390.73408557402911                          72.708821178289355                      14.032957077364768
                       4       1518.8588080355539     0.022676615039397583      0.11508470330979652        69.05806920744908       3.0428432398823118      0.98496171979764235     0.060632841083471223     0.084080160463676917      0.99773437318745617       1.9218001381095311       9.4778763619665387   2.0964766435678257e-09     0.084080160463676917       495.09520077767615       5.7934714303969193       5.7934714303969193       3026.1306732103139                                                 2519.7086558130641                                               11.32681661957394        20.515353007992132               390.48736714972773                          72.989972125274548                      11.102508494681727
                       5       1518.8799424075232     0.022629522355538834      0.11509860020179996       69.051017290438352       3.0417323200490602      0.98619782338962103      0.06050426958225838       0.0713155221317395      0.99669176579439001       1.9132128352581284       9.4790814579717058   2.0941489192814712e-09       0.0713155221317395        496.8346132830838       5.7934714303969193       5.7934714303969193       3026.1729419542526                                                 2517.9551936504458                                              11.383135020722792        20.437578927053437                390.5100919915082                          75.750731899927771                      10.136210464594393
                       1       1517.9722001702221     0.022646229280175109      0.11500444209368166         69.1537169645744       3.0428015533519552      0.98564705464600411     0.060800861682519199     0.065034555331266924      0.99730565995219522       1.9024547377062337       9.6826815332923513   2.0963892505521503e-09     0.065034555331266924       495.86935551298058       5.7934714303969193       5.7934714303969193       3024.3574574796503                                                 2516.5132498779585                                              11.974852088710895        20.479492286579955               390.50660823385795                          74.718875325183362                      10.164379667359325
                       1        1518.655368240534      0.02274582033139164       0.1146700252046399       69.205397148746783       3.0394875410542368      0.98573057961212496     0.060244226047363854     0.083998801465058989      0.99724120125768978       1.8796919300226147       9.7190277645513774   2.0894532900721298e-09     0.083998801465058989       496.23104372895511       5.7934714303969193       5.7934714303969193       3025.7237936202741                                                 2517.2672468938613                                              12.225502997458134        20.419447884997396               390.45281784621528                          72.910854470866155                      12.447923526876266
                       1       1519.6712977780114     0.022762334008366473      0.11458038488107664       69.286462709486813       3.0376103559697287      0.98773002287208733      0.05991454859814644     0.083238966867724376      0.99729833502031251       1.8578468698253952       9.6712760853198549   2.0855346786513934e-09     0.083238966867724376       497.59381334571475       5.7934714303969193       5.7934714303969193       3027.7556526952289                                                 2517.3080698673075                                              12.853769482206856        20.227030209205111               390.44743210046357                          73.521129166048993                      13.398221869997089
                       4       1521.3981212372794     0.023043736439300792      0.11563763271745545       69.289185167170046       3.0291240717290382      0.98571975724763139     0.053933879951308245     0.066379897309234853       0.9967313809699323       2.0779154145398828       8.8394019828375576   2.0679111235895339e-09     0.066379897309234853        497.6328449260568       5.7934714303969193       5.7934714303969193       3031.2092996137649                                                 2522.4662308959223                                              11.110223791785716        20.436097629236144               391.02626511398068                          74.579153877496367                       11.59132830534363
                       5       1520.3285632866205     0.023006677260571588      0.11572092010549896       69.220207988415169        3.036985814953626      0.98544316213597205     0.056720972251025917       0.0627232880924187      0.99691886421517772       2.0018320080473155       8.7085342774825723   2.0842325833523553e-09       0.0627232880924187       495.75840426798874       5.7934714303969193       5.7934714303969193        3029.070183712447                                                 2522.4084498103289                                              10.903329634129047        20.546565244902411               390.40391881080944                          75.045107204083507                      9.7628130081933975
                       4       1520.2557292863901     0.023004420600469627      0.11579212542569552       69.167504990767938       3.0376541089615223      0.98608696840096988     0.057306930955265782      0.06432330677811357      0.99847851943714461       2.0880520455878333        8.764167529659824    2.085625929029298e-09      0.06432330677811357        497.0270107778843       5.7934714303969193       5.7934714303969193       3028.9245157119863                                                 2521.1533792152882                                              10.744125718813956        20.369752589805557               390.38900221205961                          75.640248912636977                      10.628007063382134
                       1       1518.8686531956841     0.022790453774480544       0.1148893746849072       69.169030578301815       3.0468670948729195      0.98897588259155111     0.062291551525092428     0.075341378404136794      0.99902187198352621       1.7779200635691401       9.4628903464879972   2.1049295568159397e-09     0.075341378404136794       496.80636550319258       5.7934714303969193       5.7934714303969193       3026.1503635305744                                                 2517.7141728888778                                              11.629825138504085        20.175165549629583               390.72840589763842                          75.252193011627782                      10.650601044296833
                       1       1520.1637659072189     0.022787875150388891      0.11491693731825134       69.158450192679908       3.0477518800922079      0.98838909443103418     0.062373400642521483      0.07301762263962247        0.999451205562365       1.3985627188698067       9.5759809476236288   2.1067927915351717e-09      0.07301762263962247       496.49373028924515       5.7934714303969193       5.7934714303969193        3028.740588953644                                                 2520.6921565629109                                              11.554702101487836        20.210710177695944               390.74698283629903                          75.067499877557879                       10.46853739769235
                       2       1518.8459102551558     0.022910179268211494      0.11484550640463492       69.105019447113904       3.0498694977107834      0.98721753701211412     0.063431323058878497     0.092455382497533045      0.99741963442389081       1.7446745997742976       9.6418261589353946   2.1112589001554161e-09     0.092455382497533045       497.33658505183053       5.7934714303969193       5.7934714303969193       3026.1048776495177                                                 2517.7154946925521                                              11.052797905135394        20.444300263537627               390.95625432140122                          76.058482973445194                      9.8775474934464871
                       1        1518.476337003372     0.022888758919312479      0.11461452915439622       69.214195270162492       3.0476332209804462       0.9858118668760768     0.063477367017369793     0.085904446646420829      0.99690656273443157       2.3925107461129365       9.7710493864057479   2.1065428162050808e-09     0.085904446646420829       497.21464943565661       5.7934714303969193       5.7934714303969193       3025.3657311459501                                                 2516.4028028819703                                              11.748278828323404        20.550296790511879               390.93997681288818                          75.246032029775606                      10.478343802480962
                       5       1518.6781807619639     0.022894538939372953       0.1145642967471945       69.236590093183594       3.0469701775854907      0.98552280506367407     0.062917815639029873     0.085111997344368889      0.99899267036781869       2.5574830376011248       9.9049542580752608    2.105146549848351e-09     0.085111997344368889       496.83457590119076       5.7934714303969193       5.7934714303969193       3025.7694186631338                                                 2517.0431531179111                                              11.891689644032429        20.444763291410595               390.78316055116932                          73.761283043101912                      11.845369015508957
                       4       1519.3541525151652     0.022885220371064673      0.11468765753464032       69.122201693187293       3.0491418290167411      0.98553389979151917     0.063241382282945874     0.098863840773799283      0.99939015855841618       2.6128014057638231        9.535609552183157   2.1097231619708191e-09     0.098863840773799283       496.30750527376506       5.7934714303969193       5.7934714303969193       3027.1213621695365                                                 2519.5486516512105                                              11.265205244560686        20.455717064284272               390.91872314146076                          73.099425724881982                      11.833639343138033
                       2       1520.3679473790735      0.02287147075720208      0.11481863575459447       68.955531478987425       3.0465306004555948      0.98700287608435566     0.063425474861549105      0.10965146551361334      0.99772184748772108       1.2178651460122025       9.9815562732501171   2.1042213789268448e-09      0.10965146551361334       497.27197397360459       5.7934714303969193       5.7934714303969193       3029.1489518973531                                                 2521.2011272619925                                              10.675850661756002        20.322624585544133               390.98465953123929                          73.752941130103835                      12.211748726717291
                       1       1515.8505661414913     0.022733186857552802      0.11565958099325968       69.012051064482392       3.0429011091163218      0.98650057387559131     0.062118806964623033     0.042313540533536378       0.9960376885433857       2.1822985471357312       9.7351916680489268   2.0965979685757677e-09     0.042313540533536378       495.80689630041621       5.7934714303969193       5.7934714303969193       3020.1141894221887                                                 2513.5568803733927                                              10.750412748379873        20.386229178918768               390.75563075203155                           75.68663324208795                      8.9784031273779039
                      10       1515.0064323493129     0.022704102049925859      0.11611923970823781       68.965415636591231       3.0450888687568947      0.98227749320890234     0.060331573115803339     0.028631221652222823      0.99753801588061275       2.2567505603978679        9.747571981015982   2.1011898421202285e-09     0.028631221652222823       494.01634180958399       5.7934714303969193       5.7934714303969193        3018.425921837832                                                 2513.8199646475305                                               10.58961538071742        20.859526216751419               390.43865572466518                          74.383245897945542                      8.3349139702218409
                       7       1514.9251879433232       0.0226998483359157      0.11614222894046619       68.960805199224197       3.0450190713257905      0.98216340944861269     0.060213165215300964     0.028126023818058458      0.99946242813039499       2.1478079060913728       9.6969911637058583   2.1010431895850312e-09     0.028126023818058458       493.68652114182891       5.7934714303969193       5.7934714303969193       3018.2634330258525                                                 2513.9951643081836                                              10.581747575839612        20.716298150493685               390.45222758801162                          73.802503742196535                      8.7154916611270554
                       3       1514.5841240361674     0.022725745102656614       0.1162684799745797       68.953283202597973       3.0445721620581967      0.98307540820399597     0.060105726129240214     0.028624573882100397      0.99904324721482973       2.0889411182830662       9.7906603268057424   2.1001044236992026e-09     0.028624573882100397       494.02691318789158       5.7934714303969193       5.7934714303969193       3017.5813052115409                                                  2513.005849982485                                              10.548542041163916        20.633313987640918               390.47142607994306                          74.276855132415093                        8.64531798789249
                       1       1514.8910411961831     0.022690989101354749      0.11586896024746693       69.111094682977338       3.0469513250532425      0.98281738002418528      0.06103723178750993     0.024020467352623122      0.99865346085374396       2.0784995313875747       9.8133944486888822   2.1051068628792338e-09     0.024020467352623122       493.36003660398984       5.7934714303969193       5.7934714303969193       3018.1951395315723                                                 2513.8068095580452                                              11.028293369537272        20.763559598119457               390.55710664316814                          73.588276868711944                      8.4510934939902906
                       3       1514.9195580441315     0.022706354906964068      0.11583010814975479       69.111633641096319       3.0467261836050632      0.98288957186836923     0.060830434874491454     0.027875899167204028      0.99872430423760694       2.0667260826766811       9.8118852721424528   2.1046329694200846e-09     0.027875899167204028       493.39386547355087       5.7934714303969193       5.7934714303969193        3018.252173227469                                                 2513.8393102908544                                              11.018997463063803        20.757833549669556               390.55583506976353                          73.571253600314478                      8.5089432538032685
                       4       1516.2494933926819     0.022671988503283065      0.11589297317860024         69.0866884659291       3.0459376457073879      0.98242033606866253     0.059959046007521992     0.023713974935318634      0.99758204147803309       2.0206115805954372       9.8867611766392436   2.1029740407130368e-09     0.023713974935318634        496.3656463181681       5.7934714303969193       5.7934714303969193       3020.9120439245698                                                 2513.5794895077365                                              10.966908098665103        20.923130504323524               390.40706333850085                          76.786338444621848                      8.2491140307219126
                       8       1516.1393165084735     0.022607267585378052      0.11632279099664926       68.929740598743223       3.0469448305382811      0.98313224407117727       0.0609090296429887     0.024731350846312616       1.0002029983496246       2.1807059504884099       9.5556430555989653   2.1050931912756128e-09     0.024731350846312616       494.90210145703725       5.7934714303969193       5.7934714303969193       3020.6916901561531                                                 2515.2569090839684                                              10.532679615147496        20.568905147766202               390.61286859789197                          75.025178539789636                      8.6951491715894491
                       2       1518.7912877329654     0.022644104937605155      0.11569846892475864       68.865793795398417       3.0486995549387701      0.98014932006451871     0.060986866053015211     0.053775385065789424       1.0036801022078017       2.1205983235877222       9.7193828207336264   2.1087902924118022e-09     0.053775385065789424       499.51044351501241       5.7934714303969193       5.7934714303969193        3025.995632605137                                                 2515.9476120457402                                               10.53757704438442        20.717190595714385                390.5535593244681                          77.636112438809448                      10.603581156020489
                       4       1519.3551825665215     0.022677497954067954      0.11548533839746059       68.953183482874806       3.0513053709889437      0.98107795573775847     0.062331488558666492     0.065993344608382076        1.003669101611125        2.483085152588512       9.8039672221061984   2.1142925778605838e-09     0.065993344608382076       499.19762854444997       5.7934714303969193       5.7934714303969193       3027.1234222722492                                                 2517.2163480536346                                              10.709445674164909        20.657525003693479               390.80649463733556                          76.616297932749347                      11.117310970671548
                       1       1517.1918880992514      0.02266899757916575      0.11548566826048133       68.953381008987918       3.0517731011081639      0.98087658165141722     0.062498294796710784     0.064548819933536755       1.0024513366478525       2.4869218580223746       9.8086827406442669   2.1152817274895968e-09     0.064548819933536755       494.74822259371859       5.7934714303969193       5.7934714303969193       3022.7968333377089                                                 2517.3268624187267                                              10.721748325264056        20.785538609662126               390.83838925339319                          72.918206009026932                      10.206088721636366
                       1       1517.7925968917609      0.02267716586134251      0.11547400823482597       69.009472087148836        3.050543204586206      0.98062983778626345     0.062359015003371342     0.060218047978752916      0.99908072949721261       2.4963691865381317       9.4381149736431098   2.1126817490299656e-09     0.060218047978752916         493.775408163897       5.7934714303969193       5.7934714303969193       3023.9982509227279                                                    2519.3400190589                                              10.882823699931073        21.075432900938779               390.80880634206051                          72.936351540754046                      8.9548173801436253
                       2       1517.2062416235981      0.02267730118294467      0.11540959963691406       69.012223168561377       3.0513424893273675      0.98130059057086338     0.063088988402067628     0.062613481674482538      0.99983553298230321       2.5183961258487955       9.5342862208706176   2.1143710583445392e-09     0.062613481674482538       493.06146616670594       5.7934714303969193       5.7934714303969193       3022.8255403864023                                                 2518.8438296134282                                              10.920244606268287        20.911077828002306               391.01409981593292                          71.763045776952723                       9.373242745817981
                       3       1516.6124039130159     0.022664727399265509      0.11493769367441992       69.149161660381495       3.0466457298277945       0.9827458623528651     0.061339208238249551     0.055067298569116685      0.99923902701323497       1.8410158019646807       9.9779171895286112   2.1044636505591926e-09     0.055067298569116685       494.70260242379339       5.7934714303969193       5.7934714303969193       3021.6378649652379                                                 2515.0806446520605                                              11.854617889384143        20.746121308839008               390.58177660254421                          73.682070010906969                      9.6926345015032354
                       3       1517.2445888250788     0.022605694072848702      0.11575233026800857       69.276779583674099       3.0539000417074211      0.97997122480330545     0.062364501857409951     0.019934075943972694       1.0006663574451957       2.1251989206690749       9.7403264966417975   2.1197855941051292e-09     0.019934075943972694       492.32162835888812       5.7934714303969193       5.7934714303969193       3022.9022347893638                                                 2518.2763214481461                                               12.30428498232938        21.175584380148848               390.78689088358391                          72.042379669566728                      8.3167734255886181
                       9       1517.5381932717637     0.022630849705309757      0.11575880742232116       69.310027836261952       3.0540685534097074      0.98024377129508455     0.062805334767275622     0.015971694304301398      0.99989773301513429       2.1250205634698052       9.7198674556118014   2.1201428328826856e-09     0.015971694304301398       493.22502242542151       5.7934714303969193       5.7934714303969193       3023.4894436827335                                                  2517.856395451247                                              12.408025806065186        21.192215089774322                390.9238359502184                          72.864050610253472                      8.2449207751753324
                       5       1517.0426809279711     0.022695835214155559      0.11689447017048059       69.005109277750662       3.0479262835231085       0.9838124638348652      0.05972619367262598     0.024833248481364777      0.99811008698261061       2.1231356828756449       9.5322445675376919   2.1071602554687661e-09     0.024833248481364777       494.26360292672149       5.7934714303969193       5.7934714303969193       3022.4984189951483                                                 2517.7834173334645                                              10.451398734962504         20.75316206840904               390.35057090339046                          74.841147887931854                       8.318722066990146
                       6       1516.8705551131195     0.022697061477853359      0.11652088080473597       69.115129762635974        3.043034735657018      0.98138505546887989     0.056844207321758107     0.033993515616659725      0.99934042907829401       1.7472954792226656       9.8276033408865793   2.0968781484288545e-09     0.033993515616659725       492.19726880423815       5.7934714303969193       5.7934714303969193       3022.1541673654451                                                 2519.1681266535657                                              10.788771907641495        20.949881076960651               390.30859567743784                          72.376387561079525                      8.5624044887601283
                       1        1516.876234579988      0.02266445330471278      0.11626479038211182       69.181068814487858       3.0431911625661581      0.98413095052838595       0.0579585513681114     0.029435246529300834      0.99939771299249514       1.6987983656072725       9.8034331382634612   2.0972061822524463e-09     0.029435246529300834       492.82502297374947       5.7934714303969193       5.7934714303969193       3022.1655262991821                                                 2518.1005311227796                                              11.239972202653121        20.590070270926731               390.31779246432325                          73.153246422379965                      8.7639138161195067
                      20       1517.3200453675017     0.022716591355679501      0.11580552839553374       69.439813437580398       3.0391899605427146      0.98415038289387524     0.056341812971329321     0.030825534010514848      0.99944638715654932       1.9214224836122566       9.9790735979168712   2.0888316019989839e-09     0.030825534010514848       492.73019299125275       5.7934714303969193       5.7934714303969193       3023.0531478742096                                                 2517.1650837801776                                               13.15787110277884        20.582855552030935               390.43451314873744                          72.128061925549005                      9.5847623649353881
                      17       1518.8204248818804     0.022629150000585383      0.11618105601073751        69.41544348219054       3.0399404773494774        0.984157755828582     0.056939951553202424     0.020589402018732474      0.99850241606927959       2.0454018908437601       9.9274823195270248   2.0903998936637925e-09     0.020589402018732474       493.18915379201025       5.7934714303969193       5.7934714303969193       3026.0539069029669                                                 2519.7761286713203                                              13.088624439636284        20.612767763110639               390.37932035573374                          73.156644788301051                      9.0404208848648153
                       6       1521.6421163158916     0.022616145955821433      0.11602662482558408       69.433454165378663       3.0394842366408246      0.98441563395091924     0.055910109257820882       0.0269673906055692      0.99778320012222954       2.0131399091724442       9.9358994511387415   2.0894463856660615e-09       0.0269673906055692       497.16440381095902       5.7934714303969193       5.7934714303969193       3031.6972897709893                                                 2521.0017132643743                                              13.531172695655913        20.697556899355618               390.43755124577092                              77.27789259939                      8.7514030664424887
                       4       1520.5681394522899     0.022645982652888523      0.11481824517450936       69.702507443934721       3.0352524777913419      0.99049653346590927     0.056618367473607455    0.0038524395744161388      0.99845823346750451       1.8155733906238023       9.9774715289635711   2.0806230347468837e-09    0.0038524395744161388       498.60526215929332       5.7934714303969193       5.7934714303969193       3029.5493360437858                                                 2513.4854910301692                                               17.45858285432293        20.068237460777539               390.64221311864333                          77.881293060355375                      10.013518519517055
                       4       1520.5484996970088     0.022646746577811943      0.11482046158827429       69.702067831448161       3.0353128605503641      0.99047079228081214     0.056631787430241345    0.0038428665298609055       0.9984713801493259       1.8154793687249071       9.9770923296393832   2.0807486722993395e-09    0.0038428665298609055       498.57016357977176       5.7934714303969193       5.7934714303969193       3029.5100565332236                                                 2513.4978445083957                                              17.442048445056098        20.069748924553892               390.64530609204525                          77.849308478418649                      10.005800084753934
                       6       1519.9201189928535     0.022554827225350581      0.11508832164301802       69.477346780061595        3.039561068784066      0.99058525621558835     0.058566869531429061     0.012205934297292598      0.99883616701851596       1.8133193396285812       9.9877303551759429   2.0896069284774053e-09     0.012205934297292598       499.53033793226638       5.7934714303969193       5.7934714303969193       3028.2532951249132                                                 2513.6799506273933                                              15.043006565253519        20.046983953221741               390.49073801115065                          79.470566654538615                      9.5220493133553639
                       1       1519.0882728396409     0.022743461640485275      0.11585119868229633       69.165253678268058       3.0361695898675696      0.99285766857959512     0.057798294523582538     0.052548742968482581      0.99698736232934237       1.7787340504730327       9.8420836376154686   2.0825320745260384e-09     0.052548742968482581       501.19195002488806       5.7934714303969193       5.7934714303969193       3026.5896028184879                                                 2514.2011585734017                                              11.196494220198698        19.973040860520086               390.54535556081055                          80.554850674958857                      10.118702928598561
                       1       1518.4857241348902     0.022741023786849821      0.11578725880112764       69.126456985564545       3.0372739884999032      0.99330552871748901     0.058628965806883974     0.057597520043249181      0.99574684074809872       2.0129984247101111       9.7868097827302805   2.0848332905969776e-09     0.057597520043249181       500.76875464017047       5.7934714303969193       5.7934714303969193       3025.3845054089866                                                 2513.5487542220731                                              11.066996546743205        19.990884557427933               390.49319650190404                          80.654325085772342                      9.6303484950661105
                       2       1518.2277652533278     0.022743701258238928      0.11578748768646542       69.129712624117488       3.0371977573954081      0.99327446211973103     0.058582679174125837     0.057000489602734176      0.99576977154021096       1.9595507924420179       9.8800987097583786   2.0846743675100658e-09     0.057000489602734176       500.71063372811341       5.7934714303969193       5.7934714303969193       3024.8685876458617                                                 2513.0853013345231                                              11.072652583225089         19.99146082259125               390.49633088606834                          80.595813910812481                      9.6270281086413743
                       5       1517.9559585466875     0.022826161244409462      0.11582124104577877       69.010737018748117       3.0308727221743657      0.99296067230468632     0.057270998907038448     0.076033427575053353      0.99428244626979523       1.9839506009874184         9.94858092349671   2.0715303407473131e-09     0.076033427575053353        501.0843938094028       5.7934714303969193       5.7934714303969193       3024.3249742325811                                                 2512.6747867455888                                              10.565793677589213        19.991978583052742               390.60429569258974                          79.448093605930438                      11.040025927829856
                      10       1522.0018809301973     0.023145024822772461      0.11526984286988083        68.88990180730373       3.0282548342128313         0.99524132703099     0.056518531491991326       0.1395444091702514      0.99331656241961575       1.7622933309446704        9.920275801738244   2.0661143986642135e-09       0.1395444091702514       504.25983723313243       5.7934714303969193       5.7934714303969193       3032.4168189996008                                                 2517.5811511132479                                              10.575830653220711        19.967457534726407               390.74956253821404                          79.065381861384338                      14.477435298807684
                       3       1520.2393421358786      0.02315749863898273      0.11533464245649042       69.034847541086862       3.0275167308172204      0.99038908319296037      0.05507453014270712      0.12019861849521214      0.99368277572778951       1.8809923165036901        9.992182674748074    2.064589955278468e-09      0.12019861849521214       501.44747240926728       5.7934714303969193       5.7934714303969193       3028.8917414109633                                                 2516.9098094020806                                               10.53445959961474        20.176618244334577               390.86470662683712                           77.08029356335777                      13.325853974737816
                       2        1519.435725951254     0.022940896106164271      0.11631573338048001       68.681488556406379       3.0434315657441515      0.98760723586293353     0.062417116171710238      0.11832827826458686      0.99465772796977991       2.0159609919540946       9.9502687060227792   2.0977104178910641e-09      0.11832827826458686       496.34897393580252       5.7934714303969193       5.7934714303969193        3027.284509041714                                                 2519.9899002068601                                              10.945634899051534        20.345101745336763               390.76844792415869                          74.544329731281394                      10.691094535025693
