#                 weight             minuslogpost                 omegabh2                 omegach2                       H0                     logA                       ns                      tau               mnu_sample                 A_planck               TT_tSZ_Amp               TT_kSZ_Amp                       As                      mnu                chi2__CMB            minuslogprior         minuslogprior__0                     chi2 chi2__sbt_spt_audit.likelihoods.candl_cobaya.CandlCobayaLikelihood chi2__sbt_spt_audit.likelihoods.desi_dr2_bao.DESIDR2BAOGaussian chi2__planck_2018_lowl.TT chi2__planck_2018_lowl.EE_sroll2 chi2__planck_2018_highl_plik.TT_lite_native chi2__planckpr4lensing.PlanckPR4Lensing
                       2        946.7299122481495     0.022125128166003517       0.1172206327828717       68.556696516654583       3.0502651556789266      0.95913227787764965     0.053776380269736093     0.022719932779286453       1.0091474536321723       1.4767078361331243       1.9637189493338529   2.1120944018376252e-09     0.022719932779286453       491.50851948639297       5.7934714303969193       5.7934714303969193       1881.8728816355051                                                 1380.0784895422337                                              10.285872606878453        24.471860824476607               390.01502305413936                          68.133540344740183                      8.8880952630367904
                       4       946.88819765837229     0.022151529989305051      0.11718083174058024       68.546929339488173        3.053865318338524      0.95845151707500831     0.055513087557272953     0.022430094540524522       1.0093371271278013       1.4552124289757014       1.9644109585929284   2.1197119892858729e-09     0.022430094540524522       491.90043076462115       5.7934714303969193       5.7934714303969193       1882.1894524559507                                                 1379.9841682677704                                              10.304853423558974        24.705743972830987               389.88760768786437                          68.638206341232618                      8.6688727626931676
                       2       947.39987127349411     0.022143551851436332      0.11681775784417114       68.705619079400975       3.0599770281506848      0.96440585779641308     0.061478899641749497     0.025295858636029598       1.0063234406624679        1.486008387412735       1.7869348048063283   2.1327067234224809e-09     0.025295858636029598       490.70664312169396       5.7934714303969193       5.7934714303969193       1883.2127996861943                                                 1382.0321538151384                                              10.474002749362155         23.59900078353445                390.8630616970155                          67.776683818053712                      8.4678968230902942
                       3       947.33964507333633     0.022143419412562263      0.11679921060304448       68.722322103956657        3.060305804537212      0.96446639199523054     0.061619401904704364     0.024086540669736246       1.0063826783474559       1.4868634921082917       1.7781366651760075     2.13340802231147e-09     0.024086540669736246       490.62991768413491       5.7934714303969193       5.7934714303969193       1883.0923472858788                                                 1381.9441156592818                                              10.518313942462163        23.591285105095665               390.90208288516806                          67.683241783018602                      8.4533079108525992
                       2       947.09721676593551     0.022143419412562263      0.11679921060304448       68.722322103956657        3.060305804537212      0.96446639199523054     0.061619401904704364     0.024086540669736246       1.0064255819085528       1.4400641000851842       2.0520041681597574     2.13340802231147e-09     0.024086540669736246       490.61616217559975       5.7934714303969193       5.7934714303969193       1882.6074906710771                                                 1381.4730145530152                                              10.518313942462163        23.584637065807328               390.89609019395891                          67.673681184146147                      8.4617537316873399
                       6       947.19759034672904      0.02212914301097476      0.11680198777970952       68.689813091260305       3.0594806491705282      0.96443892176740509     0.061162922200935756      0.02361821966067424       1.0065042373329154       1.4420857630976742       2.0609537509282858   2.1316483553317031e-09      0.02361821966067424        490.6829121145409       5.7934714303969193       5.7934714303969193       1882.8082378326642                                                 1381.6692864280328                                              10.456039290090644        23.558472923057025                390.7612637075265                          67.890198243012591                      8.4729772409447897
                       6       948.34463922450561     0.022211110464524435      0.11655063477011968       68.799948726644502        3.064731810392483      0.96252541269911041     0.063127396358448246     0.029224400233615517       1.0075532886402621        1.400308779608143       2.0693401841807413   2.1428714258009016e-09     0.029224400233615517       492.05950952650636       5.7934714303969193       5.7934714303969193       1885.1023355882173                                                 1382.3381131791816                                              10.704712882529297        24.094951328105822               391.38589028704172                          68.089664076184491                       8.489003835174362
                       1        948.2732014488995     0.022215133429274652      0.11670033141864758       68.831043619764557       3.0649507834766916      0.96101540683722264     0.062190562538708756     0.019753611104586476       1.0086330728397788        1.398997815551992       2.0650117685349114   2.1433407083443192e-09     0.019753611104586476       492.24919131585614       5.7934714303969193       5.7934714303969193       1884.9594600370051                                                 1381.9795866024988                                              10.730682118650162        24.407676484730416               391.09379893614602                          68.355388731735488                      8.3923271632442251
                       1        948.2827233320379     0.022215133429274652      0.11670033141864758       68.831043619764557       3.0649507834766916      0.96101540683722264     0.062190562538708756     0.019753611104586476       1.0088361524903375        1.398997815551992       2.0650117685349114   2.1433407083443192e-09     0.019753611104586476         492.268235082133       5.7934714303969193       5.7934714303969193       1884.9785038032819                                                 1381.9795866024988                                              10.730682118650162        24.373241741073116               391.07226876701833                          68.393866228832408                      8.4288583452091466
                       2       947.83149415453943     0.022217042764422164      0.11699284932129117       68.808079762145582       3.0647489859493926      0.96044996575809072     0.061871921634265505     0.010898888790204182       1.0087758450563056       1.4011846814668711       2.0663790214374487   2.1429082311271003e-09     0.010898888790204182       492.15721913198735       5.7934714303969193       5.7934714303969193        1884.076045448285                                                 1381.3721564566654                                               10.54666985963221        24.499795494162015               390.98200805538681                          68.380068903988061                      8.2953466784504979
                       6       947.90209462421933     0.022217042764422164      0.11699284932129117       68.808079762145582       3.0647489859493926      0.96044996575809072     0.061871921634265505     0.010898888790204182       1.0090017123834509       1.4011846814668711       2.0663790214374487   2.1429082311271003e-09     0.010898888790204182        492.2984200713471       5.7934714303969193       5.7934714303969193       1884.2172463876448                                                 1381.3721564566654                                               10.54666985963221        24.461179758848573               390.98152535832531                          68.530070230324483                      8.3256447238487272
                       1       947.66525653192514     0.022217042764422164      0.11699284932129117       68.808079762145582       3.0647489859493926      0.96044996575809072     0.061871921634265505     0.010898888790204182       1.0091091248388628       1.2206884647494769       2.2307043192131064   2.1429082311271003e-09     0.010898888790204182       492.39307276749156       5.7934714303969193       5.7934714303969193       1883.7435702030564                                                 1380.8038275759327                                               10.54666985963221        24.442870559510425               390.98389409632085                          68.624903184350742                      8.3414049273095401
                       1       947.68852175332518     0.022217042764422164      0.11699284932129117       68.808079762145582       3.0647489859493926      0.96044996575809072     0.061871921634265505     0.010898888790204182       1.0090870981214861       1.2488471882840058       2.1241135142894412   2.1429082311271003e-09     0.010898888790204182       492.37876804396416       5.7934714303969193       5.7934714303969193       1883.7901006458565                                                   1380.86466274226                                               10.54666985963221        24.446622282105636               390.98982101932341                          68.604222662737541                      8.3381020797975811
