#                 weight             minuslogpost                 omegabh2                 omegach2                       H0                     logA                       ns                      tau               mnu_sample                 A_planck               TT_tSZ_Amp               TT_kSZ_Amp                       As                      mnu                chi2__CMB            minuslogprior         minuslogprior__0                     chi2 chi2__sbt_spt_audit.likelihoods.candl_cobaya.CandlCobayaLikelihood chi2__sbt_spt_audit.likelihoods.desi_dr2_bao.DESIDR2BAOGaussian chi2__planck_2018_lowl.TT chi2__planck_2018_lowl.EE_sroll2 chi2__planck_2018_highl_plik.TT_lite_native chi2__planckpr4lensing.PlanckPR4Lensing
                       1       1519.0436927169194     0.022546054697646943      0.11638853796329358        68.54184308826791       3.0436506692379361      0.98788726546649641     0.062959031439385152     0.058592790810702157      0.99303552644925619       2.5354139073516406       9.7884190698898301    2.098170083927951e-09     0.058592790810702157       501.03618764515875       5.7934714303969193       5.7934714303969193       3026.5004425730449                                                 2514.6376410433245                                              10.826613884561379        20.390102383126816               391.04081112064159                           81.17182033749512                      8.4334538038951976
                       1       1518.9950101481852     0.022411729730856495      0.11576547432325809        68.62596360831283       3.0453894720025971      0.98554645840633903     0.061418371209504122     0.054342947924729448      0.99701184710083135       2.5627136367358325       9.7699724932686056   2.1018215615503056e-09     0.054342947924729448       499.80008329028863       5.7934714303969193       5.7934714303969193       3026.4030774355765                                                 2516.1886672669434                                              10.414326878345012        20.499902813508072               390.73580560559611                           79.87785108439968                      8.6865237867847345
                       1       1518.9509575465477     0.022435480583213901      0.11579905739275619       68.786275782551357       3.0518848511833849      0.98372493827332619     0.063747645415651741     0.035000876641387117      0.99798254859155888       2.5803678356364346        9.759274171072617   2.1155181235901521e-09     0.035000876641387117       498.01564699422244       5.7934714303969193       5.7934714303969193       3026.3149722323014                                                 2517.7592174726055                                              10.540107765473254        20.731638498301095               391.26610240218167                          77.736468542825918                      8.2814375509137452
                       2       1518.6358240623786     0.022450559620153625       0.1160510959595375       68.629385784757048       3.0547579895185573      0.98166987026270613     0.063800171186314286     0.041873663166395236      0.99910644446680741       2.5300960141902169       9.7287685936686543   2.1216050398988332e-09     0.041873663166395236       496.75721205228143       5.7934714303969193       5.7934714303969193       3025.6847052639632                                                 2518.4416526046075                                               10.48584060707441        20.969402277833922                391.3019122303308                          76.265659443109342                      8.2202381010074035
                       1        1518.542553772799       0.0227024882863592      0.11524115836476392       68.929651501450991       3.0479582683313824        0.980311199796146     0.061422779590044142     0.057101541873552875      0.99854962097826039       2.5239815748673298       9.7374741342670905   2.1072276536633931e-09     0.057101541873552875       496.93469767253208       5.7934714303969193       5.7934714303969193       3025.4981646848041                                                 2517.8375968868791                                               10.72587012539287        21.158062245016481               390.60471924127523                          76.161353426427738                       9.010562759812597
                       1       1518.5234682992268     0.022951477165136475      0.11551916860057418       69.235113624785257       3.0439260737810518      0.98564616313119469     0.058536801544886254      0.04841785463992393      0.99803990330879588       2.2922903442806986       9.6690889577637158   2.0987480090792471e-09      0.04841785463992393       497.14684862228449       5.7934714303969193       5.7934714303969193       3025.4599937376597                                                 2517.1714201090972                                              11.141725006278245        20.627847288453324               390.29473102764484                           77.47056312458561                      8.7537071816006868
                       1       1519.1722139985418     0.022951477165136475      0.11551916860057418       69.235113624785257       3.0439260737810518      0.98564616313119469     0.058536801544886254      0.04841785463992393      0.99753305703760831       2.2922903442806986       9.6690889577637158   2.0987480090792471e-09      0.04841785463992393       498.44434002091401       5.7934714303969193       5.7934714303969193       3026.7574851362897                                                 2517.1714201090972                                              11.141725006278245        20.665831319397739               390.29445949912076                          78.866718751047031                      8.6173304513485096
                       1       1519.4295036782003     0.022951477165136475      0.11551916860057418       69.235113624785257       3.0439260737810518      0.98564616313119469     0.058536801544886254      0.04841785463992393      0.99771296061861436       2.0783238466047926        9.294082589209788   2.0987480090792471e-09      0.04841785463992393       497.94099529911438       5.7934714303969193       5.7934714303969193       3027.2720644956066                                                 2518.1893441902139                                              11.141725006278245        20.652249836716578               390.29445949912076                            78.3309443688008                      8.6633415944761865
                       3       1519.0972577092411      0.02300275417242326      0.11567390444991396       69.320958436184242       3.0383487371717353      0.98649866532028252      0.05701389665013451     0.042218061043671672      0.99595518842021891       2.1222045381841235       9.3325272777264914   2.0870751669180412e-09     0.042218061043671672       498.65735088855757       5.7934714303969193       5.7934714303969193       3026.6075725576884                                                 2516.6516693306125                                              11.298552338518013         20.58260586506799               390.39865094971594                          78.913605228451814                      8.7624888453217871
                       1        1520.016809719815     0.023000391222444093       0.1157941928265275       69.553295915442675        3.040131557372149       0.9858155484534481       0.0562341059852094     0.017284590962093078      0.99757837577455066       2.1257267261814303       9.3292506651207034   2.0907993654871935e-09     0.017284590962093078       497.48456186232403       5.7934714303969193       5.7934714303969193       3028.4466765788361                                                 2518.4294951676948                                              12.532619548817378        20.648850336228918               390.47724878758896                          77.887100412506797                      8.4713623259993298
                       3       1520.1834334978166     0.023013380811869606      0.11577122147923263       69.568811799368348       3.0398584400920039      0.98620693552951966     0.056245209965768324      0.01693170875190933      0.99740660854327456       2.1171933577533015       9.3258067303831638    2.090228410023613e-09      0.01693170875190933        497.7450354191684       5.7934714303969193       5.7934714303969193       3028.7799241348393                                                 2518.4286024517569                                              12.606286263913614         20.61465801372367                390.4990993048641                          78.156176994714116                      8.4751011058665373
                       2       1523.8596715174845     0.023163206245463745      0.11569567398114915       69.712411618724829       3.0501710864858849      0.98594353376300603     0.060224974602234395     0.043663773493601871      0.99816463756354512       2.0052125327774823       9.3097062823062018   2.1118957281662989e-09     0.043663773493601871       497.82028967791462       5.7934714303969193       5.7934714303969193        3036.132400174175                                                 2525.0186479639829                                              13.293462532277211        20.779594314049291               390.37234548312637                          78.189656973769488                       8.478692906969437
                       4       1523.8666210480746     0.023073816118979185      0.11686527756073017       69.518035450054882       3.0615890883346562      0.98593576671115513     0.066451318665835313    0.0069104652566692668      0.99625448406064276       2.0429394393377551       9.3016370282089973     2.13614754767814e-09    0.0069104652566692668       500.40652042467337       5.7934714303969193       5.7934714303969193       3036.1462992353554                                                  2524.374614964785                                              11.365163845897138        20.929093915757846               391.94363769195922                          78.559527988012249                      8.9742608289440557
                       5       1523.8135149506327     0.023081478672545792      0.11685616946207508       69.513945772661046       3.0623574936602855      0.98550704283094903     0.066919039280680756    0.0048107959766126984       0.9961981686384388       2.0490251071845469       9.2980246755453795   2.1377896056323487e-09    0.0048107959766126984       500.70751095659006       5.7934714303969193       5.7934714303969193       3036.0400870404715                                                 2524.0065940887657                                               11.32598199511594         20.98891561474403               392.06352052740544                          78.612511350886891                      9.0425634635536589
                       1       1523.4759416808067     0.023173309879574461      0.11763037024282026       69.220622979742046       3.0523146082234516       0.9789376733281453     0.060081257869056853     0.013126439900200307      0.99696159942966223       2.0746289551909709       9.3178381143405282   2.1164274777838411e-09     0.013126439900200307       502.10589982396522       5.7934714303969193       5.7934714303969193       3035.3649405008196                                                 2522.5908770242027                                              10.668163652651685         21.78183018283994               390.29527042805972                          81.174587352093894                      8.8542118609716365
                       2       1523.4306984934269     0.023171526513192844      0.11763095627290263       69.215305065492004        3.052035516648496      0.97906962458366242     0.060057116695599717     0.013378662585465445      0.99683948937236555       2.0765070133543713       9.3192037483958963   2.1158368831246174e-09     0.013378662585465445       502.14274885882332       5.7934714303969193       5.7934714303969193       3035.2744541260599                                                 2522.4576153692306                                              10.674089898006162         21.76064766919194               390.28907653940843                          81.248886838325305                      8.8441378118976743
                       3       1523.3575510256571     0.023022309790604132       0.1175987401571363       69.058630999190953       3.0596554916282375       0.9762775109482289     0.062199101709128166     0.029840644379342814       0.9991146784592716        2.115340744237983       9.3345476522823247   2.1320210905531431e-09     0.029840644379342814       499.65662804657472       5.7934714303969193       5.7934714303969193       3035.1281591905204                                                 2524.8593248864768                                               10.61220625746923        22.199585512393696               390.71655373851473                          77.885752578070125                      8.8547362175961339
                       4        1520.240577362878     0.022882078471640456      0.11605645248993535       69.403235104751616       3.0496209768219025      0.97862383894317895     0.060977521785125575     0.032344174273802311      0.99773920434725194        2.351689917509558       9.4412761438487216   2.1107342734099441e-09     0.032344174273802311       495.54894249689556       5.7934714303969193       5.7934714303969193        3028.894211864962                                                 2521.4569572700243                                              11.888312098042206        21.621219586248174               390.47599075139578                          75.067077041484936                      8.3846551177666839
                       3       1520.2448244116028     0.022879359297697636      0.11604310067618323       69.407664265671599       3.0498302106927815      0.97880706856620814     0.061119229317719403     0.031891850037737791      0.99772217850197931        2.349871457067545       9.4398320201825037   2.1111759567183097e-09     0.031891850037737791       495.60245960352177       5.7934714303969193       5.7934714303969193       3028.9027059624118                                                 2521.3661428113214                                              11.934103547568146         21.59514135379527               390.48031339129682                          75.149631075048461                      8.3773737833812163
                       6       1519.7899261394532     0.022844578647804807      0.11598741789064458       69.299654699935729       3.0498919393617006      0.97993280690740669     0.060905203124002154      0.04660774672701852      0.99807185398156129       2.3027961335011939       9.4260438036330321   2.1113062808222971e-09      0.04660774672701852       495.04757067793895       5.7934714303969193       5.7934714303969193       3027.9929094181125                                                 2521.4471244857964                                              11.498214254376858        21.396743449189273               390.45293821675142                          74.666538041267145                      8.5313509707311361
                       8       1518.9177112463076     0.022779760906041849      0.11585113300484461       69.085207716946783       3.0453753251307782      0.98022304032833685     0.060506874428070297     0.057300430858700901      0.99654063181400909       2.3642215800542066       9.4457122245094585     2.10179182756041e-09     0.057300430858700901       495.69718349103994       5.7934714303969193       5.7934714303969193       3026.2484796318213                                                  2519.747888856291                                              10.803407284490373        21.290228093636244               390.42710590613405                          75.114521419055208                      8.8653280722144494
                       1       1518.6733550524834     0.022839912921711374      0.11692876598319557       69.102066222278197       3.0401027765244084      0.98262656046439967     0.058028485820671341     0.026339699872698748      0.99451762757176077       2.3260417774140212        9.448311335545073   2.0907391913749343e-09     0.026339699872698748       496.18440963519186       5.7934714303969193       5.7934714303969193        3025.759767244173                                                 2519.0807230904202                                              10.494634518561574        21.046099000346885               390.29241865537574                          76.549301440949506                      8.2965905385196859
                       2       1518.1932190781104     0.022721007090491824        0.117039716623483       68.919264086438048       3.0350826105284789      0.98226348420581411     0.056175795074517039     0.023218994900014917      0.99406846861436193       2.4024837696529513        9.473011424691947   2.0802696350232934e-09     0.023218994900014917       496.16504039401951       5.7934714303969193       5.7934714303969193       3024.7994952954268                                                 2518.1776456652624                                              10.456809236144894         20.99275102414839                390.3418039422973                          76.492029286207242                      8.3384561413666027
                       3       1518.4827294233307     0.022719551763365865      0.11700516406928808       68.967891370093312       3.0347330136799506      0.98195243021308753     0.056207052088082431     0.020183030790348031      0.99392030088850059       2.4327132559548148       9.4878852649887193   2.0795425064231394e-09     0.020183030790348031       495.93366925066454       5.7934714303969193       5.7934714303969193       3025.3785159858676                                                 2519.0056889292036                                              10.439157805999287        21.032272893970969                390.3289195096408                          76.224758929043517                      8.3477179180092644
                       3       1519.7039190309818     0.022719551763365865      0.11700516406928808       68.967891370093312       3.0347330136799506      0.98195243021308753     0.056207052088082431     0.020183030790348031      0.99401249169112438       2.7020691882500851       9.2933631053680372   2.0795425064231394e-09     0.020183030790348031       495.67030255981524       5.7934714303969193       5.7934714303969193       3027.8208952011696                                                 2521.7114348353548                                              10.439157805999287        21.023907604112935                390.3289195096408                          75.960255102471123                      8.3572203435903933
                       1       1519.8009772756402     0.022719551763365865      0.11700516406928808       68.967891370093312       3.0347330136799506      0.98195243021308753     0.056207052088082431     0.020183030790348031      0.99790913335994602       2.7020691882500851       9.2933631053680372   2.0795425064231394e-09     0.020183030790348031       495.86441904913238       5.7934714303969193       5.7934714303969193       3028.0150116904865                                                 2521.7114348353548                                              10.439157805999287        20.695575236826585               390.41425513214358                          75.366294687739241                       9.388293992422998
                       3       1519.9393514743801     0.022736628601501042      0.11690085335856905       68.997556454860614       3.0330530928726294       0.9824373278697367      0.05566721142133723     0.022641827544690903      0.99767158938582057       2.6998101040421667       9.2964821268981339   2.0760519724281295e-09     0.022641827544690903       496.25061838401831       5.7934714303969193       5.7934714303969193       3028.2917600879664                                                 2521.5882706684442                                              10.452871035503897        20.641231748038649               390.48809898388663                          75.470012055872871                      9.6512755962201666
                       2       1520.6399320838207     0.022676207128703708      0.11700397197745811        68.97036784190243       3.0299615149096266      0.97788508657919415     0.053082354602410911     0.001067721646089103      0.99908442274669085       2.8105428446581757       9.3144824208914248   2.0696436069849983e-09     0.001067721646089103       495.58061390203011       5.7934714303969193       5.7934714303969193       3029.6929213068474                                                 2523.6247522462909                                              10.487555158526879        21.070901597335933                390.9129810425768                          73.885067063839557                      9.7116641982778447
                       3       1520.5206558306049     0.022608012828774941      0.11663089090839526       68.923223700738433       3.0342303985517614      0.97618087051998281     0.054815763424910846     0.010660520735888593       1.0003342535773005        2.843538314603034       9.3136604726322236   2.0784975595247559e-09     0.010660520735888593       494.76684746266119       5.7934714303969193       5.7934714303969193        3029.454368800416                                                  2524.188814662532                                              10.498706675222632        21.267940682436404               390.44623854792678                          73.210797013267367                      9.8418712190306117
                       2       1519.2345759652287     0.022608012828774941      0.11663089090839526       68.923223700738433       3.0342303985517614      0.97618087051998281     0.054815763424910846     0.010660520735888593       0.9989274127730704        2.843538314603034       9.3136604726322236   2.0784975595247559e-09     0.010660520735888593       492.19468773190863       5.7934714303969193       5.7934714303969193       3026.8822090696635                                                  2524.188814662532                                              10.498706675222632        21.410517011839886                390.4495985138384                          71.127445353850149                      9.2071268523802026
                       1       1520.5000114362765     0.022394144733905264      0.11726884149293108       68.620154633929275       3.0436414613907599      0.97648481510754193     0.058674385868240038     0.016194350951927339      0.99940729454910227       2.8568633886454498       9.3252160160107405   2.0981507643874139e-09     0.016194350951927339       491.47377632226596       5.7934714303969193       5.7934714303969193       3029.4130800117591                                                 2527.3960618704127                                              10.543241819079672        21.393584430468138               390.32375040196206                          71.275867292784241                      8.4805741970515243
                       2       1520.5295019053422     0.022393421191658554      0.11726743524075336        68.62408403951639       3.0437890115856225      0.97644165900589575     0.058666275640926906     0.015807232955202272       0.9994995524928959       2.8554020579689046       9.3240765443589453    2.098460369782157e-09     0.015807232955202272        491.5647659015234       5.7934714303969193       5.7934714303969193       3029.4720609498904                                                 2527.3741628440939                                              10.533132204272761        21.399238694490748               390.32375040196206                          71.365278727560948                      8.4764980775096568
                       3       1520.8653356267889     0.022360579876372307      0.11745722974331227       68.511176934886763       3.0425150501244467      0.97482846935724421     0.057356049461062632     0.016792887887497224       1.0000926965211403       2.8709896515132733       9.3276524531575937   2.0957887142976484e-09     0.016792887887497224       490.99667958077987       5.7934714303969193       5.7934714303969193       3030.1437283927839                                                 2528.2797551421299                                              10.867293669873366        21.588536676447347               390.17184995803638                          70.766118239902212                      8.4701747063939639
                       4       1523.8075571706113     0.022273447845744629      0.11739072881090484        68.50067001897915       3.0439160862313903      0.97477337882118509     0.059334210393495991      0.01521230078388198      0.99910115299747593       2.9728335386280622       9.3743050489965771   2.0987270478339553e-09      0.01521230078388198       491.82553204163162       5.7934714303969193       5.7934714303969193       3036.0281714804287                                                 2533.5476819430023                                              10.654957495794916        21.611962447437691               390.40212144939306                          71.329390637023209                      8.4820575077776503
                       9       1521.9160311289522     0.022273447845744629      0.11739072881090484        68.50067001897915       3.0439160862313903      0.97477337882118509     0.059334210393495991      0.01521230078388198      0.99892789713308383       1.9085723093427722       9.7433369597376007   2.0987270478339553e-09      0.01521230078388198        491.7191737620567       5.7934714303969193       5.7934714303969193       3032.2451193971106                                                 2529.8709881392592                                              10.654957495794916        21.631100014461936               390.39572756634391                          71.238565293199002                      8.4537808880518472
                       2       1520.8726234659518     0.022323222036668394      0.11766919817114703       68.427620943107499       3.0423005787580979      0.97418517250460168     0.057322869363433372     0.019418391482842492      0.99963755008824629       1.8395919454518181       9.7186579749743984   2.0953392758260789e-09     0.019418391482842492       490.92448820870186       5.7934714303969193       5.7934714303969193       3030.1583040711098                                                 2528.0607694592491                                              11.173046403158686        21.703259597728731               390.17009530749806                          70.612811492407502                      8.4383218110675511
                       5       1520.7615366130735     0.022363496885136527      0.11758571052705599       68.625200629283484       3.0474468362925271      0.97465383404610939     0.059052595917342673     0.013921569597177035       1.0004740136650021        1.802356674975929       9.7073148795131328   2.1061502254672816e-09     0.013921569597177035       490.75699545127969       5.7934714303969193       5.7934714303969193       3029.9361303653532                                                 2528.6817261304377                                              10.497408783636427        21.711806094563769               390.32666259266506                          70.351190596261375                      8.3673361677894356
                       3       1520.9431839444608     0.022353222501110246      0.11739234583221737        68.64549590723388       3.0467610441350121      0.97613046100571121     0.059555908879714715      0.01899478933262206      0.99982701990882072       1.8057109166770779       9.7139228093750347   2.1047063393195961e-09      0.01899478933262206       491.49305579202741       5.7934714303969193       5.7934714303969193       3030.2994250281276                                                  2528.408173980818                                              10.398195255282168        21.487831441459093               390.42992596549732                          71.131353667166337                      8.4439447179047065
                       3       1519.1394580140957     0.022353222501110246      0.11739234583221737        68.64549590723388       3.0467610441350121      0.97613046100571121     0.059555908879714715      0.01899478933262206      0.99978464300791103       2.3092663175101324       9.7994449152778387   2.1047063393195961e-09      0.01899478933262206       491.47404976475906       5.7934714303969193       5.7934714303969193       3026.6919731673975                                                 2524.8197281473563                                              10.398195255282168        21.492350627596238               390.42992596549732                          71.113701821357367                      8.4380713503081264
