#                 weight             minuslogpost                 omegabh2                 omegach2                       H0                     logA                       ns                      tau               mnu_sample                 A_planck               TT_tSZ_Amp               TT_kSZ_Amp                       As                      mnu                chi2__CMB            minuslogprior         minuslogprior__0                     chi2 chi2__sbt_spt_audit.likelihoods.candl_cobaya.CandlCobayaLikelihood chi2__sbt_spt_audit.likelihoods.desi_dr2_bao.DESIDR2BAOGaussian chi2__planck_2018_lowl.TT chi2__planck_2018_lowl.EE_sroll2 chi2__planck_2018_highl_plik.TT_lite_native chi2__planckpr4lensing.PlanckPR4Lensing
                       6       950.33578345584363     0.022295589540898959      0.11911674139243297        67.84954319147117       3.0414286328916256      0.96619389545222067     0.051495152122243218      0.05375629477064979       1.0025301624798257       1.1892070374422801       2.0349147539471075   2.0935130497065286e-09      0.05375629477064979       490.99421607252509       5.7934714303969193       5.7934714303969193       1889.0846240508934                                                 1380.5683687647527                                              17.522039213615397         23.16192604722562                390.6996508927279                          68.702508542932478                      8.4301305896390879
                       1       950.30909034715933     0.022274872092360051      0.11810253851801293       68.195311321318002       3.0280828982344015      0.96602330741925069      0.04548307857778229     0.059229588440985213       1.0031745532118348       1.2342195709600376       2.2554585719389211   2.0657591898009981e-09     0.059229588440985213       494.85776065153107       5.7934714303969193       5.7934714303969193       1889.0312378335248                                                 1381.8692390840463                                               12.30423809794739        22.964146282956392               393.98415829695745                           67.94730223397066                      9.9621538376465377
                       2        950.3561874732751     0.022274872092360051      0.11810253851801293       68.195311321318002       3.0280828982344015      0.96602330741925069      0.04548307857778229     0.059229588440985213        1.004271183946986       1.2342195709600376       2.2554585719389211   2.0657591898009981e-09     0.059229588440985213       494.95195490376256       5.7934714303969193       5.7934714303969193       1889.1254320857563                                                 1381.8692390840463                                               12.30423809794739        22.811169621434317               394.07353665439859                          67.506039338110796                      10.561209289818867
                       1       951.27992060018835     0.022291876320559199      0.11809813042431874       68.237128872199349       3.0261200450299826       0.9643214894178429     0.044664359006864232     0.059116009859519987       1.0041757477266984       1.2423811706774839       2.3887869660934027    2.061708384624276e-09     0.059116009859519987        496.0673823694832       5.7934714303969193       5.7934714303969193       1890.9728983395828                                                  1382.851521413369                                              12.053994556730254        23.138757297846894               394.62802283316876                          67.293457580664054                      11.007144657803522
                       2       951.15595010872039     0.022175025752399373      0.11786623914206019       68.389373365368868       3.0273442292850778      0.96670318142646749     0.046060875720308848     0.048782618018941473       1.0039660382926674       1.2579382025771408       2.4920289799152191   2.0642338410639434e-09     0.048782618018941473       495.60575401344619       5.7934714303969193       5.7934714303969193       1890.7249573566469                                                 1384.4130530021539                                              10.706150341046733        22.639092517555525               393.68504364451985                          68.129003710847101                       11.15261414052371
                       2       950.52268324209092      0.02217747193905726      0.11773340602183645       68.379465777210456       3.0295481152095678      0.96656629739293531      0.04724613213990838     0.055059018024289808        1.004111333935692        1.254205832486998       2.5056724607632224   2.0687881937646092e-09     0.055059018024289808       494.76824607892451       5.7934714303969193       5.7934714303969193       1889.4584236233879                                                  1384.002888648997                                              10.687288895466558        22.675872895545012               392.81699174159286                          67.972827950087662                      11.302553491698998
                       1       950.05908092900438     0.022284191644028409      0.11781746210972212       68.618629486312187       3.0331063696803517      0.96765978621146065     0.049630829533761037     0.038906909264971271       1.0031637975682923       1.2429936673635276       2.3596894208683046   2.0761625807962903e-09     0.038906909264971271       492.38530016836734       5.7934714303969193       5.7934714303969193       1888.5312189972149                                                 1385.8176453882941                                              10.328273440553332        22.634463789064966               391.56379885300584                          67.871850473885047                      10.315187052411467
                       2       949.90156140238662     0.022284191644028409      0.11781746210972212       68.618629486312187       3.0331063696803517      0.96765978621146065     0.049630829533761037     0.038906909264971271       1.0019508993649795       1.2429936673635276       2.3596894208683046   2.0761625807962903e-09     0.038906909264971271       492.07026111513198       5.7934714303969193       5.7934714303969193       1888.2161799439793                                                 1385.8176453882941                                              10.328273440553332        22.800396842585826                391.5429883234429                          68.028787449868915                      9.6980884992343448
                       2       948.79925068143689     0.022265243606755972      0.11688366065041132       68.932191575674253        3.027803264065247      0.97115393334812539     0.050036323240312514     0.018046644379810586      0.99995635575853492       1.2419559150716559       2.4200699817519302   2.0651816137050545e-09     0.018046644379810586        493.0656216697983       5.7934714303969193       5.7934714303969193       1886.0115585020799                                                  1381.987766006519                                              10.958170825762314        22.121472420942098               391.61250782103531                          68.927601869734104                      10.404039558086838
                       4       948.71753684805174     0.022265243606755972      0.11688366065041132       68.932191575674253        3.027803264065247      0.97115393334812539     0.050036323240312514     0.018046644379810586       1.0003154290744785       1.2419559150716559       2.4200699817519302   2.0651816137050545e-09     0.018046644379810586       492.90219400302811       5.7934714303969193       5.7934714303969193       1885.8481308353096                                                  1381.987766006519                                              10.958170825762314        22.077619684697709               391.62475637063898                          68.582506624589342                      10.617311323102141
                       5       948.92559593519024     0.022274527182016592      0.11681807134129664       68.953784326971444        3.027311614001913       0.9712181528694207     0.049962552097422903     0.018055562277117753       1.0001984011778735       1.2419637892364634       2.4210526146330245   2.0641665165906077e-09     0.018055562277117753       493.03272019173409       5.7934714303969193       5.7934714303969193       1886.2642490095866                                                 1382.1756189161658                                              11.055909901686867        22.067717021034753               391.68564620066991                          68.539443903688152                      10.739913066341268
                       1       948.36578268113271     0.022282633138322565      0.11681444836960932       68.961747195015107       3.0291106632609486      0.97036548191877225     0.050374107089684324     0.017973911136691355       1.0007653625420265       1.2377184692161265        2.423060042501779   2.0678833962551118e-09     0.017973911136691355       492.41009938443869       5.7934714303969193       5.7934714303969193       1885.1446225014715                                                 1381.6642554375494                                              11.070267679483482         22.22269750515585               391.42212257561903                          68.165646020892709                      10.599633282771096
                       4       948.49742916639616     0.022282610606970496      0.11675015138586886       68.948117163880667        3.028225467904766       0.9700924541263829     0.049995936466653033     0.019537170284749987       1.0007835427890297       1.2377687910326907       2.4441781061878203   2.0660537254031636e-09     0.019537170284749987       492.66289434393684       5.7934714303969193       5.7934714303969193       1885.4079154719984                                                 1381.7120808911238                                              11.032940236937971        22.256454376028046               391.60388761027417                          68.020968120290803                       10.78158423734387
                       1       948.77571184861165     0.022282610606970496      0.11675015138586886       68.948117163880667        3.028225467904766       0.9700924541263829     0.049995936466653033     0.019537170284749987        1.000706488400928       1.3432048913519996       2.3363675253357785   2.0660537254031636e-09     0.019537170284749987       492.68759121991951       5.7934714303969193       5.7934714303969193       1885.9644808364294                                                 1382.2439493795721                                              11.032940236937971        22.266230937809496               391.60388761027417                          68.084201129122008                      10.733271542713844
                       2       946.51483705065391     0.022247546011215542      0.11745236042207204       68.691175799431647       3.0313370079436681      0.96750282929217157     0.049332669023213441     0.013289055890721047       1.0022100752072574       1.3283050183185481       2.2945362093851709   2.0724923461106196e-09     0.013289055890721047       491.67385622020674       5.7934714303969193       5.7934714303969193       1881.4427312405139                                                 1379.4776409205219                                              10.291234099785338        22.720124237629761               391.67564898986302                          67.842194376455367                      9.4358886162586018
                      12       947.35045549751578     0.022220152431087676      0.11739914332896913       68.642775793364663       3.0328576909285121      0.96406140756122005     0.048343557409431061     0.026676199063004585       1.0043783619553182       1.3372942739804814       2.4419500159342817   2.0756463474678724e-09     0.026676199063004585       492.80913802800819       5.7934714303969193       5.7934714303969193       1883.1139681342377                                                 1380.0235465309886                                              10.281283575240806        23.347892767199653               392.04297565973638                          67.477259398455729                      9.9410102026164378
                       4       947.55034961192462     0.022272813324160496      0.11692755005483361       68.669439826934266       3.0396841060914213      0.96243049836579675     0.049929939864363004     0.037812071576914477       1.0069247440761504       1.3115860122273038       2.2946040342765111   2.0898640439043866e-09     0.037812071576914477       493.09668422806027       5.7934714303969193       5.7934714303969193       1883.5137563630553                                                 1380.1167375420184                                              10.300334592976723        23.725675500207387               391.23882434108089                          68.128997671745168                      10.003186715026871
                       1       947.08653420773658     0.022298149792753449      0.11681026492061831       68.844354158232946       3.0460585255384269      0.96090201495444294     0.053226363213992857     0.020484662639920201       1.0072030759848383       1.2946385261240636       2.3695097117352288   2.1032282632246351e-09     0.020484662639920201       492.50738976667367       5.7934714303969193       5.7934714303969193       1882.5861255546793                                                 1379.5075075124362                                              10.571228275569077        24.202765857957615               390.18479124866002                          68.808257055736178                      9.3115756043198505
                       1       946.70635257043125     0.022219564423276286       0.1171851739291688       68.738062174640902       3.0451869617604688      0.95934044504301019     0.051679182709035307    0.0030810550833964279           1.008069975263       1.2911881411053021       2.4375028401598517   2.1013959642523258e-09    0.0030810550833964279       492.53807810984028       5.7934714303969193       5.7934714303969193       1881.8257622800686                                                 1378.9310624164038                                              10.356621753824538          24.4795290750194               390.42602489891755                          68.766139026183325                      8.8663851097199711
                       6       947.09518476769051     0.022223912798766395      0.11704074496425368       68.776074856695345       3.0436715706824362      0.95966865892102993     0.051326356677511419    0.0030698465196526666       1.0078077654385864       1.2935028729827382       2.4516366569881134    2.098213939171829e-09    0.0030698465196526666       492.96028865156239       5.7934714303969193       5.7934714303969193       1882.6034266745871                                                 1379.2081373052731                                              10.435000717751738        24.385046997720906               390.59081084828017                           68.91949639994283                      9.0649344056184695
                       7       948.10004239196246     0.022225771740385061      0.11670544720563668       68.896379899694409       3.0418144046864364      0.95949101632324552     0.050812962673883522    0.0023576002805503669       1.0078626676993581       1.3001506472219562       2.5258586748718028    2.094320823791385e-09    0.0023576002805503669       494.11447899541628       5.7934714303969193       5.7934714303969193        1884.613141923131                                                 1379.6056313804802                                              10.893031547234298        24.398625311197748               390.70706334029836                          69.395401709788715                      9.6133886341314732
                       1       948.09698442276192     0.022314360284063254      0.11663241033083685       68.999189723276729       3.0436035695576638      0.96009704796441331     0.052460983504817954    0.0068366058395951876       1.0069952169247625       1.2966475461866891       2.4572028088505693   2.0980712631150731e-09    0.0068366058395951876       493.89398818944477       5.7934714303969193       5.7934714303969193       1884.6070259847299                                                 1379.5526423551571                                              11.160395440128161        24.376357555235359                390.2692487902421                          69.658431228175644                      9.5899506157916843
                       8       949.38216465325047     0.022326182024343614      0.11720373674011302        68.51657955470904       3.0332365091874385      0.96083324509640855     0.049645368061389562     0.040647844222370673       1.0034291694931803       1.3169347312950606       2.5771119202188868   2.0764327891531969e-09     0.040647844222370673       494.74947097189028       5.7934714303969193       5.7934714303969193        1887.177386445707                                                 1381.8822040047305                                              10.545711469086429         24.12035848492701                391.2279759008407                           69.17988479115165                      10.221251794970895
                       3       949.47917303871964     0.022326182024343614      0.11720373674011302        68.51657955470904       3.0332365091874385      0.96083324509640855     0.049645368061389562     0.040647844222370673         1.00339784632637       1.3618400525965333       2.4889202561376798   2.0764327891531969e-09     0.040647844222370673       494.76871659938269       5.7934714303969193       5.7934714303969193       1887.3714032166454                                                 1382.0569751481764                                              10.545711469086429        24.125517261183347                391.2279759008407                          69.211135430259759                      10.204088007098857
                       1       948.41449966397272     0.022319253290250564      0.11800247909717625       68.416763685507732       3.0528843724363059       0.9565846557175498      0.05700655668837995     0.022384354875623999       1.0054653560250943       1.3190495561674636       2.5011985475687588   2.1176336860142943e-09     0.022384354875623999       493.73908863255099       5.7934714303969193       5.7934714303969193       1885.2420564671515                                                 1380.2262227760295                                              11.276745058570878        25.514444002287291               389.95122218853049                          69.998026219044846                      8.2753962226883413
