#        weight    minuslogpost        omegabh2        omegach2              H0            logA              ns             tau             mnu              As   minuslogprior minuslogprior__0            chi2 chi2__sbt_spt_audit.likelihoods.candl_cobaya.CandlCobayaLikelihood chi2__sbt_spt_audit.likelihoods.desi_dr2_bao.DESIDR2BAOGaussian
              2        1312.769     0.022638669      0.11514923       69.664096       3.0246268       1.0284307     0.054887492     0.085323682   2.0586321e-09        2.104592         2.104592       2621.3287                                                          2603.2229                                                       18.105802
              2       1305.9357      0.02255031      0.11406583       69.370805       3.0246268       1.0284307     0.064927973      0.13925458   2.0586321e-09        2.104592         2.104592       2607.6621                                                          2591.0313                                                       16.630813
              1       1305.4753      0.02255031      0.11406583       69.370805       3.0257477        1.028413     0.064927973      0.13925458   2.0609409e-09        2.104592         2.104592       2606.7415                                                          2590.1107                                                       16.630813
              9       1298.8608      0.02253941       0.1139548        69.31193       3.0257477        1.028413     0.061763768      0.12513171   2.0609409e-09        2.104592         2.104592       2593.5124                                                          2577.7776                                                       15.734784
              7       1291.7684     0.022515258      0.11376894       69.008155       3.0257477        1.028413     0.063437706      0.10575319   2.0609409e-09        2.104592         2.104592       2579.3275                                                          2566.8272                                                       12.500375
              2       1292.7153     0.022508703      0.11462175       69.009222       3.0257477        1.028413     0.061326757      0.10005957   2.0609409e-09        2.104592         2.104592       2581.2214                                                          2569.2346                                                       11.986875
              1       1292.4419     0.022508703      0.11462175       69.009222       3.0159549        1.029792     0.061326757      0.10005957   2.0408569e-09        2.104592         2.104592       2580.6746                                                          2568.6877                                                       11.986875
              4       1292.3936     0.022508541      0.11461953       69.003607       3.0159549        1.029792     0.061191172      0.10110874   2.0408569e-09        2.104592         2.104592        2580.578                                                          2568.6221                                                       11.955907
             24       1291.2832     0.022495997      0.11500067       68.735718       3.0159549        1.029792     0.057152555      0.11165082   2.0408569e-09        2.104592         2.104592       2578.3571                                                           2567.794                                                       10.563165
             21       1289.2478     0.022712341      0.11652495       68.673867       3.0159549        1.029792     0.061729637      0.06347373   2.0408569e-09        2.104592         2.104592       2574.2864                                                          2563.4905                                                        10.79586
             10       1289.0457     0.022712341      0.11652495       68.673867       3.0279181       1.0174135     0.061729637      0.06347373   2.0654188e-09        2.104592         2.104592       2573.8821                                                          2563.0863                                                        10.79586
             12       1288.9611     0.022728153      0.11589952       68.617416       3.0279181       1.0174135     0.060749343      0.05616821   2.0654188e-09        2.104592         2.104592        2573.713                                                          2562.5593                                                       11.153697
              3        1288.193     0.022771398      0.11647527       68.656494       3.0279181       1.0174135     0.059990189     0.061435655   2.0654188e-09        2.104592         2.104592       2572.1769                                                          2561.0836                                                       11.093242
             11       1288.7105     0.022771398      0.11647527       68.656494       3.0315681       1.0130736     0.059990189     0.061435655   2.0729714e-09        2.104592         2.104592       2573.2119                                                          2562.1186                                                       11.093242
             34       1288.6206     0.022822484      0.11671185        68.60698       3.0315681       1.0130736     0.060551094     0.061739741   2.0729714e-09        2.104592         2.104592       2573.0319                                                          2561.3967                                                        11.63522
              1       1288.3493     0.022822484      0.11671185        68.60698        3.029621       1.0162371     0.060551094     0.061739741   2.0689391e-09        2.104592         2.104592       2572.4894                                                          2560.8541                                                        11.63522
             22       1288.3979      0.02281976      0.11677993       68.631271        3.029621       1.0162371      0.06109007     0.060269344   2.0689391e-09        2.104592         2.104592       2572.5867                                                          2561.0921                                                       11.494543
             11       1288.2847     0.022806676      0.11673094       68.606383        3.029621       1.0162371     0.061121056     0.058980518   2.0689391e-09        2.104592         2.104592       2572.3603                                                          2560.7576                                                       11.602692
             12       1288.6631     0.022733492      0.11599494       68.644315        3.029621       1.0162371     0.062410552     0.068464797   2.0689391e-09        2.104592         2.104592        2573.117                                                           2562.204                                                       10.912958
             23       1289.1693     0.022733492      0.11599494       68.644315       3.0278446        1.015727     0.062410552     0.068464797   2.0652669e-09        2.104592         2.104592       2574.1294                                                          2563.2164                                                       10.912958
             29       1289.7316     0.022732089      0.11584786       68.618446       3.0278446        1.015727     0.063126873     0.070505967   2.0652669e-09        2.104592         2.104592        2575.254                                                          2564.2606                                                       10.993377
             21       1288.4347     0.022732089      0.11584786       68.618446       3.0292228       1.0209249     0.063126873     0.070505967   2.0681153e-09        2.104592         2.104592       2572.6602                                                          2561.6668                                                       10.993377
              7       1288.5898     0.022736936      0.11579294       68.597763       3.0292228       1.0209249     0.063392842      0.07306743   2.0681153e-09        2.104592         2.104592       2572.9705                                                          2561.8963                                                       11.074253
              8         1288.59     0.022814433      0.11564165       68.695054       3.0292228       1.0209249     0.063911054     0.083496914   2.0681153e-09        2.104592         2.104592       2572.9707                                                          2562.1543                                                       10.816444
              7       1288.8689     0.022838044      0.11548578       68.746717       3.0292228       1.0209249     0.064603556      0.08063214   2.0681153e-09        2.104592         2.104592       2573.5287                                                           2562.776                                                       10.752686
             48       1288.6797     0.022700236      0.11562193       69.043553       3.0292228       1.0209249     0.064591335     0.025025962   2.0681153e-09        2.104592         2.104592       2573.1503                                                          2562.2529                                                       10.897404
             29       1289.0267      0.02274943      0.11577549       69.147544       3.0292228       1.0209249     0.064859725      0.03248931   2.0681153e-09        2.104592         2.104592       2573.8441                                                          2562.7657                                                       11.078466
             47       1288.6433      0.02274943      0.11577549       69.147544        3.034478       1.0198462     0.064859725      0.03248931   2.0790124e-09        2.104592         2.104592       2573.0775                                                           2561.999                                                       11.078466
              3        1288.944      0.02272634      0.11584709       69.185685        3.034478       1.0198462     0.065827448     0.025353623   2.0790124e-09        2.104592         2.104592       2573.6788                                                          2562.4295                                                       11.249285
              1       1289.8559      0.02272634      0.11584709       69.185685        3.034435       1.0163667     0.065827448     0.025353623   2.0789229e-09        2.104592         2.104592       2575.5026                                                          2564.2533                                                       11.249285
              5       1290.3132     0.022648294      0.11585154       68.974336        3.034435       1.0163667     0.066916359     0.027468614   2.0789229e-09        2.104592         2.104592       2576.4172                                                          2565.7112                                                       10.706036
              2       1289.0112     0.022564274      0.11640565       69.030092        3.034435       1.0163667     0.062322395   0.00054438363   2.0789229e-09        2.104592         2.104592       2573.8133                                                          2563.0559                                                       10.757413
             10       1287.6845     0.022564274      0.11640565       69.030092       3.0239273       1.0290627     0.062322395   0.00054438363   2.0571926e-09        2.104592         2.104592       2571.1599                                                          2560.4025                                                       10.757413
              9       1287.7044     0.022558743      0.11642448       69.024377       3.0239273       1.0290627     0.062303183   0.00073609939   2.0571926e-09        2.104592         2.104592       2571.1997                                                          2560.4564                                                       10.743271
             14       1287.7857     0.022558743      0.11642448       69.024377       3.0188935       1.0315482     0.062303183   0.00073609939   2.0468631e-09        2.104592         2.104592       2571.3622                                                          2560.6189                                                       10.743271
             32       1287.4504     0.022575498      0.11649323       68.976083       3.0188935       1.0315482     0.062193271    0.0011531455   2.0468631e-09        2.104592         2.104592       2570.6916                                                          2560.0831                                                       10.608494
             22       1289.2924     0.022602615      0.11661236       69.064928       3.0188935       1.0315482     0.063517276    0.0073091271   2.0468631e-09        2.104592         2.104592       2574.3756                                                          2563.6487                                                       10.726935
              8        1292.052     0.022667762      0.11676594       69.182907       3.0188935       1.0315482     0.061468724     0.029342745   2.0468631e-09        2.104592         2.104592       2579.8947                                                          2568.8845                                                       11.010218
              3       1290.1626     0.022723378      0.11573196       68.790612       3.0188935       1.0315482     0.065419023      0.03620476   2.0468631e-09        2.104592         2.104592        2576.116                                                          2565.3513                                                       10.764749
              6       1290.7914     0.022723378      0.11573196       68.790612        3.024969       1.0216849     0.065419023      0.03620476   2.0593366e-09        2.104592         2.104592       2577.3737                                                          2566.6089                                                       10.764749
              2       1290.6098     0.022703721      0.11571439       68.569388        3.024969       1.0216849     0.062683923     0.044882803   2.0593366e-09        2.104592         2.104592       2577.0105                                                          2565.5586                                                       11.451886
              4       1290.4989     0.022743561      0.11569686       68.649857        3.024969       1.0216849     0.060416878     0.044852932   2.0593366e-09        2.104592         2.104592       2576.7887                                                          2565.5842                                                       11.204461
              2       1291.7057      0.02268792      0.11548756       68.700202        3.024969       1.0216849     0.059391541     0.040380218   2.0593366e-09        2.104592         2.104592       2579.2023                                                          2568.2977                                                        10.90464
              2       1290.2113      0.02268792      0.11548756       68.700202       3.0073135       1.0354387     0.059391541     0.040380218   2.0232971e-09        2.104592         2.104592       2576.2135                                                          2565.3089                                                        10.90464
              4       1290.2079     0.022691652      0.11564456        68.69114       3.0073135       1.0354387     0.060288991     0.037854494   2.0232971e-09        2.104592         2.104592       2576.2067                                                          2565.2531                                                       10.953577
             16       1289.5193     0.022719226      0.11757041       68.468482       3.0073135       1.0354387     0.056167419     0.056315925   2.0232971e-09        2.104592         2.104592       2574.8293                                                          2562.3891                                                       12.440201
              6       1289.7617     0.022719226      0.11757041       68.468482       3.0050691       1.0384443     0.056167419     0.056315925   2.0187611e-09        2.104592         2.104592       2575.3141                                                          2562.8739                                                       12.440201
              2       1289.7541     0.022718921      0.11757093       68.467431       3.0050691       1.0384443     0.056129156     0.056278359   2.0187611e-09        2.104592         2.104592        2575.299                                                          2562.8506                                                       12.448355
              3       1289.8536     0.022718921      0.11757093       68.467431       3.0059087       1.0391149     0.056129156     0.056278359   2.0204568e-09        2.104592         2.104592       2575.4981                                                          2563.0497                                                       12.448355
              2        1290.875      0.02278518      0.11665421       68.402401       3.0059087       1.0391149      0.05477624      0.07391432   2.0204568e-09        2.104592         2.104592       2577.5409                                                          2564.6679                                                       12.872981
             22       1290.3484     0.022406399      0.11777735       68.144028       3.0059087       1.0391149     0.057436836      0.05546411   2.0204568e-09        2.104592         2.104592       2576.4876                                                          2562.8904                                                       13.597173
             22       1289.8132     0.022450771      0.11799276       68.116682       3.0059087       1.0391149     0.055334085     0.041699707   2.0204568e-09        2.104592         2.104592       2575.4172                                                          2560.7478                                                        14.66934
             24       1290.4264     0.022419556       0.1179208       68.231701       3.0059087       1.0391149     0.057310143     0.045941969   2.0204568e-09        2.104592         2.104592       2576.6437                                                          2563.6405                                                       13.003217
              5       1290.2433     0.022383961      0.11828534       67.964865       3.0059087       1.0391149      0.05552749     0.030497051   2.0204568e-09        2.104592         2.104592       2576.2775                                                          2559.6895                                                        16.58802
             27       1291.5793     0.022383961      0.11828534       67.964865       3.0034488       1.0311817      0.05552749     0.030497051   2.0154927e-09        2.104592         2.104592       2578.9495                                                          2562.3615                                                        16.58802
              4       1290.3305     0.022383961      0.11828534       67.964865       3.0081552        1.037315      0.05552749     0.030497051   2.0250009e-09        2.104592         2.104592       2576.4518                                                          2559.8638                                                        16.58802
              5       1290.5022     0.022383961      0.11828534       67.964865       3.0156317       1.0280869      0.05552749     0.030497051   2.0401975e-09        2.104592         2.104592       2576.7953                                                          2560.2073                                                        16.58802
             15       1290.8458     0.022362723      0.11847735       68.058228       3.0156317       1.0280869     0.055554797      0.02969937   2.0401975e-09        2.104592         2.104592       2577.4825                                                          2562.2905                                                        15.19201
              7       1290.8205     0.022360076      0.11848969       68.050148       3.0156317       1.0280869     0.055593127      0.02901527   2.0401975e-09        2.104592         2.104592       2577.4319                                                          2562.1328                                                       15.299091
             13       1290.6812     0.022360076      0.11848969       68.050148       3.0143806       1.0284708     0.055593127      0.02901527   2.0376466e-09        2.104592         2.104592       2577.1532                                                          2561.8542                                                       15.299091
             50       1290.6642     0.022242259      0.11580131        68.28066       3.0143806       1.0284708     0.056333447     0.059444283   2.0376466e-09        2.104592         2.104592       2577.1192                                                          2566.1899                                                       10.929314
              7       1291.2119     0.022242259      0.11580131        68.28066       2.9919063       1.0434357     0.056333447     0.059444283   1.9923627e-09        2.104592         2.104592       2578.2147                                                          2567.2854                                                       10.929314
              6        1289.109     0.022285344      0.11624059       68.276444       2.9919063       1.0434357     0.053241166     0.068133067   1.9923627e-09        2.104592         2.104592       2574.0088                                                          2562.9223                                                       11.086463
             13       1289.6632     0.022272458      0.11698403       68.114303       2.9919063       1.0434357     0.053246317     0.056091023   1.9923627e-09        2.104592         2.104592       2575.1173                                                          2562.5427                                                       12.574578
             10       1289.5624     0.022272458      0.11698403       68.114303       2.9913332       1.0451811     0.053246317     0.056091023   1.9912212e-09        2.104592         2.104592       2574.9157                                                          2562.3411                                                       12.574578
             14       1289.5253     0.022279882      0.11703391       68.146891       2.9913332       1.0451811      0.05351923     0.051437076   1.9912212e-09        2.104592         2.104592       2574.8415                                                          2562.4229                                                       12.418561
             11       1289.0723     0.022367013      0.11710059       68.180686       2.9913332       1.0451811      0.05221727     0.046691302   1.9912212e-09        2.104592         2.104592       2573.9354                                                          2561.1614                                                       12.774052
             33       1289.3786      0.02236785      0.11720267       68.301172       2.9913332       1.0451811     0.051043469      0.04868177   1.9912212e-09        2.104592         2.104592       2574.5479                                                          2562.7813                                                         11.7666
             34        1289.244     0.022377921      0.11721091       68.236222       2.9913332       1.0451811     0.051638348      0.02087081   1.9912212e-09        2.104592         2.104592       2574.2789                                                          2561.4743                                                       12.804545
              4       1289.4859     0.022331706      0.11713945       68.194096       2.9913332       1.0451811     0.053085719     0.015218338   1.9912212e-09        2.104592         2.104592       2574.7626                                                          2561.7962                                                        12.96643
              4       1289.1877     0.022338763      0.11715437       68.240173       2.9913332       1.0451811     0.053665803     0.014121116   1.9912212e-09        2.104592         2.104592       2574.1662                                                          2561.5632                                                        12.60302
              1        1288.938     0.022335644      0.11715518       68.256824       2.9913332       1.0451811     0.053409608     0.015978244   1.9912212e-09        2.104592         2.104592       2573.6668                                                          2561.2644                                                       12.402394
              5       1288.7835     0.022611948       0.1170837       68.526517       2.9913332       1.0451811     0.053755634     0.018964102   1.9912212e-09        2.104592         2.104592       2573.3578                                                          2561.5578                                                       11.800004
              8       1288.9889     0.022611948       0.1170837       68.526517       2.9946807       1.0462573     0.053755634     0.018964102   1.9978979e-09        2.104592         2.104592       2573.7686                                                          2561.9686                                                       11.800004
              1       1288.7282     0.022615562      0.11731507       68.521227       2.9946807       1.0462573     0.054394718     0.016476305   1.9978979e-09        2.104592         2.104592       2573.2471                                                          2561.3049                                                        11.94219
              7       1288.7142     0.022617802      0.11731415       68.531675       2.9946807       1.0462573     0.054299867     0.015789482   1.9978979e-09        2.104592         2.104592       2573.2192                                                          2561.3326                                                       11.886508
              5       1287.6887     0.022617802      0.11731415       68.531675       3.0149734       1.0188694     0.054299867     0.015789482   2.0388548e-09        2.104592         2.104592       2571.1683                                                          2559.2818                                                       11.886508
              3        1287.687     0.022618034      0.11731028       68.531904       3.0149734       1.0188694     0.054306484     0.015791822   2.0388548e-09        2.104592         2.104592       2571.1648                                                          2559.2796                                                       11.885243
              2        1287.855     0.022584772      0.11719575       68.497924       3.0149734       1.0188694     0.054739333     0.021407561   2.0388548e-09        2.104592         2.104592       2571.5008                                                          2559.6536                                                       11.847204
