#                 weight             minuslogpost                 omegabh2                 omegach2                       H0                     logA                       ns                      tau                      mnu                       As            minuslogprior         minuslogprior__0                     chi2 chi2__sbt_spt_audit.likelihoods.candl_cobaya.CandlCobayaLikelihood chi2__sbt_spt_audit.likelihoods.desi_dr2_bao.DESIDR2BAOGaussian
                      20       1293.9745185582549     0.023052089119237555      0.11571927532063535        68.79142774093097       3.0162119000000001       1.0113053000000001     0.052866270994523443     0.096157287687221732   2.0413815458655734e-09       2.1045919762829826       2.1045919762829826       2583.7398531639437                                                 2572.6750856653762                                              11.064767498567665
                      21       1293.9079009148691     0.023052089119237555      0.11571927532063535        68.79142774093097       3.0143806641874726       1.0176424906655923     0.052866270994523443     0.096157287687221732   2.0376467155929324e-09       2.1045919762829826       2.1045919762829826       2583.6066178771721                                                 2572.5418503786045                                              11.064767498567665
                      14       1294.4431924374412     0.023055905083224359      0.11544589042708686       68.786068409150104       3.0143806641874726       1.0176424906655923     0.052742523260871838      0.09878532048798716   2.0376467155929324e-09       2.1045919762829826       2.1045919762829826       2584.6772009223164                                                 2573.6024121264772                                              11.074788795839041
                       3       1294.9864895357753     0.023055905083224359      0.11544589042708686       68.786068409150104       2.9908403664115841       1.0368349750330832     0.052742523260871838      0.09878532048798716   1.9902400774960088e-09       2.1045919762829826       2.1045919762829826       2585.7637951189845                                                 2574.6890063231453                                              11.074788795839041
                      24       1294.7323453842021     0.023104468866775543      0.11606880072660064       68.785086099963991       2.9908403664115841       1.0368349750330832     0.050988528093922181      0.08832042555369371   1.9902400774960088e-09       2.1045919762829826       2.1045919762829826       2585.2555068158381                                                 2573.8394364173078                                              11.416070398530255
                      13       1295.2813029578317     0.022745788657981068        0.115714558763265       69.266099165952554       2.9908403664115841       1.0368349750330832     0.051991512825812422     0.044171181865864002   1.9902400774960088e-09       2.1045919762829826       2.1045919762829826       2586.3534219630974                                                 2574.5985532351128                                              11.754868727984752
                       1       1294.6661840749512     0.022962362292467259      0.11678648103305356       68.972403985223522       2.9908403664115841       1.0368349750330832     0.046970178811081828     0.043402537750817406   1.9902400774960088e-09       2.1045919762829826       2.1045919762829826       2585.1231841973363                                                 2574.4571381880919                                              10.666046009244157
                       1       1294.1194727830393     0.022962362292467259      0.11678648103305356       68.972403985223522       2.9894133571972188       1.0361011962663931     0.046970178811081828     0.043402537750817406   1.9874020120210231e-09       2.1045919762829826       2.1045919762829826       2584.0297616135126                                                 2573.3637156042682                                              10.666046009244157
                       3       1293.8522171588925      0.02304001547438779      0.11651776974377302       69.050600374285168       2.9894133571972188       1.0361011962663931     0.049614092480583731     0.045089909289076344   1.9874020120210231e-09       2.1045919762829826       2.1045919762829826       2583.4952503652189                                                 2572.8272543360308                                              10.667996029188096
                      22       1294.1101550049664     0.023061651187691525      0.11638457777532499       69.102018151311711       2.9894133571972188       1.0361011962663931     0.048913255574570033     0.051554614043322865   1.9874020120210231e-09       2.1045919762829826       2.1045919762829826       2584.0111260573667                                                 2573.4031855556764                                              10.607940501690557
                      33       1293.5411374795679     0.022627748482273814      0.11612083723260906       68.890861432246652       2.9894133571972188       1.0361011962663931     0.050655916715177753     0.044381808398274269   1.9874020120210231e-09       2.1045919762829826       2.1045919762829826       2582.8730910065697                                                 2572.3845455331407                                              10.488545473428971
                       7       1294.5868432158256     0.022627748482273814      0.11612083723260906       68.890861432246652       2.9795523450289227       1.0481051073254575     0.050655916715177753     0.044381808398274269   1.9679005268147135e-09       2.1045919762829826       2.1045919762829826       2584.9645024790852                                                 2574.4759570056563                                              10.488545473428971
                      12       1293.8040425726028     0.022691930368125893      0.11628103498137717       68.840155985076521       2.9795523450289227       1.0481051073254575     0.047325416124568191     0.042942497742785316   1.9679005268147135e-09       2.1045919762829826       2.1045919762829826       2583.3989011926396                                                 2572.8927435062656                                              10.506157686374081
                       5       1296.2700947382073     0.022763737355613229      0.11659834127270313       68.886437647176521       2.9795523450289227       1.0481051073254575     0.047172533747880108     0.065334464851142471   1.9679005268147135e-09       2.1045919762829826       2.1045919762829826       2588.3310055238485                                                 2577.9429568632904                                              10.388048660558049
                       2       1299.4271056994394     0.022763737355613229      0.11659834127270313       68.886437647176521       3.0037541487357431        1.030337539467356     0.047172533747880108     0.065334464851142471   2.0161082732610821e-09       2.1045919762829826       2.1045919762829826       2594.6450274463127                                                 2584.2569787857547                                              10.388048660558049
                      10       1298.6191565447696      0.02258630401113387      0.11852595546824293       68.104964111740316       3.0037541487357431        1.030337539467356     0.049336396309230417      0.06286309569736416   2.0161082732610821e-09       2.1045919762829826       2.1045919762829826       2593.0291291369731                                                 2577.0231936975501                                              16.005935439422913
                       3       1298.1594852440294      0.02258630401113387      0.11852595546824293       68.104964111740316       2.9954837281179683       1.0373194907571817     0.049336396309230417      0.06286309569736416   1.9995029708976706e-09       2.1045919762829826       2.1045919762829826       2592.1097865354927                                                 2576.1038510960698                                              16.005935439422913
                       3       1297.7479695412806     0.022503476377997076       0.1188094290061175       67.865825802886121       2.9954837281179683       1.0373194907571817     0.050973523162664409     0.051777580871345548   1.9995029708976706e-09       2.1045919762829826       2.1045919762829826       2591.2867551299951                                                 2571.7695546756549                                              19.517200454340305
                       4       1298.6913506176506     0.022539029431939115      0.11892183916535697       67.879445024152218       2.9954837281179683       1.0373194907571817     0.052752735393485982     0.048034308714272916   1.9995029708976706e-09       2.1045919762829826       2.1045919762829826       2593.1735172827352                                                 2573.2473183236261                                              19.926198959109239
                      18       1298.8236427557022     0.022539029431939115      0.11892183916535697       67.879445024152218       2.9950518119334624        1.037527899222527     0.052752735393485982     0.048034308714272916   1.9986395396819537e-09       2.1045919762829826       2.1045919762829826       2593.4381015588383                                                 2573.5119025997292                                              19.926198959109239
                      11       1298.2206517618192       0.0224098404831698      0.11761069585510457       67.604364025680809       2.9950518119334624        1.037527899222527      0.04954394363796457     0.089869869865612156   1.9986395396819537e-09       2.1045919762829826       2.1045919762829826       2592.2321195710724                                                  2571.181659293341                                              21.050460277731428
                       4       1297.6114015681997      0.02241251399182935      0.11773118921180842       67.685051376312614       2.9950518119334624        1.037527899222527     0.049569576370112341     0.089834038554439208   1.9986395396819537e-09       2.1045919762829826       2.1045919762829826       2591.0136191838333                                                 2571.3685150449446                                              19.645104138888691
                       3       1300.9527702880027      0.02229974223160049      0.11832942344372492        67.73203705926889       2.9950518119334624        1.037527899222527     0.055757364416213116     0.045594878808721886   1.9986395396819537e-09       2.1045919762829826       2.1045919762829826       2597.6963566234394                                                 2578.5379717411915                                              19.158384882247962
                       1       1298.6001963624758      0.02229974223160049      0.11832942344372492        67.73203705926889       2.9984322135828538       1.0374929182917743     0.055757364416213116     0.045594878808721886   2.0054071762988786e-09       2.1045919762829826       2.1045919762829826       2592.9912087723856                                                 2573.8328238901377                                              19.158384882247962
                      12        1296.236835662349     0.022377186393672612      0.11779644504304865       67.942196807720293       2.9984322135828538       1.0374929182917743     0.050692617118213934     0.068845199823565587   2.0054071762988786e-09       2.1045919762829826       2.1045919762829826        2588.264487372132                                                 2572.6291426393486                                              15.635344732783391
                       2       1296.2769516423957     0.022377186393672612      0.11779644504304865       67.942196807720293       2.9962570651549525       1.0345497160552659     0.050692617118213934     0.068845199823565587   2.0010498586563307e-09       2.1045919762829826       2.1045919762829826       2588.3447193322254                                                 2572.7093745994421                                              15.635344732783391
                      15        1296.288822286496     0.022376707222231375      0.11780191633334205       67.942500147091735       2.9962570651549525       1.0345497160552659     0.050692848677041075     0.068689875326382821   2.0010498586563307e-09       2.1045919762829826       2.1045919762829826        2588.368460620426                                                 2572.7348051109188                                               15.63365550950707
                       1       1296.3326639478475       0.0223892331112782      0.11780694561947407       67.948554671413021       2.9962570651549525       1.0345497160552659     0.050967665445169529     0.069255304669941856   2.0010498586563307e-09       2.1045919762829826       2.1045919762829826       2588.4561439431291                                                 2572.7956365751406                                              15.660507367988313
                       5       1295.9894298809595       0.0223892331112782      0.11780694561947407       67.948554671413021       2.9950526968085769       1.0395580386453735     0.050967665445169529     0.069255304669941856   1.9986413082291274e-09       2.1045919762829826       2.1045919762829826        2587.769675809353                                                 2572.1091684413645                                              15.660507367988313
                       4       1295.2224583497925     0.022397052250066374      0.11617754448167865        67.96073737173046       2.9950526968085769       1.0395580386453735     0.052256073859512912     0.091899204183566341   1.9986413082291274e-09       2.1045919762829826       2.1045919762829826        2586.235732747019                                                 2572.1131495003192                                              14.122583246699948
                       4       1295.2563838736294     0.022334509379801918      0.11571745422489867       68.162088903027424       2.9950526968085769       1.0395580386453735     0.052774710986188855     0.070581159681123357   1.9986413082291274e-09       2.1045919762829826       2.1045919762829826       2586.3035837946927                                                 2574.3756070299696                                              11.927976764722944
                       1       1294.8332158991154     0.022381003324522197      0.11576343014492446       68.230269381264918       2.9950526968085769       1.0395580386453735     0.052254255380018988     0.068165849411158955   1.9986413082291274e-09       2.1045919762829826       2.1045919762829826       2585.4572478456648                                                 2573.7337064141184                                              11.723541431546533
                      12       1295.1156192057574     0.022505070110044323      0.11620439318884912       67.942617516158265       2.9950526968085769       1.0395580386453735     0.052173437327484196      0.11298851885274837   1.9986413082291274e-09       2.1045919762829826       2.1045919762829826       2586.0220544589488                                                 2571.1539219844581                                              14.868132474490817
                       5       1295.2453072847168     0.022505070110044323      0.11620439318884912       67.942617516158265       2.9961807623200252       1.0395366413519567     0.052173437327484196      0.11298851885274837   2.0008971787043153e-09       2.1045919762829826       2.1045919762829826       2586.2814306168675                                                 2571.4132981423768                                              14.868132474490817
                       4        1294.890293924748     0.022508605851555147      0.11608060627674778        67.97886108558383       2.9961807623200252       1.0395366413519567     0.053196648483374374      0.10973246454399452   2.0008971787043153e-09       2.1045919762829826       2.1045919762829826         2585.57140389693                                                  2571.132185262436                                              14.439218634493814
                       9       1294.8705054791467     0.022503514794933559      0.11610933478836412       67.969843047750075       2.9961807623200252       1.0395366413519567      0.05336343234369318      0.11068181471090105   2.0008971787043153e-09       2.1045919762829826       2.1045919762829826       2585.5318270057273                                                 2571.0290291696356                                              14.502797836091542
                      21       1296.9538799155546     0.022465823989380729      0.11655996405026613       67.703839447492825       2.9961807623200252       1.0395366413519567     0.053234405350659576      0.11018261262147024   2.0008971787043153e-09       2.1045919762829826       2.1045919762829826       2589.6985758785431                                                 2571.3071604306806                                               18.39141544786267
                       6        1295.520500242495     0.022581371109476146       0.1168829725379624       68.004936914018145       2.9961807623200252       1.0395366413519567     0.051323152471060202      0.10772629883396594   2.0008971787043153e-09       2.1045919762829826       2.1045919762829826        2586.831816532424                                                 2571.5654534353216                                              15.266363097102266
                      14       1294.3956631769843     0.022661512475512739      0.11645357323096256       68.198773380908008       2.9961807623200252       1.0395366413519567     0.051651777011598288      0.10135741364414197   2.0008971787043153e-09       2.1045919762829826       2.1045919762829826       2584.5821424014025                                                 2571.0986676363168                                              13.483474765085843
                      39       1294.4369039999983     0.022675488679368198      0.11659946566193273        68.15325997491432       2.9961807623200252       1.0395366413519567     0.052416138543291878      0.10274354597583682   2.0008971787043153e-09       2.1045919762829826       2.1045919762829826       2584.6646240474306                                                 2570.5099835688447                                              14.154640478585785
                      11         1301.11027374627     0.022687835487211996       0.1164035916522705       68.061007618250926       2.9961807623200252       1.0395366413519567     0.049165111306828893     0.078980686319401291   2.0008971787043153e-09       2.1045919762829826       2.1045919762829826       2598.0113635399739                                                  2582.091739117523                                               15.91962442245087
                      13       1296.9420840714263     0.022568248239504599       0.1171203318281225       67.905009635729641       2.9961807623200252       1.0395366413519567     0.050272584472758432      0.08474383716316948   2.0008971787043153e-09       2.1045919762829826       2.1045919762829826       2589.6749841902865                                                 2572.3522432930927                                              17.322740897193711
                       6       1296.4167784217577     0.022568248239504599       0.1171203318281225       67.905009635729641        3.006480208873942       1.0224738992953637     0.050272584472758432      0.08474383716316948   2.0216118037283791e-09       2.1045919762829826       2.1045919762829826       2588.6243728909494                                                 2571.3016319937556                                              17.322740897193711
                      11       1296.3690911147378     0.022450215431361355      0.11701137365971678       67.965872721771447        3.006480208873942       1.0224738992953637     0.049703787549228828     0.082101823578467514   2.0216118037283791e-09       2.1045919762829826       2.1045919762829826       2588.5289982769095                                                 2573.3293417914547                                              15.199656485455062
                       3       1296.5486530645619     0.022459169891292558      0.11706433192773166       67.967808267035153        3.006480208873942       1.0224738992953637        0.049342520843239      0.07783413148563828   2.0216118037283791e-09       2.1045919762829826       2.1045919762829826       2588.8881221765578                                                 2573.5029085062652                                              15.385213670292838
                       9       1295.1662265635734     0.022459169891292558      0.11706433192773166       67.967808267035153       2.9889008052050872       1.0411638297795978        0.049342520843239      0.07783413148563828   1.9863836261707387e-09       2.1045919762829826       2.1045919762829826       2586.1232691745809                                                 2570.7380555042882                                              15.385213670292838
                      26       1295.1720150163662      0.02244947894239601      0.11703170115404304       67.964324601755976       2.9889008052050872       1.0411638297795978     0.049406875621170313     0.074947129126905196   1.9863836261707387e-09       2.1045919762829826       2.1045919762829826       2586.1348460801664                                                 2570.7493909778004                                              15.385455102366093
                       4       1295.8803939356867     0.022555389778142355      0.11677215282424745        68.37907433952283       2.9889008052050872       1.0411638297795978     0.049394058498742316     0.094348264121504377   1.9863836261707387e-09       2.1045919762829826       2.1045919762829826       2587.5516039188074                                                 2576.0691061343887                                              11.482497784418682
                      13       1296.2831618491443     0.022555389778142355      0.11677215282424745        68.37907433952283       2.9870392960893475       1.0408533065850154     0.049394058498742316     0.094348264121504377   1.9826893944330696e-09       2.1045919762829826       2.1045919762829826       2588.3571397457226                                                  2576.874641961304                                              11.482497784418682
                       4       1296.0229073239248     0.022555389778142355      0.11677215282424745        68.37907433952283       2.9958716360995479       1.0336054157717538     0.049394058498742316     0.094348264121504377   2.0002787445139352e-09       2.1045919762829826       2.1045919762829826       2587.8366306952835                                                 2576.3541329108648                                              11.482497784418682
                      14       1295.1697717928585     0.022529650974422739      0.11658460998004419       68.340000739469033       2.9958716360995479       1.0336054157717538     0.048856520497698931     0.094090740355362371   2.0002787445139352e-09       2.1045919762829826       2.1045919762829826       2586.1303596331509                                                 2574.5581876109081                                              11.572172022242516
                       2       1294.3473458829312     0.022521622963757402      0.11669301436154747       68.321012497531783       2.9958716360995479       1.0336054157717538     0.049177305466390278     0.082471256633854267   2.0002787445139352e-09       2.1045919762829826       2.1045919762829826       2584.4855078132964                                                 2572.6413152599789                                              11.844192553317409
                      14       1294.3422252428743     0.022529682043709434      0.11670960937498777       68.294618721163303       2.9958716360995479       1.0336054157717538     0.048973323206935385     0.082504039361305334   2.0002787445139352e-09       2.1045919762829826       2.1045919762829826       2584.4752665331825                                                 2572.3748394652498                                              12.100427067932664
                      21       1293.7068013229459     0.022570759990923193      0.11597302216114756       68.260346710087447       2.9958716360995479       1.0336054157717538       0.0506768618271978     0.094361239801646346   2.0002787445139352e-09       2.1045919762829826       2.1045919762829826       2583.2044186933258                                                 2570.9865399547948                                               12.21787873853102
                      12       1294.6941456636378     0.022541153281007895      0.11598975317713221       68.260506926085029       2.9958716360995479       1.0336054157717538     0.048651459099178618     0.096291911990380022   2.0002787445139352e-09       2.1045919762829826       2.1045919762829826       2585.1791073747095                                                 2573.1596707973858                                              12.019436577323679
                       4       1294.4974242515846      0.02249833953449994      0.11590416603912761       68.292846772388259       2.9958716360995479       1.0336054157717538     0.048933812458110015     0.087698033668254793   2.0002787445139352e-09       2.1045919762829826       2.1045919762829826       2584.7856645506031                                                 2573.1394481957846                                              11.646216354818751
                       7       1294.0183816563576     0.022470868460061549      0.11582045690046822       68.213949089364149       2.9958716360995479       1.0336054157717538     0.051130478413734928     0.093435865725665965   2.0002787445139352e-09       2.1045919762829826       2.1045919762829826       2583.8275793601492                                                 2571.8469066302755                                              11.980672729873644
                      18       1294.0235800292048     0.022470868460061549      0.11582045690046822       68.213949089364149       2.9963638281355083       1.0334963829862744     0.051130478413734928     0.093435865725665965   2.0012635081082052e-09       2.1045919762829826       2.1045919762829826       2583.8379761058436                                                 2571.8573033759699                                              11.980672729873644
                       6       1294.0706375711779     0.022470868460061549      0.11582045690046822       68.213949089364149        2.997272366086829       1.0334693534211661     0.051130478413734928     0.093435865725665965   2.0030825581687957e-09       2.1045919762829826       2.1045919762829826       2583.9320911897898                                                 2571.9514184599161                                              11.980672729873644
                       8        1293.987175271958     0.022470868460061549      0.11582045690046822       68.213949089364149       2.9921714922712455       1.0405164849369533     0.051130478413734928     0.093435865725665965   1.9928911015619971e-09       2.1045919762829826       2.1045919762829826         2583.76516659135                                                 2571.7844938614762                                              11.980672729873644
                       6       1294.0789916994283     0.022470868460061549      0.11582045690046822       68.213949089364149       2.9926767637429097        1.040715254359792     0.051130478413734928     0.093435865725665965   1.9938983070164129e-09       2.1045919762829826       2.1045919762829826       2583.9487994462906                                                 2571.9681267164169                                              11.980672729873644
                      49       1293.9140113582525     0.022470868460061549      0.11582045690046822       68.213949089364149       2.9921197187769955       1.0393456448255245     0.051130478413734928     0.093435865725665965   1.9927879252969304e-09       2.1045919762829826       2.1045919762829826        2583.618838763939                                                 2571.6381660340653                                              11.980672729873644
                      24       1294.5707791675075      0.02235032269218604      0.11603714413596904       68.100765323033528       2.9921197187769955       1.0393456448255245     0.051884337172992401     0.098828314364844058   1.9927879252969304e-09       2.1045919762829826       2.1045919762829826       2584.9323743824489                                                 2572.7407155193882                                              12.191658863060852
                      26       1294.8197705823216      0.02235032269218604      0.11603714413596904       68.100765323033528       2.9996918655184523       1.0318890898703357     0.051884337172992401     0.098828314364844058   2.0079348830112624e-09       2.1045919762829826       2.1045919762829826       2585.4303572120771                                                 2573.2386983490164                                              12.191658863060852
                       1       1296.1418787236489     0.022233385458189165      0.11642384605564739       68.000620754873253       2.9996918655184523       1.0318890898703357     0.050818663954124786     0.093408225034872491   2.0079348830112624e-09       2.1045919762829826       2.1045919762829826       2588.0745734947318                                                 2575.4910916126282                                              12.583481882103577
                      28       1296.3523953884592     0.022195051946702033      0.11617360963695261       68.148216019582321       2.9996918655184523       1.0318890898703357     0.052639400208529502     0.087443866066182499   2.0079348830112624e-09       2.1045919762829826       2.1045919762829826       2588.4956068243523                                                 2577.2483670673564                                              11.247239756995697
                      11       1295.1888794300951     0.022611743398872931      0.11471052055387543       68.500245360324939       2.9996918655184523       1.0318890898703357     0.054573504163584877      0.14522292706324091   2.0079348830112624e-09       2.1045919762829826       2.1045919762829826       2586.1685749076241                                                 2575.7167019588815                                              10.451872948742638
                       2       1294.6991204431572     0.022613064968884239      0.11465203329580151       68.415983891267899       2.9996918655184523       1.0318890898703357     0.054378028079849962      0.14851789191728815   2.0079348830112624e-09       2.1045919762829826       2.1045919762829826       2585.1890569337484                                                 2574.5367262799591                                              10.652330653789146
                       2        1295.165035464953     0.022611095707884086      0.11474518280676974       68.397062732022178       2.9996918655184523       1.0318890898703357     0.055073702790356893      0.14725448933744428   2.0079348830112624e-09       2.1045919762829826       2.1045919762829826         2586.12088697734                                                 2575.3921542586577                                              10.728732718682336
                       3       1294.7472857701639     0.022611095707884086      0.11474518280676974       68.397062732022178       2.9880900792263239       1.0501648165408402     0.055073702790356893      0.14725448933744428   1.9847738659865842e-09       2.1045919762829826       2.1045919762829826       2585.2853875877618                                                 2574.5566548690795                                              10.728732718682336
                      20       1295.3415331888878     0.022611095707884086      0.11474518280676974       68.397062732022178       3.0122840352997984       1.0289891135177718     0.055073702790356893      0.14725448933744428   2.0333790020952005e-09       2.1045919762829826       2.1045919762829826       2586.4738824252095                                                 2575.7451497065272                                              10.728732718682336
                       4       1296.3885513246539     0.022611095707884086      0.11474518280676974       68.397062732022178       2.9859087128760575       1.0614849700572428     0.055073702790356893      0.14725448933744428   1.9804490657641842e-09       2.1045919762829826       2.1045919762829826       2588.5679186967418                                                 2577.8391859780595                                              10.728732718682336
                      37       1295.8968163801405     0.022611095707884086      0.11474518280676974       68.397062732022178        2.982501910277934       1.0607936856403326     0.055073702790356893      0.14725448933744428   1.9737135465482085e-09       2.1045919762829826       2.1045919762829826        2587.584448807715                                                 2576.8557160890327                                              10.728732718682336
                      25       1295.9830804268545     0.022604458841225906      0.11481495494995983       68.354527249628873        2.982501910277934       1.0607936856403326     0.054462811850176034      0.14878958926982083   1.9737135465482085e-09       2.1045919762829826       2.1045919762829826       2587.7569769011429                                                   2576.88137070113                                               10.87560620001312
                       7       1297.1763763974193     0.022578249442255695       0.1149554079057041       68.436274670979344        2.982501910277934       1.0607936856403326     0.054422931089288265       0.1574707333409518   1.9737135465482085e-09       2.1045919762829826       2.1045919762829826       2590.1435688422725                                                 2579.6709132728179                                              10.472655569454819
                      13       1296.9614541654616     0.022607894571396465      0.11474983461567603       68.338298300295676        2.982501910277934       1.0607936856403326     0.053234703856769025      0.16790744819128026   1.9737135465482085e-09       2.1045919762829826       2.1045919762829826       2589.7137243783573                                                 2578.9269918155555                                              10.786732562801637
                       6       1297.7905082584741     0.022678221069772995      0.11508254263179507        68.45230627498124        2.982501910277934       1.0607936856403326     0.056578122073462724      0.15222688236471602   1.9737135465482085e-09       2.1045919762829826       2.1045919762829826       2591.3718325643822                                                  2580.672567967521                                              10.699264596861152
                       6       1297.3794697710782     0.022627740894655586      0.11512695518133165       68.335097798071487        2.982501910277934       1.0607936856403326     0.056851383103012576      0.15018673667069546   1.9737135465482085e-09       2.1045919762829826       2.1045919762829826       2590.5497555895904                                                 2579.4635099974757                                              11.086245592114889
                       5       1294.2390156111483     0.022627740894655586      0.11512695518133165       68.335097798071487       3.0017713384910714       1.0413886364761507     0.056851383103012576      0.15018673667069546   2.0121146737059634e-09       2.1045919762829826       2.1045919762829826       2584.2688472697305                                                 2573.1826016776158                                              11.086245592114889
                      34       1294.4028130665088     0.022611823222318996      0.11512426605593234       68.324722590983441       3.0017713384910714       1.0413886364761507     0.055928647890120912      0.15107240184030557   2.0121146737059634e-09       2.1045919762829826       2.1045919762829826       2584.5964421804515                                                 2573.5255510813204                                              11.070891099131245
                      15       1294.5740606455497     0.022611823222318996      0.11512426605593234       68.324722590983441       3.0060385809431129       1.0371209545490527     0.055928647890120912      0.15107240184030557   2.0207192006043019e-09       2.1045919762829826       2.1045919762829826       2584.9389373385334                                                 2573.8680462394022                                              11.070891099131245
                      16         1294.70470106424     0.022611823222318996      0.11512426605593234       68.324722590983441       3.0068899147593835       1.0369283911021649     0.055928647890120912      0.15107240184030557   2.0224402396783989e-09       2.1045919762829826       2.1045919762829826        2585.200218175914                                                 2574.1293270767828                                              11.070891099131245
                       5       1294.1519876787731     0.022637264336098948      0.11511910208411968        68.35539783158714       3.0068899147593835       1.0369283911021649     0.056240953606550702      0.14374007716932696   2.0224402396783989e-09       2.1045919762829826       2.1045919762829826       2584.0947914049802                                                 2573.0162375724649                                              11.078553832515526
                      25       1294.1159512683068     0.022637264336098948      0.11511910208411968        68.35539783158714       3.0097766045477279       1.0307849027620015     0.056240953606550702      0.14374007716932696   2.0282868318548214e-09       2.1045919762829826       2.1045919762829826       2584.0227185840477                                                 2572.9441647515323                                              11.078553832515526
                      14       1295.0122324376725     0.022646245318526586      0.11506341806729409       68.437178294931982       3.0097766045477279       1.0307849027620015     0.054753973334269915      0.14574056277343184   2.0282868318548214e-09       2.1045919762829826       2.1045919762829826        2585.815280922779                                                 2575.1007714348702                                              10.714509487908682
                       3       1296.3784345338454     0.022646245318526586      0.11506341806729409       68.437178294931982       3.0158435373010941        1.025796730285045     0.054753973334269915      0.14574056277343184   2.0406297155314684e-09       2.1045919762829826       2.1045919762829826       2588.5476851151248                                                  2577.833175627216                                              10.714509487908682
                      23       1296.3892089255557     0.022646053448017536      0.11506602770966939       68.437362673906193       3.0158435373010941        1.025796730285045     0.054737031374956439      0.14566447857473858   2.0406297155314684e-09       2.1045919762829826       2.1045919762829826       2588.5692338985455                                                 2577.8551410759264                                              10.714092822619113
                      41       1296.0920958431304     0.022658435510664855      0.11528219193691887       68.440027205613376       3.0158435373010941        1.025796730285045     0.055207409247847013      0.14420951098375828   2.0406297155314684e-09       2.1045919762829826       2.1045919762829826       2587.9750077336948                                                 2577.2015163400106                                              10.773491393684445
                       2       1296.7762795593912     0.022853290352454536      0.11500111043914174       68.513613888694223       3.0158435373010941        1.025796730285045     0.054337347665018382      0.15717639430840671   2.0406297155314684e-09       2.1045919762829826       2.1045919762829826       2589.3433751662164                                                 2578.4025049215497                                              10.940870244666927
                      10       1295.4685259543417     0.022853290352454536      0.11500111043914174       68.513613888694223       3.0115530008784019       1.0283010345604982     0.054337347665018382      0.15717639430840671   2.0318930752509342e-09       2.1045919762829826       2.1045919762829826       2586.7278679561173                                                 2575.7869977114506                                              10.940870244666927
                      19       1296.7606218344881     0.022853290352454536      0.11500111043914174       68.513613888694223       3.0203699509975119       1.0174164154921479     0.054337347665018382      0.15717639430840671    2.049887386042217e-09       2.1045919762829826       2.1045919762829826       2589.3120597164102                                                 2578.3711894717435                                              10.940870244666927
                      27       1294.7289743762417     0.022853290352454536      0.11500111043914174       68.513613888694223       2.9960160624611558       1.0413093805596383     0.054337347665018382      0.15717639430840671   2.0005676583580926e-09       2.1045919762829826       2.1045919762829826       2585.2487647999174                                                 2574.3078945552506                                              10.940870244666927
                       9       1294.3007300395363     0.022850834182602437      0.11469047876446785       68.567627275111988       2.9960160624611558       1.0413093805596383     0.054645411330639562      0.15604262057296758   2.0005676583580926e-09       2.1045919762829826       2.1045919762829826       2584.3922761265067                                                 2573.6826882461905                                              10.709587880316148
                       6       1294.4059921995411     0.022762977588353848      0.11514194890813921       68.410028581572945       2.9960160624611558       1.0413093805596383      0.05521376563734659      0.14899414250428047   2.0005676583580926e-09       2.1045919762829826       2.1045919762829826       2584.6028004465161                                                 2573.3691197956655                                              11.233680650850452
                       2       1294.7700738332303     0.022783784597851329      0.11501686467250619       68.296367684904169       2.9960160624611558       1.0413093805596383     0.056130732311000207      0.14112083029869738   2.0005676583580926e-09       2.1045919762829826       2.1045919762829826       2585.3309637138946                                                 2573.1208531736829                                              12.210110540211481
                      14       1294.3793710441898     0.022783784597851329      0.11501686467250619       68.296367684904169       3.0018161639162266       1.0388554322977694     0.056130732311000207      0.14112083029869738   2.0122048696231937e-09       2.1045919762829826       2.1045919762829826       2584.5495581358136                                                  2572.339447595602                                              12.210110540211481
                      22       1294.4297682236534     0.022862328576433253      0.11491140785632642         68.6147410708964       3.0018161639162266       1.0388554322977694      0.05791937388109715      0.14571275775863685   2.0122048696231937e-09       2.1045919762829826       2.1045919762829826       2584.6503524947407                                                 2573.9782376895878                                              10.672114805152999
                      16       1294.7743407842065     0.022872501988457063      0.11497501100698572       68.301077605540456       3.0018161639162266       1.0388554322977694     0.057654056480824431      0.15929649438238322   2.0122048696231937e-09       2.1045919762829826       2.1045919762829826        2585.339497615847                                                   2572.92421897537                                              12.415278640477235
                       8       1294.1692489765942     0.022869878353621802      0.11436542399996322       69.123547482431022       3.0018161639162266       1.0388554322977694     0.057462004023217092     0.078740181150608199   2.0122048696231937e-09       2.1045919762829826       2.1045919762829826       2584.1293140006223                                                 2572.7011899191102                                              11.428124081512003
                       9       1294.0396204343137     0.022842362141619454      0.11427473718166652       69.211529521497383       3.0018161639162266       1.0388554322977694     0.057287520184788339     0.079196476872563246   2.0122048696231937e-09       2.1045919762829826       2.1045919762829826       2583.8700569160615                                                 2571.8230145579282                                              12.047042358133277
                      22       1294.3685765110724     0.022812547737643039      0.11433052137920743       69.301702074919717       3.0018161639162266       1.0388554322977694     0.058279805232997493     0.073133849378233515   2.0122048696231937e-09       2.1045919762829826       2.1045919762829826       2584.5279690695788                                                 2571.7574029789102                                              12.770566090668728
                      17       1294.6799234886569     0.022760767367269587      0.11402594892956087          69.327006227119       3.0018161639162266       1.0388554322977694     0.057628804012997047     0.072691589245330646   2.0122048696231937e-09       2.1045919762829826       2.1045919762829826       2585.1506630247477                                                  2571.642299587561                                              13.508363437186887
                       5        1294.560397517849     0.022769789925975073      0.11407244683471002       69.294356820917727       3.0018161639162266       1.0388554322977694     0.057727741907475531      0.07189131005491757   2.0122048696231937e-09       2.1045919762829826       2.1045919762829826       2584.9116110831319                                                 2571.7964036024878                                              13.115207480644244
                       2       1294.3649262219026     0.022772955447652333      0.11413454969158544       69.295067964869304       3.0018161639162266       1.0388554322977694     0.057363118802482613     0.074245628470710187   2.0122048696231937e-09       2.1045919762829826       2.1045919762829826       2584.5206684912391                                                 2571.4472820484971                                              13.073386442742272
                       7       1295.4947365067853      0.02272274620201533      0.11408220805084991       69.387394606798694       3.0018161639162266       1.0388554322977694     0.054878706584144538     0.070634424405367754   2.0122048696231937e-09       2.1045919762829826       2.1045919762829826       2586.7802890610046                                                  2572.475674075411                                              14.304614985593538
                      23       1295.0169112498404     0.022729135470972772      0.11417534952720247       69.369144264402536       3.0018161639162266       1.0388554322977694      0.05548267278106761     0.075363275795938295   2.0122048696231937e-09       2.1045919762829826       2.1045919762829826       2585.8246385471148                                                 2571.7905844514357                                              14.034054095679183
                       2       1295.7733541826121     0.022729135470972772      0.11417534952720247       69.369144264402536       3.0044687296956374       1.0389854706512129      0.05548267278106761     0.075363275795938295   2.0175494607074686e-09       2.1045919762829826       2.1045919762829826       2587.3375244126582                                                 2573.3034703169792                                              14.034054095679183
                      13       1295.8267817210544     0.022729813426806689      0.11417030348332642       69.368815477934106       3.0044687296956374       1.0389854706512129     0.055419683899519984     0.075210859602554733   2.0175494607074686e-09       2.1045919762829826       2.1045919762829826       2587.4443794895428                                                 2573.4157198919515                                              14.028659597591123
                      17       1294.6473196624888     0.022748957961779972      0.11396442613892399       69.198420341339812       3.0044687296956374       1.0389854706512129     0.058158246119341055     0.079579620806229809   2.0175494607074686e-09       2.1045919762829826       2.1045919762829826       2585.0854553724116                                                 2572.5284316812563                                               12.55702369115512
                      15       1295.0352824056752     0.022748957961779972      0.11396442613892399       69.198420341339812       3.0012994323521753       1.0368248920375949     0.058158246119341055     0.079579620806229809   2.0111653684483854e-09       2.1045919762829826       2.1045919762829826       2585.8613808587843                                                  2573.304357167629                                               12.55702369115512
                      39       1294.7548063040804     0.022766392231835124      0.11499969401800994       69.179550226978591       3.0012994323521753       1.0368248920375949     0.058755291653448685     0.060858499638685615   2.0111653684483854e-09       2.1045919762829826       2.1045919762829826       2585.3004286555947                                                 2573.6739234243228                                              11.626505231272063
                      12       1295.5713313881561     0.022786217906214604      0.11440897473733683       69.331782451159015       3.0012994323521753       1.0368248920375949     0.052832008013693033     0.078947952968398599   2.0111653684483854e-09       2.1045919762829826       2.1045919762829826       2586.9334788237461                                                 2573.7760729130532                                              13.157405910693054
                      21        1296.028905471876      0.02287550683347632      0.11355926120288368       69.332002060595016       3.0012994323521753       1.0368248920375949      0.05545348800625309     0.087444941080266778   2.0111653684483854e-09       2.1045919762829826       2.1045919762829826       2587.8486269911859                                                 2574.4545237288835                                              13.394103262302586
                      58       1295.9480363407567      0.02281771586262709      0.11344735009537567       69.415779393921696       3.0012994323521753       1.0368248920375949      0.05595932063115841     0.087002558205032388   2.0111653684483854e-09       2.1045919762829826       2.1045919762829826       2587.6868887289475                                                 2572.9838726255143                                              14.703016103433232
                      38       1296.2708015060548     0.022721041175839847      0.11343798325673669       69.443321771368048       3.0012994323521753       1.0368248920375949     0.056719838206103386     0.077240889776415231   2.0111653684483854e-09       2.1045919762829826       2.1045919762829826       2588.3324190595436                                                 2572.6688816830647                                               15.66353737647885
                       6       1296.4753074132677     0.022721041175839847      0.11343798325673669       69.443321771368048       3.0010430504480086       1.0366916472265371     0.056719838206103386     0.077240889776415231   2.0106498081346197e-09       2.1045919762829826       2.1045919762829826       2588.7414308739694                                                 2573.0778934974905                                               15.66353737647885
                      35        1296.731492295924     0.022669301358845428      0.11336172719661386       69.157845588677901       3.0010430504480086       1.0366916472265371     0.055695418950584864     0.086272223781988511   2.0106498081346197e-09       2.1045919762829826       2.1045919762829826        2589.253800639282                                                 2576.1457050804756                                              13.108095558806545
                       9       1295.7639568406826     0.022677073877171088      0.11392343587746578       69.211396426425054       3.0010430504480086       1.0366916472265371     0.057481173623454535      0.10231963234215026   2.0106498081346197e-09       2.1045919762829826       2.1045919762829826       2587.3187297287991                                                 2574.0743928024308                                              13.244336926368108
                      22       1295.2184984171222     0.022677073877171088      0.11392343587746578       69.211396426425054       3.0025775876630694        1.037327978971923     0.057481173623454535      0.10231963234215026   2.0137375936466195e-09       2.1045919762829826       2.1045919762829826       2586.2278128816783                                                   2572.98347595531                                              13.244336926368108
                       9       1294.6862033369787     0.022735717949221083      0.11603388563929404       69.240658443476619       3.0025775876630694        1.037327978971923     0.052317883069431539      0.03178553869831563   2.0137375936466195e-09       2.1045919762829826       2.1045919762829826       2585.1632227213913                                                 2573.7459505805473                                               11.41727214084419
                      14       1294.6469405104879     0.022741948833510921      0.11587241575490619       69.247599719353076       3.0025775876630694        1.037327978971923     0.053113577079699992     0.044049534788084932   2.0137375936466195e-09       2.1045919762829826       2.1045919762829826       2585.0846970684097                                                 2573.5140126419474                                              11.570684426462224
                      21       1292.7767850752989     0.022753826465970656      0.11567342158258279       69.122048221878515       3.0025775876630694        1.037327978971923     0.054542404577293098     0.047350289235669078   2.0137375936466195e-09       2.1045919762829826       2.1045919762829826       2581.3443861980318                                                 2570.3181272921483                                              11.026258905883571
                      18       1292.8681521115629     0.022649386314782638      0.11606431122912049       69.000111851066563       3.0025775876630694        1.037327978971923      0.05832407044678279     0.020794234364676083   2.0137375936466195e-09       2.1045919762829826       2.1045919762829826       2581.5271202705599                                                  2570.831360198853                                              10.695760071706673
                      15       1292.6298238689074      0.02263851426752974      0.11563485966469345       69.067011084481649       3.0025775876630694        1.037327978971923     0.054619125202534972     0.040389222748802758   2.0137375936466195e-09       2.1045919762829826       2.1045919762829826       2581.0504637852487                                                 2569.9785008451149                                              11.071962940133634
                      19       1293.6904227892906     0.022369101552567473      0.11621283703725208       68.459588701537186       3.0025775876630694        1.037327978971923      0.05648307499727203      0.01961042087880098   2.0137375936466195e-09       2.1045919762829826       2.1045919762829826       2583.1716616260151                                                 2572.1543706453672                                              11.017290980647754
                       9       1293.3075410294887      0.02238204696041823      0.11583263595017326       68.782352508449122       3.0025775876630694        1.037327978971923     0.053703774380181202     0.033496672981727184   2.0137375936466195e-09       2.1045919762829826       2.1045919762829826       2582.4058981064113                                                 2571.8444889642979                                              10.561409142113238
                      14       1293.2707261872063     0.022376727186686391      0.11583881827842372       68.766035762202549       3.0025775876630694        1.037327978971923     0.053800250895960772     0.031036004195233714   2.0137375936466195e-09       2.1045919762829826       2.1045919762829826       2582.3322684218465                                                 2571.7935418259126                                              10.538726595933973
                       8       1292.8319604216208     0.022363729560734853      0.11623432868676226       68.651964949021107       3.0025775876630694        1.037327978971923     0.054059691964919894     0.032509193815320477   2.0137375936466195e-09       2.1045919762829826       2.1045919762829826       2581.4547368906756                                                 2571.0491650862596                                              10.405571804415992
                      10       1298.1094349024688     0.022363729560734853      0.11623432868676226       68.651964949021107       3.0023537614425222       1.0501265707855549     0.054059691964919894     0.032509193815320477    2.013286916810388e-09       2.1045919762829826       2.1045919762829826       2592.0096858523716                                                 2581.6041140479556                                              10.405571804415992
                      19       1293.6082665879098     0.022363729560734853      0.11623432868676226       68.651964949021107       2.9947551226127715       1.0505063855522678     0.054059691964919894     0.032509193815320477   1.9980466526305968e-09       2.1045919762829826       2.1045919762829826       2583.0073492232536                                                 2572.6017774188376                                              10.405571804415992
                       2       1293.0856239588929     0.022363729560734853      0.11623432868676226       68.651964949021107       2.9918897983470329       1.0510837690779276     0.054059691964919894     0.032509193815320477   1.9923297953090623e-09       2.1045919762829826       2.1045919762829826       2581.9620639652198                                                 2571.5564921608038                                              10.405571804415992
                       4       1292.8760430368036      0.02239458082043172       0.1163947532851802       68.698486742506191       2.9918897983470329       1.0510837690779276     0.054579063893026816     0.026898499870211805   1.9923297953090623e-09       2.1045919762829826       2.1045919762829826       2581.5429021210412                                                 2571.1373154677281                                              10.405586653313076
                      18       1293.2229023421994     0.022372348211592355      0.11567913734607556       68.683004314741524       2.9918897983470329       1.0510837690779276     0.055207755176604076     0.041847717153331791   1.9923297953090623e-09       2.1045919762829826       2.1045919762829826       2582.2366207318328                                                 2571.7713940946205                                              10.465226637212064
                       4       1294.4751212043423     0.022382997555749691      0.11551391561524729       68.834510246536027       2.9918897983470329       1.0510837690779276     0.054196448456666164     0.066406741423110482   1.9923297953090623e-09       2.1045919762829826       2.1045919762829826       2584.7410584561185                                                 2573.8851914479092                                              10.855867008209186
                       5       1294.3904996808324      0.02240963863411044      0.11546430811096862       68.823854562099001       2.9918897983470329       1.0510837690779276     0.053316867688743587     0.065287067841957314   1.9923297953090623e-09       2.1045919762829826       2.1045919762829826       2584.5718154090987                                                 2573.8046436049517                                              10.767171804147022
                       1       1293.9466920801726     0.022529249371388848      0.11484438716065369        68.78860685653126       2.9918897983470329       1.0510837690779276     0.056867286809824336     0.093674662289079225   1.9923297953090623e-09       2.1045919762829826       2.1045919762829826       2583.6842002077792                                                  2573.004057096136                                              10.680143111643211
                       3       1294.5702256454281     0.022529249371388848      0.11484438716065369        68.78860685653126       2.9883015769611085       1.0541212442266332     0.056867286809824336     0.093674662289079225   1.9851936855571794e-09       2.1045919762829826       2.1045919762829826       2584.9312673382901                                                 2574.2511242266469                                              10.680143111643211
                      13       1294.1827976308857     0.022559129136980251       0.1147477431453079       68.842803813722327       2.9883015769611085       1.0541212442266332      0.05586316131314361     0.090926643116022818   1.9851936855571794e-09       2.1045919762829826       2.1045919762829826       2584.1564113092054                                                 2573.3303734998226                                              10.826037809382896
                       8        1294.515290307701     0.022565576679435161      0.11496587090104278       68.877033856221558       2.9883015769611085       1.0541212442266332     0.055800559610885439     0.091019355092389648   1.9851936855571794e-09       2.1045919762829826       2.1045919762829826       2584.8213966628359                                                 2573.9672238577455                                              10.854172805090395
                      22       1293.8869543388946     0.022407288325047632      0.11653391558412844       68.508825984940714       2.9883015769611085       1.0541212442266332     0.052711484668784794     0.047320314226392352   1.9851936855571794e-09       2.1045919762829826       2.1045919762829826       2583.5647247252232                                                 2572.8813203940936                                              10.683404331129486
                      23       1293.4602528216692     0.022407288325047632      0.11653391558412844       68.508825984940714       2.9859285118910415       1.0521977498396742     0.052711484668784794     0.047320314226392352   1.9804882770930837e-09       2.1045919762829826       2.1045919762829826       2582.7113216907724                                                 2572.0279173596427                                              10.683404331129486
                      15       1293.2466508867544     0.022398808057301295      0.11673394035748456       68.527755532569628       2.9859285118910415       1.0521977498396742     0.052308789293085481     0.030839655210414419   1.9804882770930837e-09       2.1045919762829826       2.1045919762829826       2582.2841178209428                                                  2571.542635825605                                              10.741481995338013
                      25       1295.0579966193759     0.022398808057301295      0.11673394035748456       68.527755532569628       2.9785592966326955       1.0633346719301076     0.052308789293085481     0.030839655210414419    1.965947276349262e-09       2.1045919762829826       2.1045919762829826       2585.9068092861858                                                 2575.1653272908479                                              10.741481995338013
                       9        1295.444391417735     0.022291801013912198      0.11719062672180872       68.324147035496424       2.9785592966326955       1.0633346719301076     0.053122527131684846    0.0092220015900352573    1.965947276349262e-09       2.1045919762829826       2.1045919762829826        2586.679598882904                                                  2574.941853591069                                              11.737745291835031
                      14        1295.457116717979      0.02228690094970201      0.11718417840013269       68.357623845033714       2.9785592966326955       1.0633346719301076     0.054001987702009834     0.010844941396640885    1.965947276349262e-09       2.1045919762829826       2.1045919762829826        2586.705049483392                                                 2575.2425692636525                                              11.462480219739589
                      11       1295.8575552631519     0.022240509243592284      0.11669075778302174       68.261393267864079       2.9785592966326955       1.0633346719301076     0.052559610541216675     0.024979701897856831    1.965947276349262e-09       2.1045919762829826       2.1045919762829826       2587.5059265737377                                                 2575.9191991941138                                              11.586727379623829
                      15       1295.7947006192264     0.022240509243592284      0.11669075778302174       68.261393267864079       2.9768280724066787       1.0630819212032276     0.052559610541216675     0.024979701897856831   1.9625467252049623e-09       2.1045919762829826       2.1045919762829826       2587.3802172858868                                                 2575.7934899062629                                              11.586727379623829
                      25        1295.818250432957     0.022231645881086694      0.11669089738772724       68.247722460701297       2.9768280724066787       1.0630819212032276     0.052348304900306723     0.025865530708290597   1.9625467252049623e-09       2.1045919762829826       2.1045919762829826        2587.427316913348                                                 2575.8031865373273                                              11.624130376020776
                      15       1296.0719214091957     0.022291763008069954      0.11652399133089425       68.298775119239423       2.9768280724066787       1.0630819212032276     0.051768217232969461      0.02904443920792818   1.9625467252049623e-09       2.1045919762829826       2.1045919762829826       2587.9346588658254                                                 2576.4342044794425                                              11.500454386382915
                      28       1295.9833359874242     0.022306778172276265       0.1149818072154865       68.306647756613557       2.9768280724066787       1.0630819212032276     0.054232996187066687      0.10293565109389376   1.9625467252049623e-09       2.1045919762829826       2.1045919762829826       2587.7574880222824                                                 2577.1635998183797                                              10.593888203902544
                      16       1296.3938522914848     0.022274430051875793      0.11501124918617964        68.31768729986311       2.9768280724066787       1.0630819212032276     0.051258977359245117      0.12869396045907663   1.9625467252049623e-09       2.1045919762829826       2.1045919762829826       2588.5785206304035                                                 2578.2094443755445                                              10.369076254859008
                      16       1295.7385239590092     0.022274430051875793      0.11501124918617964        68.31768729986311       2.9888590237426795       1.0489082368099854     0.051258977359245117      0.12869396045907663   1.9863006338917162e-09       2.1045919762829826       2.1045919762829826       2587.2678639654523                                                 2576.8987877105933                                              10.369076254859008
                      13        1297.366915316986     0.022259869775695745      0.11522803999587411       68.219423356142414       2.9888590237426795       1.0489082368099854     0.049964472895693966      0.13911000543104038   1.9863006338917162e-09       2.1045919762829826       2.1045919762829826        2590.524646681406                                                 2579.9720487998225                                               10.55259788158348
                       2       1298.9413869791315     0.022368040447831201      0.11505261465677473       67.937369775717855       2.9888590237426795       1.0489082368099854     0.048953323417836148      0.15085259915659799   1.9863006338917162e-09       2.1045919762829826       2.1045919762829826        2593.673590005697                                                  2581.063980361384                                               12.60960964431291
                      18       1298.4269928120261     0.022368040447831201      0.11505261465677473       67.937369775717855       2.9982414082477811       1.0340533067528623     0.048953323417836148      0.15085259915659799   2.0050245704134307e-09       2.1045919762829826       2.1045919762829826       2592.6448016714862                                                 2580.0351920271733                                               12.60960964431291
                       9       1299.9108017963929     0.022710608711351641      0.11452075908856924       68.555013750185793       2.9982414082477811       1.0340533067528623     0.047284700426781741      0.16810178692334959   2.0050245704134307e-09       2.1045919762829826       2.1045919762829826       2595.6124196402197                                                 2585.2178562872859                                                10.3945633529336
                       5        1297.108485195057     0.022710608711351641      0.11452075908856924       68.555013750185793       2.9755166925222278       1.0457871199272961     0.047284700426781741      0.16810178692334959   1.9599747676824998e-09       2.1045919762829826       2.1045919762829826        2590.007786437548                                                 2579.6132230846142                                                10.3945633529336
                      37       1296.4531032878108     0.022674442454438223      0.11411368491784486       68.357293115882428       2.9755166925222278       1.0457871199272961     0.048414277744213419       0.1797920873459265   1.9599747676824998e-09       2.1045919762829826       2.1045919762829826       2588.6970226230555                                                 2577.9444144283166                                              10.752608194738976
                      15       1297.3327593660977     0.022674442454438223      0.11411368491784486       68.357293115882428        2.974093118047302       1.0450588374689314     0.048414277744213419       0.1797920873459265   1.9571865826970861e-09       2.1045919762829826       2.1045919762829826       2590.4563347796293                                                 2579.7037265848903                                              10.752608194738976
                       4       1295.7173790185814     0.022674442454438223      0.11411368491784486       68.357293115882428       2.9787210978290641       1.0490812988675999     0.048414277744213419       0.1797920873459265   1.9662653947058442e-09       2.1045919762829826       2.1045919762829826       2587.2255740845967                                                 2576.4729658898577                                              10.752608194738976
                      11       1296.6161072309028      0.02278490155086663      0.11303919116537395        68.67639202789897       2.9787210978290641       1.0490812988675999     0.050248790786027689      0.17203484561047022   1.9662653947058442e-09       2.1045919762829826       2.1045919762829826       2589.0230305092396                                                 2578.3473403155658                                              10.675690193673574
                       8       1299.3152796903762     0.022778149566280839      0.11287132396312688       68.700976924039352       2.9787210978290641       1.0490812988675999     0.050229510760271434      0.15014005493243682   1.9662653947058442e-09       2.1045919762829826       2.1045919762829826       2594.4213754281864                                                 2583.5672145685949                                              10.854160859591374
                       3       1296.4969215563722     0.022750408826693699      0.11361134561558101       68.871903030205019       2.9787210978290641       1.0490812988675999     0.052369506782644931      0.13599409380715557   1.9662653947058442e-09       2.1045919762829826       2.1045919762829826       2588.7846591601783                                                 2577.7376758929299                                              11.046983267248331
                       1       1294.9540151260651     0.022750408826693699      0.11361134561558101       68.871903030205019       2.9877631855602265       1.0456747772631756     0.052369506782644931      0.13599409380715557   1.9841251620155436e-09       2.1045919762829826       2.1045919762829826       2585.6988462995641                                                 2574.6518630323158                                              11.046983267248331
