#                 weight             minuslogpost                 omegabh2                 omegach2                       H0                     logA                       ns                      tau               mnu_sample                 A_planck               TT_tSZ_Amp               TT_kSZ_Amp                       As                      mnu                chi2__CMB            minuslogprior         minuslogprior__0                     chi2 chi2__sbt_spt_audit.likelihoods.candl_cobaya.CandlCobayaLikelihood chi2__sbt_spt_audit.likelihoods.desi_dr2_bao.DESIDR2BAOGaussian chi2__planck_2018_lowl.TT chi2__planck_2018_lowl.EE_sroll2 chi2__planck_2018_highl_plik.TT_lite_native chi2__planckpr4lensing.PlanckPR4Lensing
                       7        946.5303198646485      0.02222224559094358       0.1171773217274617       68.528117368507921        3.051409381792122      0.96549423582920357     0.057742763264430737     0.041137767828319745       1.0055051957000549       1.4110478889455831       2.2477589087355048    2.114512498566627e-09     0.041137767828319745       489.73371239570838       5.7934714303969193       5.7934714303969193       1881.4736968685031                                                  1381.397508559332                                              10.342475913462746         23.18277666030923               390.08443870631248                          67.458590693906572                      9.0079063351800972
                       1       947.47005528188163     0.022256871291118158      0.11685399764603081        68.54598518205097       3.0535631842012037      0.96700550921944806     0.059952082580438583     0.050065713563971985        1.004657593284171        1.401500175121392       2.1908423848498799   2.1190716486718733e-09     0.050065713563971985       490.22421766648336       5.7934714303969193       5.7934714303969193       1883.3531677029694                                                 1382.8129974694598                                              10.315952567026159        22.943294274582911               390.47291206324837                          67.646007256321965                      9.1620040723300882
                       7       948.00825975170937     0.022261091567116951      0.11718824746230115       68.461649692475234       3.0537209399416456      0.96889340883508668     0.059894298062681962     0.042274659702839883       1.0041475951753658        1.391062634094828       1.9991977566993318   2.1194059707587797e-09     0.042274659702839883       489.72454801523168       5.7934714303969193       5.7934714303969193       1884.4295766426249                                                 1384.1462888508179                                              10.558739776575608        22.600058422855057               390.43575175582657                          68.068590608452993                      8.6201472280970322
                       1       948.04666250113394     0.022252531650502221      0.11725763381952757       68.477304160750421       3.0541745054780169      0.96895001166215977     0.060040248340858401     0.036152678229150831       1.0041662134238938       1.3891330441178686       1.9932173624846323   2.1203674783015543e-09     0.036152678229150831       489.77452392891763       5.7934714303969193       5.7934714303969193        1884.506382141474                                                 1384.1978132914944                                              10.534044921061961        22.597452738618529               390.50852562288117                          68.173514896086544                      8.4950306713313939
                       2       948.26647491885524     0.022236633769947844      0.11702129862573867       68.542795620213582       3.0526477593398806      0.96892091466078301     0.059162238020560753      0.03415909368056607       1.0046337197182575       1.3924384122817299       2.0155163036810984   2.1171326854247398e-09      0.03415909368056607       489.81006661624116       5.7934714303969193       5.7934714303969193       1884.9460069769166                                                 1384.7850609313118                                              10.350879429363429        22.560659655266818               390.35278146635602                          68.236110457495101                      8.6605150371232344
                      10       947.11069848341481     0.022184572629107953      0.11710462081992261       68.840838478993277       3.0456436709421335      0.96618586805072537     0.055332076682287699      0.01247054968355113       1.0051861824169106       1.4341076512068109       2.3539219794476698   2.1023559102749089e-09      0.01247054968355113       489.86189509247322       5.7934714303969193       5.7934714303969193       1882.6344541060357                                                 1382.0678833924583                                              10.704675621104133        22.982388747907407               390.05050864451783                          67.568112936102992                      9.2608847639450182
                       4       947.06720503477118     0.022181539657188869      0.11715438584030759       68.813185810606342       3.0458106842440311      0.96580332979949168     0.055056077052769159     0.012579197379969532        1.005503557548221       1.4325655862769293        2.345131673882292   2.1027070609998527e-09     0.012579197379969532       489.93151777920878       5.7934714303969193       5.7934714303969193       1882.5474672087485                                                 1382.0131852875879                                              10.602764141951743        23.048833774491186               390.05418505091023                          67.626780650687977                      9.2017183031194012
                       6       947.16634983345068     0.022181539657188869      0.11715438584030759       68.813185810606342       3.0458106842440311      0.96580332979949168     0.055056077052769159     0.012579197379969532       1.0057107301517338       1.4325655862769293        2.345131673882292   2.1027070609998527e-09     0.012579197379969532       490.12980737656801       5.7934714303969193       5.7934714303969193       1882.7457568061075                                                 1382.0131852875879                                              10.602764141951743         23.01908729875538               390.05418505091023                          67.773541459000199                      9.2829935679021531
                       2       946.99564181496453     0.022182751129428566      0.11716278484451718       68.836886378886007       3.0458394510144844      0.96581226369930517     0.055142992395725877    0.0085179791947456399       1.0056298882180605       1.4312327713439827       2.3468500676193451   2.1027675499612385e-09    0.0085179791947456399       489.99074308552633       5.7934714303969193       5.7934714303969193       1882.4043407691352                                                 1381.7507960528114                                              10.662801630797317        23.022023413384602               390.07024291917486                           67.67321780613382                      9.2252589468330282
                       2       946.78769079509834     0.022182751129428566      0.11716278484451718       68.836886378886007       3.0458394510144844      0.96581226369930517     0.055142992395725877    0.0085179791947456399       1.0046136809281121       1.4312327713439827       2.3468500676193451   2.1027675499612385e-09    0.0085179791947456399       489.57484104579419       5.7934714303969193       5.7934714303969193       1881.9884387294028                                                 1381.7507960528114                                              10.662801630797317        23.169475569509359               390.04823845376643                          67.488031936380125                      8.8690950861382696
                       2       947.41243258463646     0.022160823644166661       0.1168267465692345       68.758603476117131       3.0468969905175602      0.96423008976792124     0.054760692618045143     0.026564547505408112       1.0061469944694441       1.4311839861574365       2.4059396132363178   2.1049924859826136e-09     0.026564547505408112       490.55361730476545       5.7934714303969193       5.7934714303969193        1883.237922308479                                                 1382.0879985679364                                              10.596306435777311        23.442750149456231               390.03714380900453                          67.751665129418299                      9.3220582168863491
                       2       949.50344422469152      0.02226443168251303      0.11599971503116308       69.009841431571758       3.0483274228325659      0.96846114507885206     0.057810622614913418     0.047184435017318227       1.0044712415584653       1.4336662049408131       2.2510899995434763   2.1080056898357034e-09     0.047184435017318227       491.14068720100113       5.7934714303969193       5.7934714303969193       1887.4199455885891                                                 1384.2342604659395                                              12.044997921648587        22.704655777035157               390.12007503656901                          67.685664249126376                       10.63029213827061
                       1       948.87185551770904      0.02226443168251303      0.11599971503116308       69.009841431571758       3.0483274228325659      0.96846114507885206     0.057810622614913418     0.047184435017318227        1.004699950049706       1.1149505775462081       2.6961958206812793   2.1080056898357034e-09     0.047184435017318227       491.14034700595028       5.7934714303969193       5.7934714303969193       1886.1567681746242                                                 1382.9714232470253                                              12.044997921648587        22.673402632278851               390.12846212910733                          67.566949144680336                      10.771533099883779
                       6       948.57393418024344     0.022299763619794671      0.11623546625820128       68.936797602901152       3.0522394403971989       0.9673955306475841      0.05901225278391381     0.048953212464716851       1.0051580348387572        1.101911187553215        2.630598334717142    2.116268396509886e-09     0.048953212464716851       490.69129890132803       5.7934714303969193       5.7934714303969193        1885.560925499693                                                 1383.5696926529026                                               11.29993394546238        22.939247012031842               390.24119173052156                          67.452221987938259                      10.058638170836312
                       7       948.57176150505313     0.022299763619794671      0.11623546625820128       68.936797602901152       3.0522394403971989       0.9673955306475841      0.05901225278391381     0.048953212464716851       1.0050933167951834        1.101911187553215        2.630598334717142    2.116268396509886e-09     0.048953212464716851       490.68695355094769       5.7934714303969193       5.7934714303969193       1885.5565801493124                                                 1383.5696926529026                                               11.29993394546238        22.948428840958627               390.24119173052156                          67.472859433741263                      10.024473545726204
                       4       949.38445728083366     0.022299763619794671      0.11623546625820128       68.936797602901152       3.0522394403971989       0.9673955306475841      0.05901225278391381     0.048953212464716851       1.0035676140270398        1.101911187553215        2.630598334717142    2.116268396509886e-09     0.048953212464716851       492.31234510250863       5.7934714303969193       5.7934714303969193       1887.1819717008734                                                 1383.5696926529026                                               11.29993394546238        23.168927076760667               390.25063644600294                          69.581068429665137                      9.3117131500798447
                       1       949.19997373022693     0.022282507993866097      0.11649199750903197       68.840044121189791       3.0577457776385919      0.96665265199809614     0.061049066627602816     0.046079680782616851       1.0041118471282258       1.0871904814775584       2.6037887699858109   2.1279534253251235e-09     0.046079680782616851       491.93648413299786       5.7934714303969193       5.7934714303969193         1886.81300459966                                                 1384.1024455359932                                               10.77407493066878         23.38584657127376               390.63317268833987                          69.243717180694631                      8.6737476926896218
                       1       949.30654039972876     0.022255136895000426       0.1165230075055509       68.797453995074122       3.0584873019268524      0.96561554543894523      0.06042823273705461     0.050176631013210599       1.0052113446573576       1.0900634860760834       2.6275691160679986   2.1295319396553169e-09     0.050176631013210599        492.0759984138744       5.7934714303969193       5.7934714303969193       1887.0261379386636                                                   1384.25931916381                                              10.690820360979345         23.56337143508091               390.54814515930252                          69.220240996089899                      8.7442408234010518
                       1       948.43794342820343     0.022255136895000426       0.1165230075055509       68.797453995074122       3.0584873019268524      0.96561554543894523      0.06042823273705461     0.050176631013210599       1.0050726704783208       1.2949421391103204       2.1053499638785542   2.1295319396553169e-09     0.050176631013210599       492.38292106337377       5.7934714303969193       5.7934714303969193        1885.288943995613                                                 1382.2152025712596                                              10.690820360979345        23.584872522605508               390.54817298735338                          69.543929831614733                      8.7059457218001803
                       9       946.68571372259873     0.022189506715181925      0.11702654653356098       68.618059953387828       3.0549978691643949       0.9649236490598887      0.05828693854427635     0.037505650459979716       1.0048793181215583       1.2956202124460936       2.1560702286707762   2.1221140308102509e-09     0.037505650459979716       491.81549808346716       5.7934714303969193       5.7934714303969193       1881.7844845844036                                                 1379.6781413689266                                              10.290845132009698        23.649154361338731               390.15202956588058                          69.628255660678477                      8.3860584955694115
                       1       946.52925626010767     0.022161493356560164      0.11693441269478491       68.723923555056615       3.0521790461787428      0.96632637393132481     0.057641997069795385     0.023266932344927604       1.0041952983683695       1.3003853789514808        2.169046715693582    2.116140589993462e-09     0.023266932344927604       491.76243109675806       5.7934714303969193       5.7934714303969193       1881.4715696594214                                                 1379.2452454038746                                              10.463893158788462        23.323713147501792               390.05993839969659                          69.999980353978742                      8.3787991955809549
                       1       949.36149809570384     0.022135275239363462      0.11675278808376258       68.807801687760644       3.0543924960071505      0.96808668700175526     0.057407155566650388     0.022798079956773503       1.0057820522784657       1.2992475167026269       1.9739432189851123    2.120829748713562e-09     0.022798079956773503       491.95110292371919       5.7934714303969193       5.7934714303969193       1887.1360533306138                                                 1384.3342037514071                                              10.850746655487413         22.93797329898689               390.11677749881846                          70.508045558263419                       8.388306567650412
