#                 weight             minuslogpost                 omegabh2                 omegach2                       H0                     logA                       ns                      tau               mnu_sample                 A_planck               TT_tSZ_Amp               TT_kSZ_Amp                       As                      mnu                chi2__CMB            minuslogprior         minuslogprior__0                     chi2 chi2__sbt_spt_audit.likelihoods.candl_cobaya.CandlCobayaLikelihood chi2__sbt_spt_audit.likelihoods.desi_dr2_bao.DESIDR2BAOGaussian chi2__planck_2018_lowl.TT chi2__planck_2018_lowl.EE_sroll2 chi2__planck_2018_highl_plik.TT_lite_native chi2__planckpr4lensing.PlanckPR4Lensing
                       3       947.88761362136336     0.021917628000000001               0.11790394       68.315254999999993                3.0440299      0.96491917000000005     0.051507006000000001   0.00042222435000000003       1.0076462182718866                1.1646425                2.6443002   2.0989659254620757e-09   0.00042222435000000003       492.02696181432344       5.7934714303969193       5.7934714303969193       1884.1882843819328                                                 1381.5681920131535                                              10.593130554455911        22.989793331828821               390.69171949798545                          69.736279226570929                      8.6091697579381972
                       4       947.11177269514394     0.021991338494675213      0.11775975892612721       68.385849700966048       3.0432330556399436      0.96439480632379748     0.050894094682291439    0.0043964235519853862       1.0079303639817547       1.1433835197260318       2.5904747508270054   2.0972940425061382e-09    0.0043964235519853862       491.27216947919516       5.7934714303969193       5.7934714303969193        1882.636602529494                                                 1380.8713586012409                                              10.493074449058042        23.106740131031074               390.81905944445197                          68.659143454726618                      8.6872264489855109
                       3       948.03268559045853     0.021980276549792708      0.11730038139060195       68.593950543219236       3.0497280067765371      0.96286215652588281     0.053135322400065126    0.0082118264488737058       1.0097742896237367       1.1338031246318439       2.6751528291889008   2.1109601972935688e-09    0.0082118264488737058       490.81535333889559       5.7934714303969193       5.7934714303969193       1884.4784283201232                                                 1383.3061923309085                                              10.356882650319113         23.49107639685036               390.21699015737704                          68.294101889352746                      8.8131848953154037
                       6       947.33709085724752     0.021997872245012946      0.11753342369856246       68.372426639960111       3.0562919452398232      0.96278458346624085     0.057615279233361093    0.0092079637680930731       1.0083107523077939       1.0960110945172401       2.7215272896056328   2.1248619854545491e-09    0.0092079637680930731       490.24123490907323       5.7934714303969193       5.7934714303969193       1883.0872388537011                                                 1382.3568172462842                                              10.489186698343724        23.649925883560968               390.14629827868151                          68.157640390070881                      8.2873703567599062
                       6       947.45781338728659     0.021997872245012946      0.11753342369856246       68.372426639960111       3.0562919452398232      0.96278458346624085     0.057615279233361093    0.0092079637680930731       1.0083214537946994       1.0793736554249769       2.7489738655335243   2.1248619854545491e-09    0.0092079637680930731       490.24593838801991       5.7934714303969193       5.7934714303969193       1883.3286839137793                                                 1382.5935588274158                                              10.489186698343724        23.648260285081506               390.14629827868151                          68.162998058683897                      8.2883817655729732
                       2       947.62146624914305     0.021992003636290773      0.11757903944252512       68.345562571858721       3.0567499175020587      0.96250673946294285     0.057490518540262894     0.010716188430807683       1.0086304020983832       1.0822701646566018       2.7362735053772114   2.1258353361717689e-09     0.010716188430807683       490.35414654129988       5.7934714303969193       5.7934714303969193       1883.6559896374922                                                 1382.7456085235551                                              10.556234572637063        23.704702211239464               390.12779973544502                          68.244400788282945                       8.277243806332427
                       3       947.48766820261665     0.022002035089678754      0.11746528330876481       68.412333090472615       3.0564428361598517      0.96317121644429871     0.057497919232122205    0.0095552234446710238        1.008548213342102       1.0863480797218361       2.6915676375384994   2.1251826320251878e-09    0.0095552234446710238       490.28491444294241       5.7934714303969193       5.7934714303969193       1883.3883935444394                                                 1382.7114637741158                                              10.392015327381438        23.566711002971545               390.10937843743119                          68.304094529692264                      8.3047304728473783
                       1       948.09837645886068     0.022002035089678754      0.11746528330876481       68.412333090472615       3.0564428361598517      0.96317121644429871     0.057497919232122205    0.0095552234446710238       1.0082472598896912        1.506961377160807       1.5305437979818952   2.1251826320251878e-09    0.0095552234446710238       490.21679758522055       5.7934714303969193       5.7934714303969193       1884.6098100569275                                                 1384.0009971443255                                              10.392015327381438        23.613206085592537               390.10232609496961                          68.225374637237749                      8.2758907674206625
                       1       947.03557173685761     0.022123266904854232      0.11741881545020984       68.335932724991949       3.0494644539708746      0.96433436567835762     0.055117836917498345     0.036673124523790346       1.0064823806709551       1.4850527012591448         1.45435279774411   2.1104039211182239e-09     0.036673124523790346       489.79663662299964       5.7934714303969193       5.7934714303969193       1882.4842006129213                                                 1381.9461918494765                                              10.741372140445028        23.371285592000845               389.99922904637248                          67.776235120881609                      8.6498868637447295
