#                 weight             minuslogpost                 omegabh2                 omegach2                       H0                     logA                       ns                      tau               mnu_sample                 A_planck               TT_tSZ_Amp               TT_kSZ_Amp                       As                      mnu                chi2__CMB            minuslogprior         minuslogprior__0                     chi2 chi2__sbt_spt_audit.likelihoods.candl_cobaya.CandlCobayaLikelihood chi2__sbt_spt_audit.likelihoods.desi_dr2_bao.DESIDR2BAOGaussian chi2__planck_2018_lowl.TT chi2__planck_2018_lowl.EE_sroll2 chi2__planck_2018_highl_plik.TT_lite_native chi2__planckpr4lensing.PlanckPR4Lensing
                       2       1470.1802188850288     0.021996077964130792      0.11588230340492452       68.805142701222792       3.0220907236939247      0.95807061789030457     0.070161656471112735      0.10611340248567591      0.99134617204154152      0.82453401493001621       3.3580485358811591   2.0534178129468017e-09      0.10611340248567591       603.23246003111979       5.7934714303969193       5.7934714303969193       2928.7734949092637                                                 2312.8150308108793                                              12.726004067265055        23.536673138098536               394.94676847394402                          138.77606376302498                      45.972954656052217
                       1       1466.2947473684171     0.022007625269981682      0.11636397117987297       68.672405758190266         3.01503638824359      0.95978741384260446     0.066460823558206886      0.11406308797325385      0.99054199195572112      0.82550140043940257       3.2875800437298675   2.0389832877255742e-09      0.11406308797325385       601.20293443908372       5.7934714303969193       5.7934714303969193       2921.0025518760403                                                 2308.2373986917305                                              11.562218745226135        23.055873599277902               392.86419220382879                          137.73154664210458                      47.551321993872392
                       3       1424.3848547806854     0.021927212673473973       0.1181769174619452       68.086009147257002       3.0253289059067918      0.95491897870460218     0.066857264011053449     0.084380320286978686      0.99354728980162643      0.83148480101450795       2.9392107268563716   2.0600779315032575e-09     0.084380320286978686       591.21194545300784       5.7934714303969193       5.7934714303969193       2837.1827667005768                                                 2234.6323720946698                                              11.338449152899232        24.173365327498573               393.46574757332036                          143.89444276281014                      29.678389789378805
                       3       1407.8213205878669     0.022096070853054751      0.11828137775666082       68.422110779510277       3.0173676795975135        0.955625303132835     0.063641465329110358      0.04671459550102814      0.99219085427534737      0.83275265420891997       2.6324700012250895   2.0437422969982262e-09      0.04671459550102814       587.38785511734568       5.7934714303969193       5.7934714303969193       2804.0556983149399                                                 2206.1178893650645                                              10.549953832529692        24.066398034202393               391.84581167717994                          143.94572077055028                      27.529924635413103
                       3       1369.9507625250794     0.022633782237724942      0.11659195965245736       69.269274629997767       3.0731738011585978       0.9612650066194447      0.08710124680894693      0.12964730697460081      0.99753405547743634      0.84867907775810458       1.3412917331816354   2.1610381001484789e-09      0.12964730697460081        609.4879478533004       5.7934714303969193       5.7934714303969193        2728.314582189365                                                 2105.9088768932938                                              12.917757442770734        24.123921389792542               407.85953284287189                          150.58803490284228                      26.916458717793709
                       1       1364.5905017680777     0.022616027707350838      0.11674046710633856       69.231347140697295       3.0753506205043779      0.95981220688555668     0.087178038613896267      0.12484889843987104      0.99852563126457139      0.84937358554357556       1.3302340803986967   2.1657474134944416e-09      0.12484889843987104       609.91415415741483       5.7934714303969193       5.7934714303969193       2717.5940606753616                                                 2095.1338819471998                                              12.546024570746871        24.474066044961035               408.14870915784678                           152.0011454177465                      25.290233536860466
                       1       1339.6265891042958     0.022616027707350838      0.11674046710633856       69.231347140697295       3.0753506205043779      0.95981220688555668     0.087178038613896267      0.12484889843987104      0.99852563126457139       1.2345113941170471      0.89870405370187401   2.1657474134944416e-09      0.12484889843987104       609.91415415741483       5.7934714303969193       5.7934714303969193       2667.6662353477977                                                  2045.206056619636                                              12.546024570746871        24.474066044961035               408.14870915784678                           152.0011454177465                      25.290233536860466
                       1       1294.9203796770487     0.022616027707350838      0.11674046710633856       69.231347140697295       3.0753506205043779      0.95981220688555668     0.087178038613896267      0.12484889843987104      0.99852563126457139      0.98372591493825712       2.0385704354453695   2.1657474134944416e-09      0.12484889843987104       609.91415415741483       5.7934714303969193       5.7934714303969193       2578.2538164933035                                                  1955.793637765142                                              12.546024570746871        24.474066044961035               408.14870915784678                           152.0011454177465                      25.290233536860466
                       1       1294.4431416415537     0.022613978544613066      0.11677924760862721       69.207127269670295       3.0748458420151366      0.95986285420445305     0.086927333640635693      0.12558185292197127      0.99846421027390519      0.98376603628386083       2.0365213815113257   2.1646544666582133e-09      0.12558185292197127       609.50045959478086       5.7934714303969193       5.7934714303969193       2577.2993404223134                                                 1955.4564275598968                                              12.342453267635857        24.445128379454331               407.91974655233207                          151.82078618473037                      25.314798478264173
                       1       1284.6971195254321      0.02262516918254736      0.11571726915025342       68.961775711678769       3.0771107336794152      0.96248332789182522       0.0888597958476771       0.1881486410957891      0.99886736776031582      0.98648863448135193       1.9594249382309279   2.1695627307608429e-09       0.1881486410957891       614.14797880701303       5.7934714303969193       5.7934714303969193       2557.8072961900702                                                 1932.1039052087337                                              11.555412174323454        23.694518250616454                409.3790750727826                          146.50481477971141                      34.569570703902592
                       2       1271.1275293179585     0.022674399438838987      0.11555600184084178       69.305654136116132       3.0691267175059411      0.96126070763548788     0.084774658730062236      0.15053176435980153       0.9991658828561385      0.98674900096803608       1.9026493129541755   2.1523098720284884e-09      0.15053176435980153       611.57799688541286       5.7934714303969193       5.7934714303969193       2530.6681157751232                                                  1905.218000468923                                              13.872118420787455        23.864001750736804                405.4459111508433                          148.25288538693169                      34.015198596901065
                       3       1248.0579646917367     0.022674399438838987      0.11555600184084178       69.305654136116132       3.0691267175059411      0.96126070763548788     0.084774658730062236      0.15053176435980153      0.99562785711562973      0.98674900096803608       1.9026493129541755   2.1523098720284884e-09      0.15053176435980153       565.43886763296962       5.7934714303969193       5.7934714303969193       2484.5289865226796                                                  1905.218000468923                                              13.872118420787455        24.459378091644908               405.58822782367145                          107.82415924430975                      27.567102473343489
                       3       1246.9974030324558      0.02262124785936951      0.11659830229682255       68.859739667734431       3.0688239873198211      0.96415204358962925     0.084186569828075042      0.16807753211948742      0.99443847881879721      0.98880152041830915       1.7725160156530353   2.1516584014752174e-09      0.16807753211948742       558.93439190092465       5.7934714303969193       5.7934714303969193       2482.4078632041178                                                    1912.7737786113                                              10.699692691893514         23.76016772915591               405.07540967051511                          105.37422079464216                      24.724593706611426
                       3       1244.7473714399534     0.022593777187569049      0.11656311575709753       68.834618376230907       3.0661484378034682       0.9637465438628865     0.082550460806769005      0.17024754252883031      0.99484051424406428       0.9887892412710505       1.8295139556132409   2.1459092274093921e-09      0.17024754252883031       558.26256946772878       5.7934714303969193       5.7934714303969193        2477.907800019113                                                 1908.9420351110734                                              10.703195440310937        23.747761638948759               403.66978024940187                          104.80872717203592                       26.03630040734215
                       1        1244.388567932619     0.022594540709666943      0.11655924961300358        68.83604155152409       3.0661215315714254      0.96376843705318427     0.082542910159239466      0.17036026261534057      0.99483579652386978      0.98880291466963433       1.8282332540029989   2.1458514898545302e-09      0.17036026261534057       558.23130788740843       5.7934714303969193       5.7934714303969193       2477.1901930044442                                                 1908.2515143312753                                               10.70737078576027        23.743203490217809               403.66454892723698                           104.7570691332439                      26.066486336709779
                       1       1240.3212525831891     0.022594540709666943      0.11655924961300358        68.83604155152409       3.0661215315714254      0.96376843705318427     0.082542910159239466      0.17036026261534057      0.99483579652386978       1.1961995198390309       1.4898297549259769   2.1458514898545302e-09      0.17036026261534057       558.23130788740843       5.7934714303969193       5.7934714303969193       2469.0555623055843                                                 1900.1168836324157                                               10.70737078576027        23.743203490217809               403.66454892723698                           104.7570691332439                      26.066486336709779
                       7       1236.1782194814912     0.022324399084612583      0.11680333767830146       68.678513431114837       3.0585166962158428      0.95476340881925303     0.075927620113906941      0.13722070526044217      0.99864365021135626         1.19196067899011       2.1146195545427564   2.1295945366525579e-09      0.13722070526044217       556.95660299707868       5.7934714303969193       5.7934714303969193       2460.7694961021884                                                 1893.1952641407145                                              10.617628964394912        25.446371304824595               399.07592258736838                          106.87039528094989                      25.563913823935753
                       1       1216.0498296879528     0.022226242762891195      0.11634860840539334       68.296160579525974       3.0626611036132934      0.95821082605621799     0.078454522719150335       0.1737901199202585      0.99886855280900166       1.1963787421568419       1.9661874913144821   2.1384387583736853e-09       0.1737901199202585       556.18398672618662       5.7934714303969193       5.7934714303969193       2420.5127165151116                                                 1853.8534597833029                                              10.475270005622221        24.423011961424891               400.99521359235752                          103.01713938578692                      27.748621786617239
                       1       1201.5153359606313     0.022261489357368054      0.11706165659589077       68.230340506233091       3.0537594777309467      0.95883904199656578     0.073743979397211321      0.15115166838687799      0.99795153600496311       1.1980684226969112       1.7752977061281625   2.1194876495533743e-09      0.15115166838687799       549.24698950215134       5.7934714303969193       5.7934714303969193       2391.4437290604687                                                 1831.2765789229654                                              10.920160635352046        24.164952032910719               397.36452199786015                          102.94316614366129                      24.774349327719179
                       1       1200.7744261693542     0.022276024597737181      0.11711258505539804       68.139327481874886       3.0556615619366068      0.95738867971055563     0.073816052733856025      0.16119278428919356      0.99882216845009697        1.198427378089717       1.7702075061566358   2.1235229300407103e-09      0.16119278428919356       550.70475088499893       5.7934714303969193       5.7934714303969193       2389.9619094779146                                                 1827.8640033138272                                              11.393155279088939        24.504757909710804               397.49988870901774                          103.59760819527604                      25.102496070994281
                       5        1182.795462404471     0.022221090763711066      0.11851180654146412       68.316068628114593       3.0486149186601939      0.95859917206272571     0.070326350052769146     0.066355589651457589      0.99705835248607722       1.2004219869472763        1.502885924360426   2.1086118198018903e-09     0.066355589651457589       540.10054333322205       5.7934714303969193       5.7934714303969193       2354.0039819481481                                                  1802.594683369929                                              11.308755244997538        24.291397982791807               395.21934308361881                           105.9905270452593                      14.599275221552139
                       2       1173.7277336469101     0.022221090763711066      0.11851180654146412       68.316068628114593       3.0486149186601939      0.95859917206272571     0.070326350052769146     0.066355589651457589      0.99705835248607722       1.4375909566150453       1.2298690248117423   2.1086118198018903e-09     0.066355589651457589       540.10054333322205       5.7934714303969193       5.7934714303969193       2335.8685244330263                                                 1784.4592258548071                                              11.308755244997538        24.291397982791807               395.21934308361881                           105.9905270452593                      14.599275221552139
                       1       1168.8736394005916     0.022063161374623982      0.11716179567351567        68.30871211318204       3.0419598254478588      0.96554435851627696      0.07010339051558924     0.096723842316179726      0.99564795699549402       1.4392644365949341       1.3340403477583429   2.0946254036658258e-09     0.096723842316179726        541.3749090811267       5.7934714303969193       5.7934714303969193       2326.1603359403894                                                 1774.3269709310996                                              10.458455928163415        22.531858485166936               394.76685237262711                          103.07967544528726                      20.996522778045335
                       3       1156.3529064013969     0.022063161374623982      0.11716179567351567        68.30871211318204       3.0419598254478588      0.96554435851627696      0.07010339051558924     0.096723842316179726      0.99280640542610454       1.4392644365949341       1.3340403477583429   2.0946254036658258e-09     0.096723842316179726       516.33344308273695       5.7934714303969193       5.7934714303969193       2301.1188699419999                                                 1774.3269709310996                                              10.458455928163415        22.930236894301402               394.82689076734795                          81.236211527367431                      17.340103893720208
                       1       1156.5067839437468     0.022216034682295112      0.11770199972902785       67.892259184808822       3.0499132202583277      0.96696243815536764     0.074702342114194881      0.13023782585306226      0.99100414148483484       1.4407279297769902      0.99692089244388171   2.1113512117910913e-09      0.13023782585306226       517.04098578250296       5.7934714303969193       5.7934714303969193       2301.4266250266996                                                 1770.6589467634203                                              13.726692480776469        22.866549875447276               397.74081896123442                          81.177483793067339                      15.256133152753913
                       4       1131.8788250272232     0.022165275909041701      0.11824083887657645         67.8504767111734       3.0483474491291727      0.96773254234535488     0.071694795098126138      0.10729995161817968      0.99257639666606645       1.4466943745259266      0.70185815558706799   2.1080479058056099e-09      0.10729995161817968       514.44177262141773       5.7934714303969193       5.7934714303969193       2252.1707071936526                                                 1723.1900827227439                                               14.53885184949112        22.642530362218054               395.80648494548603                          83.020383418183755                      12.972373895529888
                       1       1130.4755123002381      0.02213022721077141      0.11786037642866147       67.631374670532011       3.0499524861041483      0.96675850607466418      0.07203608846779086       0.1377143052776432      0.99370353965229352       1.4472279655254496      0.77371949991504319   2.1114341174099157e-09       0.1377143052776432        515.4375361902637       5.7934714303969193       5.7934714303969193       2249.3640817396822                                                 1717.5846381047252                                              16.341907444693405        22.711897769341533                396.0757590867654                          81.704137077629625                      14.945742256527081
                       1       1123.5496105388431     0.022217104541106526      0.11669409325564342       68.112690344452886        3.046417532128133      0.97306639602027079     0.073653596611576735      0.12571272009367596      0.99133204838594036       1.4493388810855237      0.51945079940330885   2.1039834715850662e-09      0.12571272009367596       517.27249257513768       5.7934714303969193       5.7934714303969193       2235.5122782168924                                                 1706.8802867794093                                              11.359498862344847        21.674980308678073               396.59202398381126                          82.014782240247229                      16.990706042401133
                       3       1123.5240779384396     0.022211727463834052      0.11671500444533725       68.109626072516122       3.0465033262903725      0.97310813412007324      0.07372881699210472      0.12431744831826801      0.99128700762055844       1.4493154396412462      0.52134804299514981   2.1041639888279286e-09      0.12431744831826801       517.13481397533621       5.7934714303969193       5.7934714303969193       2235.4612130160854                                                 1706.9512902692702                                              11.375108771478782        21.670312450137715               396.61810594698323                          82.058643720123925                       16.78775185809133
                       1       1122.0068984449197     0.022321666510442883      0.11667640908222318       68.064903890480807        3.050713302058282      0.96983825193547024     0.074271688551195453      0.14445059251108391      0.99284788515553846        1.449432807359073      0.47108944720457918   2.1130411414197787e-09      0.14445059251108391       516.89336072192168       5.7934714303969193       5.7934714303969193       2232.4268540290454                                                 1703.5341755876777                                              11.999317719446346        22.251632972153516               397.09841303727376                          79.787624648147897                      17.755690064346528
                       3       1105.4302283851946     0.022321666510442883      0.11667640908222318       68.064903890480807        3.050713302058282      0.96983825193547024     0.074271688551195453      0.14445059251108391      0.99284788515553846       1.3905057819167954      0.87316259359305781   2.1130411414197787e-09      0.14445059251108391       516.89336072192168       5.7934714303969193       5.7934714303969193       2199.2735139095953                                                 1670.3808354682271                                              11.999317719446346        22.251632972153516               397.09841303727376                          79.787624648147897                      17.755690064346528
                       1       1106.0846074068672     0.022316102312864797      0.11726367500305293       68.131541323260365       3.0480225440970758      0.96745853896783995     0.072125489866777553      0.11421282339677188      0.99303149815213865       1.3890822269455736      0.93037880896257596    2.107363101687289e-09      0.11421282339677188       514.32000771703372       5.7934714303969193       5.7934714303969193       2200.5822719529406                                                 1674.2327863932221                                              12.029477842684923        22.700542551912918               395.87309858730583                          80.545609155535459                      15.200757422279519
                       1       1101.6292117599905     0.022316102312864797      0.11726367500305293       68.131541323260365       3.0480225440970758      0.96745853896783995     0.072125489866777553      0.11421282339677188      0.99148982876111225       1.3890822269455736      0.93037880896257596    2.107363101687289e-09      0.11421282339677188       505.40921642328044       5.7934714303969193       5.7934714303969193       2191.6714806591872                                                 1674.2327863932221                                              12.029477842684923        22.919811075860764               395.89736410062886                          72.901284549625117                      13.690756697165661
                       1       1100.1659585610814     0.022323454635857751       0.1174779182275399       68.200911276417827       3.0518157232688252       0.9670863305752464     0.073757076127744028      0.09536421044734586      0.99156565258783746       1.3896506380265934      0.84550818028535013   2.1153718872886184e-09      0.09536421044734586       505.18204621461035       5.7934714303969193       5.7934714303969193        2188.744974261369                                                 1671.7403202750165                                              11.822607771742424        23.105570286155285               396.99014198420781                          73.342882737775327                      11.743451206471924
                       2       1087.1284710728603     0.022491772249498568      0.11721645180006929       69.009658068573273       3.0392671672663831      0.97194438041660391     0.068779683130820751     0.031770573361882146      0.98984584623933347       1.3935984931705074      0.39375322619880415   2.0889928800690649e-09     0.031770573361882146       501.13082285208048       5.7934714303969193       5.7934714303969193       2162.6699992849267                                                 1650.8889991157562                                              10.650177317090339        22.220701657967879                393.5295402382277                           73.99344364329518                      11.387137312589719
                       5       1087.8961269104841     0.022489652140184627      0.11708812550109413       68.931077003493158        3.040004923649767      0.97139424175424693       0.0689490919529753     0.049034321051415045       0.9902254684875067       1.3930379581498016      0.46572927618202187   2.0905346165442136e-09     0.049034321051415045        501.7552942784917       5.7934714303969193       5.7934714303969193       2164.2053109601743                                                 1651.9477455238339                                              10.502271157848888        22.299222881614924                 393.667626654169                          73.570225821899442                      12.218218920808329
                       1       1086.7508644909351     0.022494254040784919      0.11702043811651561       69.189520058160255       3.0416857650265725      0.96866916039302353     0.068380271238114257      0.02512638936161106      0.99196901531107196       1.3930918378583146      0.49900160459263537   2.0940514284008041e-09      0.02512638936161106       501.60964634403365       5.7934714303969193       5.7934714303969193       2161.9147861210763                                                 1648.7356944148664                                              11.569445362176076        22.819440293395019               393.42223860522392                          73.628135446770642                      11.739831998644062
                       3        1086.572680930218     0.022450197248994538      0.11621066000779945       69.198536848012424       3.0463044519824551       0.9697535380222575     0.071586763196397757     0.045723498894829892       0.9922837201927257       1.3931680055468849      0.57594300365098561   2.1037455662790325e-09     0.045723498894829892        503.8559474761135       5.7934714303969193       5.7934714303969193       2161.5584189996421                                                 1645.2421790039555                                              12.460292519573485        22.622782836246756               395.10184316132336                          72.994936230698499                       13.13638524784491
                       2       1083.3081116308229     0.022450197248994538      0.11621066000779945       69.198536848012424       3.0463044519824551       0.9697535380222575     0.071586763196397757     0.045723498894829892      0.99029050214837322       1.3931680055468849      0.57594300365098561   2.1037455662790325e-09     0.045723498894829892       497.32680887732289       5.7934714303969193       5.7934714303969193       2155.0292804008518                                                 1645.2421790039555                                              12.460292519573485        22.903883767177717               395.14345750780745                          67.739482472654075                      11.539985129683656
                       2       1083.0751554577898     0.022450197248994538      0.11621066000779945       69.198536848012424       3.0463044519824551       0.9697535380222575     0.071586763196397757     0.045723498894829892      0.98806344344363051       1.3931680055468849      0.57594300365098561   2.1037455662790325e-09     0.045723498894829892       496.86089653125703       5.7934714303969193       5.7934714303969193       2154.5633680547858                                                 1645.2421790039555                                              12.460292519573485        23.232562389665645               395.24712610437069                          68.259559274045102                      10.121648763175614
                       4       1063.5949281651294     0.022341662212740157      0.11441953457166679       69.072674338836052        3.052565050446554       0.9773774949524382     0.075371823398217824     0.093044460971069901      0.98974633349826779       1.4043941997933886      0.12518026602992383   2.1169575869645022e-09     0.093044460971069901       503.17867124262318       5.7934714303969193       5.7934714303969193        2115.602913469465                                                 1598.7787746129541                                               13.64546761388808        21.697978243811633               397.13209033872857                           71.45395076230146                      12.894651897781483
                       1       1063.1454179068705     0.022341662212740157      0.11441953457166679       69.072674338836052        3.052565050446554       0.9773774949524382     0.075371823398217824     0.093044460971069901      0.98974633349826779       1.3750467788641936      0.18548965486256544   2.1169575869645022e-09     0.093044460971069901       503.17867124262318       5.7934714303969193       5.7934714303969193       2114.7038929529472                                                  1597.879754096436                                               13.64546761388808        21.697978243811633               397.13209033872857                           71.45395076230146                      12.894651897781483
                      10       1061.0338122468977     0.022426244849852062       0.1145997692467179       69.274425193882578       3.0486953482601922      0.97775630804040459     0.073626750227379231     0.067722011990477046      0.98908478807309697       1.3758677339300744     0.012253731213348801   2.1087814214275127e-09     0.067722011990477046       500.43580639769192       5.7934714303969193       5.7934714303969193       2110.4806816330015                                                 1595.2263481581692                                              14.818527077140503        21.678695560942174               395.94615725959898                          70.941486725897292                      11.869466851253499
                       2       1060.9426118716642     0.022426244849852062       0.1145997692467179       69.274425193882578       3.0486953482601922      0.97775630804040459     0.073626750227379231     0.067722011990477046      0.99082784227715515       1.3758677339300744     0.012253731213348801   2.1087814214275127e-09     0.067722011990477046       500.25340564722478       5.7934714303969193       5.7934714303969193       2110.2982808825345                                                 1595.2263481581692                                              14.818527077140503        21.484122298953594               395.86751394309914                          69.577017043218831                      13.324752361953179
                       3       1061.3543600586786     0.022438424094997276      0.11492666616036118       69.030341195909571       3.0456280939722089       0.9795154792062637     0.072683418863761451     0.091915590290028548      0.98950118835055278        1.375382185892031     0.011562096730582424   2.1023231621951821e-09     0.091915590290028548       500.38457852433453       5.7934714303969193       5.7934714303969193       2111.1217772565633                                                 1598.4263760569072                                              12.310822675321589        21.217096987516129               395.29890940541384                          69.715644946330386                      14.152927185074175
                       2       1033.7746264646496     0.022438424094997276      0.11492666616036118       69.030341195909571       3.0456280939722089       0.9795154792062637     0.072683418863761451     0.091915590290028548      0.98950118835055278      0.92835874617043301       1.4810629435023384   2.1023231621951821e-09     0.091915590290028548       500.38457852433453       5.7934714303969193       5.7934714303969193       2055.9623100685053                                                 1543.2669088688494                                              12.310822675321589        21.217096987516129               395.29890940541384                          69.715644946330386                      14.152927185074175
                       2       1018.5212800714168     0.022430058402889353       0.1154031274843788       69.221844373724252        3.033564909703153      0.97425221756672453     0.062740292491564459     0.055833848154307975      0.99302164119214043      0.93051797932823854       1.4895058526694374    2.077114802732678e-09     0.055833848154307975       495.21255802870837       5.7934714303969193       5.7934714303969193       2025.4556172820396                                                 1516.8260044917056                                               13.41705476162543        21.794924860214451               390.98347339942364                          68.114089968295886                      14.320069800774389
                       9       1017.6908058553134     0.022487579324426493      0.11518282438145276       69.102914478120596       3.0361052535451476      0.97358429204793595      0.06347446308769078     0.082338626965116041      0.99374554085987299      0.93154710310058131       1.4196676091319536   2.0823980963809144e-09     0.082338626965116041       496.97414181889053       5.7934714303969193       5.7934714303969193        2023.794668849833                                                 1514.4196818442679                                              12.400845186674614        21.903359343676357               391.16420188751516                           68.13603512415817                      15.770545463540833
                       6       1003.9643421150993     0.022352352104569678      0.11527817767550136       69.029336504484093       3.0419864609272764      0.96724233131996473     0.059141563199509459     0.096048918136282316       1.0016000773324232      0.93828590192413919       1.4371636687608282   2.0946811957606737e-09     0.096048918136282316       498.11729681907912       5.7934714303969193       5.7934714303969193       1996.3417413694046                                                 1485.5811928735793                                              12.643251676746063         22.83172028303045               390.22656605266485                          67.955601353101656                      17.103409130282152
                       8       1005.1693238445903     0.022142295212590098      0.11469543772202662       68.904474165962796       3.0386471901622749      0.97175630166808291     0.059200598370697868      0.10637798937779223       1.0008673118974962      0.93940740245199483       1.5852285067082978   2.0876981537045995e-09      0.10637798937779223       501.47067779960702       5.7934714303969193       5.7934714303969193       1998.7517048283867                                                  1483.998272331502                                              13.282754697277808        21.847480290975284               390.27774401924091                          69.811454618517999                      19.533998870872811
                       3       1003.0598797135704     0.022142295212590098      0.11469543772202662       68.904474165962796       3.0386471901622749      0.97175630166808291     0.059200598370697868      0.10637798937779223       1.0008673118974962      0.81367722862320835        1.924820199053821   2.0876981537045995e-09      0.10637798937779223       501.47067779960702       5.7934714303969193       5.7934714303969193       1994.5328165663468                                                 1479.7793840694621                                              13.282754697277808        21.847480290975284               390.27774401924091                          69.811454618517999                      19.533998870872811
                       2       1002.0190022178749     0.022179280980806477       0.1139142821032277       68.856407173478559       3.0403529969326151      0.96645458952786401     0.055337957579647663      0.13747785939394125       1.0069263407663795      0.82030153927956684        1.753155822482741   2.0912624024451678e-09      0.13747785939394125       508.51801657504501       5.7934714303969193       5.7934714303969193       1992.4510615749559                                                 1470.4937983220109                                               13.43924667789987         22.56103544927646               390.07281095265728                          70.751601514663179                      25.132568658448054
                       1       998.22994812160289     0.022278809070508384      0.11502485276763492       68.904859362064641       3.0269810644209021      0.96478103185756448     0.048240468227237293     0.094773253497758628       1.0055793867031788      0.81940496483855585       1.6273660655418896   2.0634843199695273e-09     0.094773253497758628         505.493621623102       5.7934714303969193       5.7934714303969193       1984.8729533824119                                                 1467.2644007986555                                              12.114930960654679        22.883164731321699               392.32060565843045                          69.227873620589023                      21.061977612760792
                       4       998.49098677875827     0.022278809070508384      0.11502485276763492       68.904859362064641       3.0269810644209021      0.96478103185756448     0.048240468227237293     0.094773253497758628       1.0059410929398753      0.81940496483855585       1.6273660655418896   2.0634843199695273e-09     0.094773253497758628       506.01569893741225       5.7934714303969193       5.7934714303969193       1985.3950306967226                                                 1467.2644007986555                                              12.114930960654679        22.832746649921887               392.33979200522816                           69.27178727930233                      21.571373002959909
                       2       996.71867369444703     0.022244542898738961      0.11555957561226551       68.521595734317259       3.0273272758646423      0.96372047835467856     0.046869806426637468      0.10666071493973366       1.0068982315122346      0.82202954781233795       1.5120008189745389    2.064198845536406e-09      0.10666071493973366        505.1265423161496       5.7934714303969193       5.7934714303969193       1981.8504045281002                                                 1466.3848580703395                                              10.339004141610989        22.964791952853147                393.0884188758821                          68.937321160620414                      20.136010326793965
                       1        998.9472759106518      0.02212878753559807      0.11538102282769455       68.855956553148786       3.0223157222377628      0.96527733074974831     0.045695856738384673     0.040583373857313892       1.0061820762312244      0.82298474350203843       1.4798155408691833   2.0538798809449697e-09     0.040583373857313892       503.75045805509046       5.7934714303969193       5.7934714303969193       1986.3076089605097                                                 1470.7549717167083                                              11.802179188711005        22.598214299566393               394.17240417715004                          70.288678821828569                      16.691160756545429
                       3       998.54486293559967      0.02212878753559807      0.11538102282769455       68.855956553148786       3.0223157222377628      0.96527733074974831     0.045695856738384673     0.040583373857313892       1.0054773491149538      0.82298474350203843       1.4798155408691833   2.0538798809449697e-09     0.040583373857313892       502.94563210498592       5.7934714303969193       5.7934714303969193       1985.5027830104054                                                 1470.7549717167083                                              11.802179188711005        22.693291810866697               394.17921966356391                          70.164095623301748                      15.909025007253554
                       6       998.40960624232605      0.02214331118399496      0.11533873352724204       68.892738864272786       3.0233722073141247      0.96501678776137001     0.045974142816799547     0.039065338413165535       1.0057860845733346      0.82345728219291958       1.4441775996027177   2.0560509210216124e-09     0.039065338413165535       502.65928459182118       5.7934714303969193       5.7934714303969193       1985.2322696238582                                                  1470.563000944898                                              12.009984087139161        22.757339668891859               393.88865799885883                          70.248968057847435                      15.764318866223068
                       1       981.37191420874285      0.02214331118399496      0.11533873352724204       68.892738864272786       3.0233722073141247      0.96501678776137001     0.045974142816799547     0.039065338413165535       1.0057860845733346       1.4786356783898535      0.62845160643892062   2.0560509210216124e-09     0.039065338413165535       502.65928459182118       5.7934714303969193       5.7934714303969193       1951.1568855566918                                                 1436.4876168777316                                              12.009984087139161        22.757339668891859               393.88865799885883                          70.248968057847435                      15.764318866223068
                       2       980.37446646848457     0.022181022680534852      0.11539560735837513       68.967185548062602       3.0226445848287948      0.96616546957103633       0.0461264253459416     0.034053445568565974       1.0050101243607257       1.4787602239617648      0.55533993175331164   2.0545554362806361e-09     0.034053445568565974       501.69579843594772       5.7934714303969193       5.7934714303969193       1949.1619900761752                                                 1435.1427091279811                                              12.323482512246274        22.586012621153316               393.88356573647741                          69.805361653182189                      15.420858425134856
                       3       970.74906004196032     0.022181022680534852      0.11539560735837513       68.967185548062602       3.0226445848287948      0.96616546957103633       0.0461264253459416     0.034053445568565974       1.0050101243607257       1.3739361412306401        1.088745506313106   2.0545554362806361e-09     0.034053445568565974       501.69579843594772       5.7934714303969193       5.7934714303969193       1929.9111772231267                                                 1415.8918962749328                                              12.323482512246274        22.586012621153316               393.88356573647741                          69.805361653182189                      15.420858425134856
                       4       969.64266792094838     0.022167205779208488       0.1155657640012405       68.975603683836809       3.0233710784578554      0.96554597827307198     0.046194556924579959     0.027706916308651238       1.0051568020859092       1.3734434662225194       1.1240326506633986   2.0560486000369507e-09     0.027706916308651238       500.69473866882305       5.7934714303969193       5.7934714303969193       1927.6983929811029                                                 1414.6966918361213                                              12.306962476158635        22.717355458590362               393.72472070696875                          69.494000744957091                      14.758661758306848
                       1       970.16060233453925     0.022191134186739306      0.11543094250186729        69.00399344852228       3.0250130520528002      0.96510028702944017     0.047101732093610356     0.029226431758636314       1.0052604280313711       1.3732482646371205       1.1136473465115175   2.0594273506987056e-09     0.029226431758636314       500.69048208946606       5.7934714303969193       5.7934714303969193       1928.7342618082846                                                 1415.5364173638575                                               12.50736235496105        22.825909846685363               393.17162049761009                          69.868912189085677                      14.824039556084948
                       1       968.00334302528483     0.022254222004837107      0.11570146674273864       68.640847054834225       3.0292572207443342       0.9629145168995098     0.048495952537514021      0.07316029843270043       1.0055293771974068       1.3715730445400234         1.18215025170614   2.0681864822508202e-09      0.07316029843270043       500.92598272826962       5.7934714303969193       5.7934714303969193       1924.4197431897758                                                 1413.0219427833711                                              10.471817678135162        23.317078814849822               392.02736030535948                          69.782055954975533                      15.799487653084801
                       4       955.07710221531863     0.022254222004837107      0.11570146674273864       68.640847054834225       3.0292572207443342       0.9629145168995098     0.048495952537514021      0.07316029843270043       1.0055293771974068       1.4428391482935172       1.9426279874294594   2.0681864822508202e-09      0.07316029843270043       500.92598272826962       5.7934714303969193       5.7934714303969193       1898.5672615698434                                                 1387.1694611634387                                              10.471817678135162        23.317078814849822               392.02736030535948                          69.782055954975533                      15.799487653084801
                       2       952.41986859541657     0.022268423548109029       0.1162570459727074       68.763036327858458       3.0321608550560311      0.96097847645703938     0.048552101251575941     0.039773458356905149       1.0063491704395993       1.4436423952896817       1.8446865279886417   2.0742004664637557e-09     0.039773458356905149       498.05873668445594       5.7934714303969193       5.7934714303969193       1893.2527943300393                                                 1384.6229364295914                                              10.571121215991756         23.82253345762183               391.90258977256093                          69.695211905818454                      12.638401548454711
                       3       951.93471095441396       0.0223804937900779      0.11646687923305643       68.676220139464732       3.0321481745208496      0.96402346278697304     0.050614985850119809     0.063959267575060208       1.0033966685970219       1.4414391305578864       1.7903570182668176   2.0741741646585278e-09     0.063959267575060208       495.78907865137961       5.7934714303969193       5.7934714303969193        1892.282479048034                                                  1386.186798855334                                              10.306601541320372        23.307282553733558               391.03423118311986                          68.408002378545632                       13.03956253598057
                       1        950.0895118722799     0.022340035007685097      0.11646761525270911       68.728305693354699       3.0354628859547073      0.96565879256532938     0.052545683512796544     0.055239496739464836       1.0031687758959897       1.4425029813212615       1.7364046517743923   2.0810608608777614e-09     0.055239496739464836       493.27265804185453       5.7934714303969193       5.7934714303969193       1888.5920808837659                                                 1384.9375755500228                                               10.38184729188862          23.0245620067235               390.47348039359281                          67.716868123341357                      12.057747518196903
                       1       950.62701292725262     0.022211231499254018      0.11718472357006901       68.499900286113899       3.0250561750727192      0.96775378710276827     0.047492239133569383     0.045142479844959962       1.0020603884666457       1.4428499032375648       1.8065804336343136   2.0595161613402491e-09     0.045142479844959962       494.74310353128482       5.7934714303969193       5.7934714303969193       1889.6670829937113                                                 1384.5578171321768                                              10.366162330249741        22.461583031945167               392.77047139155655                          67.775918853876661                      11.735130253906474
                       7       950.09814671522849     0.022211231499254018      0.11718472357006901       68.499900286113899       3.0250561750727192      0.96775378710276827     0.047492239133569383     0.045142479844959962       1.0020603884666457       1.3362442713052201       2.0180927391965828   2.0595161613402491e-09     0.045142479844959962       494.74310353128482       5.7934714303969193       5.7934714303969193       1888.6093505696631                                                 1383.5000847081285                                              10.366162330249741        22.461583031945167               392.77047139155655                          67.775918853876661                      11.735130253906474
                       1       949.16936509107234     0.022211231499254018      0.11718472357006901       68.499900286113899       3.0250561750727192      0.96775378710276827     0.047492239133569383     0.045142479844959962       1.0020603884666457       1.1998265045344993       2.5917953389328723   2.0595161613402491e-09     0.045142479844959962       494.74310353128482       5.7934714303969193       5.7934714303969193       1886.7517873213508                                                 1381.6425214598162                                              10.366162330249741        22.461583031945167               392.77047139155655                          67.775918853876661                      11.735130253906474
                       6       947.14174222059864     0.022284581638935014      0.11738740960745409       68.705840676949819       3.0343591523306155      0.96617684244054192     0.052314815946407425     0.014413978761502022       1.0017471651881622         1.19871424454674       2.4942363323076115   2.0787651911688072e-09     0.014413978761502022       490.60032810911281       5.7934714303969193       5.7934714303969193       1882.6965415804034                                                 1381.7987072165115                                              10.297506254778924        22.955034236149402               390.54781464882353                          67.450351883388535                      9.6471273407513571
                       4       947.12086729225211     0.022284581638935014      0.11738740960745409       68.705840676949819       3.0343591523306155      0.96617684244054192     0.052314815946407425     0.014413978761502022       1.0007195001853506         1.19871424454674       2.4942363323076115   2.0787651911688072e-09     0.014413978761502022       490.55857825241981       5.7934714303969193       5.7934714303969193       1882.6547917237103                                                 1381.7987072165115                                              10.297506254778924        23.102943328680283               390.52318573277734                          67.723618910740726                      9.2088302802215161
                       2       946.71979799048142     0.022280929075163901      0.11724237723688626       68.607009609277654       3.0364706364507894       0.9657354972607054     0.052893704817116173     0.030505902894301776       1.0014317722213759       1.1994253397278187        2.491878469558257   2.0831591080699374e-09     0.030505902894301776       490.74957697178394       5.7934714303969193       5.7934714303969193        1881.852653120169                                                 1380.7760504482862                                              10.327025700098776        23.184333924315865               390.35872445943556                          67.798637485749794                      9.4078811022827367
                       2        947.4781560778971     0.022198932575203632      0.11709761445603763       68.724507474660967        3.042901027466252      0.97316148830781846     0.058024120417342534    0.0048456069457284943      0.99959480380242005       1.2047958159589103       2.1237862057252119   2.0965977973884044e-09    0.0048456069457284943       491.42492812860735       5.7934714303969193       5.7934714303969193       1883.3693692950003                                                 1381.5777463844336                                              10.366694781959481        21.921722966106529               390.22907486075542                          70.701087065522103                      8.5730432362232687
                       1        948.1913520186954     0.022239131359525561      0.11700972661190781       68.724597985729616       3.0437357078275773       0.9735526783478019     0.059017899146186006     0.011374578420555961      0.99901462169290545       1.2042331897514849       2.1035516374084176   2.0983485169394536e-09     0.011374578420555961       491.23299485082458       5.7934714303969193       5.7934714303969193       1884.7957611765969                                                 1383.2090954875259                                              10.353670838246467         21.89881819027903               390.27971616331774                          70.491305736343165                      8.5631547608846557
                       8       947.80018592740214     0.022241681754212751      0.11704779188169773       68.751345173703839       3.0447694586359941      0.97323058464470591     0.059302010226295186    0.0081765515679406674      0.99922548618363871       1.2043036276376531       2.0969905499435662   2.1005188079919731e-09    0.0081765515679406674       490.97844757247134       5.7934714303969193       5.7934714303969193       1884.0134289940104                                                 1382.6557558278507                                              10.379225593688325        21.963134530532557                390.3753822178852                          70.131362483420801                      8.5085683406327792
                       1       947.85849242293409     0.022241681754212751      0.11704779188169773       68.751345173703839       3.0447694586359941      0.97323058464470591     0.059302010226295186    0.0081765515679406674      0.99907647595847993       1.2043036276376531       2.0969905499435662   2.1005188079919731e-09    0.0081765515679406674       491.09506056353536       5.7934714303969193       5.7934714303969193       1884.1300419850743                                                 1382.6557558278507                                              10.379225593688325        21.981009939389196                390.3753822178852                          70.258420663652899                      8.4802477426080909
                       4       947.81497582816826     0.022241681754212751      0.11704779188169773       68.751345173703839       3.0447694586359941      0.97323058464470591     0.059302010226295186    0.0081765515679406674      0.99907647595847993       1.2214478381329958        2.062678276949419   2.1005188079919731e-09    0.0081765515679406674       491.09506056353536       5.7934714303969193       5.7934714303969193       1884.0430087955426                                                 1382.5687226383191                                              10.379225593688325        21.981009939389196                390.3753822178852                          70.258420663652899                      8.4802477426080909
                       1       949.32639009827517     0.022192591317575325      0.11644684131890963        68.72150802934928       3.0386854913378896      0.97356385571196447     0.056972263586512778     0.025004434868764882      0.99921461515388899       1.2206990702275062       2.2204730751409154   2.0877781165295401e-09     0.025004434868764882       492.50580273779406       5.7934714303969193       5.7934714303969193       1887.0658373357564                                                 1384.0513564026919                                               10.50867819527077        21.810782368515333               390.21074879768969                          71.149509368162001                      9.3347622034270614
                       4       949.99992705025443     0.022192591317575325      0.11644684131890963        68.72150802934928       3.0386854913378896      0.97356385571196447     0.056972263586512778     0.025004434868764882       1.0013635667334795       1.2206990702275062       2.2204730751409154   2.0877781165295401e-09     0.025004434868764882       493.85287664175246       5.7934714303969193       5.7934714303969193        1888.412911239715                                                 1384.0513564026919                                               10.50867819527077        21.569499735827549               390.23630632267276                          71.636832198354853                      10.410238384897296
                       6       950.20609492845711     0.022192591317575325      0.11644684131890963        68.72150802934928       3.0386854913378896      0.97356385571196447     0.056972263586512778     0.025004434868764882       1.0013635667334795        1.384130001980213       1.8371543401477326   2.0877781165295401e-09     0.025004434868764882       493.85287664175246       5.7934714303969193       5.7934714303969193       1888.8252469961203                                                 1384.4636921590973                                               10.50867819527077        21.569499735827549               390.23630632267276                          71.636832198354853                      10.410238384897296
                       2       950.10602199343623     0.022196954022307168      0.11645392575274434        68.71186277299212       3.0394498181168057      0.97368651999564215     0.057277945518747105     0.026709833538732953       1.0014145671042398       1.3844395344784921       1.8147006900890501   2.0893744712430515e-09     0.026709833538732953       493.74821411083644       5.7934714303969193       5.7934714303969193       1888.6251011260786                                                 1384.3959865882205                                              10.480900427021913         21.55958663997535               390.18633024370757                          71.651250824244514                      10.351046402908967
                       2       949.32155813074951     0.022196954022307168      0.11645392575274434        68.71186277299212       3.0394498181168057      0.97368651999564215     0.057277945518747105     0.026709833538732953      0.99955208008663288       1.3844395344784921       1.8147006900890501   2.0893744712430515e-09     0.026709833538732953       492.17928638546283       5.7934714303969193       5.7934714303969193       1887.0561734007051                                                 1384.3959865882205                                              10.480900427021913         21.76731431037615               390.15220237604154                          70.846375598641686                      9.4133941004034476
                      12       948.38818247618178     0.022048043137013747      0.11707015111168778       68.389800795789512       3.0395671173856775      0.96965795557824197     0.053847151702642551     0.057487684671108208       1.0026230185516996       1.3829873727144451       2.1961106860800403   2.0896195677154653e-09     0.057487684671108208       493.30363761669201       5.7934714303969193       5.7934714303969193       1885.1894220915697                                                 1381.5527848705374                                              10.332999604340161        22.310082238673431               390.28735530092024                          70.534494707802224                      10.171705369296131
                       3       949.11143450394343     0.022048043137013747      0.11707015111168778       68.389800795789512       3.0395671173856775      0.96965795557824197     0.053847151702642551     0.057487684671108208       1.0015113435160243       1.3829873727144451       2.1961106860800403   2.0896195677154653e-09     0.057487684671108208       494.75014167221531       5.7934714303969193       5.7934714303969193        1886.635926147093                                                 1381.5527848705374                                              10.332999604340161        22.453875784774141               390.25116074802008                          72.425460205933121                      9.6196449334879883
                       2       948.75378480122322     0.022077473524824993      0.11750289385270084       68.562849547285438        3.041204881408389      0.96501237812314922     0.052446460235766178      0.03181689759396028        1.003412725226501       1.3818187296884044       2.2685240940933054   2.0930446754581521e-09      0.03181689759396028       492.65269461797897       5.7934714303969193       5.7934714303969193       1885.9206267416525                                                  1382.979463959939                                              10.288468163734585        23.395778112608014                390.3512612810261                          69.949115365036803                      8.9565398593080623
                      21         949.915115570441     0.022234354941002711      0.11820149644402909       68.398593903539251       3.0386304421988504       0.9639325945030649     0.053285865969809387     0.027887596895333128       1.0000119830300731       1.3767995623233715       2.2614604928208801   2.0876631893050717e-09     0.027887596895333128        491.4994321267128       5.7934714303969193       5.7934714303969193       1888.2432882800881                                                 1385.6821671021692                                              11.061689051206299        23.800617194464962               390.16797259488209                          69.030617164838944                      8.5002251725268039
                       3       949.85421816156031     0.022234354941002711      0.11820149644402909       68.398593903539251       3.0386304421988504       0.9639325945030649     0.053285865969809387     0.027887596895333128       1.0000119830300731       1.2485368881653434        2.448082946170715   2.0876631893050717e-09     0.027887596895333128        491.4994321267128       5.7934714303969193       5.7934714303969193       1888.1214934623267                                                 1385.5603722844075                                              11.061689051206299        23.800617194464962               390.16797259488209                          69.030617164838944                      8.5002251725268039
                       7       947.42919266625427     0.022242423830775668      0.11795789989384781       68.546445862027994       3.0486619053587605      0.96590772205512732     0.058478324593704764     0.010442557782685977       1.0002327952769929        1.252164920439216       2.1690392515291825   2.1087108988375413e-09     0.010442557782685977       490.83324622116879       5.7934714303969193       5.7934714303969193       1883.2714424717146                                                 1381.9080793776077                                              10.530116872938191        23.519595159048322               390.21255779658077                          68.819025254963066                       8.282068010576614
                       1       947.43364928888695     0.022242423830775668      0.11795789989384781       68.546445862027994       3.0486619053587605      0.96590772205512732     0.058478324593704764     0.010442557782685977       1.0002327952769929       1.2466199951276429       2.1798461754360061   2.1087108988375413e-09     0.010442557782685977       490.83324622116879       5.7934714303969193       5.7934714303969193         1883.28035571698                                                 1381.9169926228731                                              10.530116872938191        23.519595159048322               390.21255779658077                          68.819025254963066                       8.282068010576614
                       5       948.62718913003312       0.0221438247134896      0.11751674089810343       68.215352602226332       3.0342346384602048      0.97060138023732012     0.051062546144173743     0.062900457427589984       1.0006391410944449       1.2514404007070996       2.1329565037103868   2.0785063721827909e-09     0.062900457427589984       494.68753154654365       5.7934714303969193       5.7934714303969193       1885.6674353992723                                                 1379.7300238252326                                              11.249880027495863        22.263588036327462               391.08225091249921                          71.868686601327823                      9.4730059963891691
                       1       949.50067140834403       0.0221438247134896      0.11751674089810343       68.215352602226332       3.0342346384602048      0.97060138023732012     0.051062546144173743     0.062900457427589984       1.0006391410944449       1.4465484687355197       2.1492085003608978   2.0785063721827909e-09     0.062900457427589984       494.68753154654365       5.7934714303969193       5.7934714303969193       1887.4143999558942                                                 1381.4769883818544                                              11.249880027495863        22.263588036327462               391.08225091249921                          71.868686601327823                      9.4730059963891691
                       1       948.98310481076146     0.022177052303051351      0.11714713039481053       68.420398784087794       3.0349245162361851      0.96778005079550833     0.050584347857011859     0.060758641745482359       1.0020909269711338       1.4452062251843161       2.2671986132194699    2.079940782263121e-09     0.060758641745482359       494.14688320146558       5.7934714303969193       5.7934714303969193        1886.379266760729                                                 1381.8035617296164                                              10.428821829646946          22.7761510607628                391.1285032285486                          70.220952891785089                      10.021276020369099
                       1        949.3698477147442     0.022177052303051351      0.11714713039481053       68.420398784087794       3.0349245162361851      0.96778005079550833     0.050584347857011859     0.060758641745482359       1.0053835855497746       1.4452062251843161       2.2671986132194699    2.079940782263121e-09     0.060758641745482359       494.92036900943106       5.7934714303969193       5.7934714303969193       1887.1527525686945                                                 1381.8035617296164                                              10.428821829646946        22.338292304834681               391.21574871852607                          69.215754938381949                      12.150573047688338
                       8        949.2407022996789     0.022186016031834562      0.11739029957202111       68.793853298320542       3.0337190323623759      0.96898699754498374      0.05146132324618146    0.0094195836624280521       1.0035604767041761       1.4431971921164655       2.2624649773451253   2.0774349578605326e-09    0.0094195836624280521       493.73439606648321       5.7934714303969193       5.7934714303969193       1886.8944617385639                                                 1382.6798509721805                                              10.480214699900477        22.213506023041248               390.93523029769665                          70.059967201021706                      10.525692544723585
                      11       949.57577605166796     0.022172467718843399      0.11743158699320236       68.855076410075355       3.0381241283617073      0.96693860083061856     0.052308363641527252    0.0066876763919867166       1.0050653020135989       1.4431757656475066       2.3174714040165845   2.0866064440899697e-09    0.0066876763919867166       492.95071713662867       5.7934714303969193       5.7934714303969193        1887.564609242542                                                 1383.9286780737134                                              10.685214032199799        22.611217120869867               390.57127785413343                          69.499723989464414                      10.268498172160974
                       1       950.94551770290616     0.022172467718843399      0.11743158699320236       68.855076410075355       3.0381241283617073      0.96693860083061856     0.052308363641527252    0.0066876763919867166       1.0050653020135989       1.4788281984822211       2.4488504787856087   2.0866064440899697e-09    0.0066876763919867166       492.95071713662867       5.7934714303969193       5.7934714303969193       1890.3040925450184                                                 1386.6681613761898                                              10.685214032199799        22.611217120869867               390.57127785413343                          69.499723989464414                      10.268498172160974
                       4       950.48107647329948     0.022189518681175639      0.11751038304516878       68.836779786940838       3.0375490303331123      0.96676633676921819      0.05167918801698608    0.0055354807964657481       1.0052665970856516       1.4796876183626075       2.3834818629880292   2.0854067858311339e-09    0.0055354807964657481       492.97076039467294       5.7934714303969193       5.7934714303969193       1889.3752100858051                                                 1385.8424926667087                                              10.561957024423165        22.636248721817253               390.75022351111346                          69.402087356508801                      10.182200805233435
                       3       950.37796952710107     0.022189518681175639      0.11751038304516878       68.836779786940838       3.0375490303331123      0.96676633676921819      0.05167918801698608    0.0055354807964657481       1.0052665970856516       1.4551855544848955        2.437848409404157   2.0854067858311339e-09    0.0055354807964657481       492.97076039467294       5.7934714303969193       5.7934714303969193       1889.1689961934082                                                 1385.6362787743119                                              10.561957024423165        22.636248721817253               390.75022351111346                          69.402087356508801                      10.182200805233435
                       1       950.01926034109351     0.022269129508696233      0.11738422652691738       68.675514529337889       3.0441653625918379      0.96122368846110573     0.052761073576973662     0.034073843284143632        1.007881828835792       1.4545873797619737       2.4926495112803497   2.0992502760855201e-09     0.034073843284143632       493.58180762143138       5.7934714303969193       5.7934714303969193       1888.4515778213931                                                 1384.5884721426071                                              10.281298057354569        23.817456132274515               390.26597885916925                          69.185413604430963                      10.312959025556644
                       4       950.09056948441503     0.022271387029052823      0.11739683715678612       68.673304859338501       3.0439073369660399      0.96122279876691874     0.052628050940979137     0.034363017779415583       1.0078572396236085        1.454561306393098       2.4923334315710024   2.0987086855944438e-09     0.034363017779415583       493.63488982773595       5.7934714303969193       5.7934714303969193       1888.5941961080362                                                 1384.6787517141786                                               10.28055456612171        23.816140651580895               390.30551356731803                          69.178813252705964                      10.334422356131068
                      17       949.39414546089768     0.022271387029052823      0.11739683715678612       68.673304859338501       3.0439073369660399      0.96122279876691874     0.052628050940979137     0.034363017779415583       1.0071897004109309        1.454561306393098       2.4923334315710024   2.0987086855944438e-09     0.034363017779415583       492.24204178070113       5.7934714303969193       5.7934714303969193       1887.2013480610015                                                 1384.6787517141786                                               10.28055456612171        23.922977086373919               390.24480300143074                          68.098614695969943                      9.9756469969265211
                       1       949.48719315749941     0.022271387029052823      0.11739683715678612       68.673304859338501       3.0439073369660399      0.96122279876691874     0.052628050940979137     0.034363017779415583       1.0072974904147642        1.454561306393098       2.4923334315710024   2.0987086855944438e-09     0.034363017779415583       492.42813717390476       5.7934714303969193       5.7934714303969193       1887.3874434542049                                                 1384.6787517141786                                               10.28055456612171        23.905631425273668                390.2577074906979                          68.233472314613039                      10.031325943320173
