#                 weight             minuslogpost                 omegabh2                 omegach2                       H0                     logA                       ns                      tau               mnu_sample                 A_planck               TT_tSZ_Amp               TT_kSZ_Amp                       As                      mnu                chi2__CMB            minuslogprior         minuslogprior__0                     chi2 chi2__sbt_spt_audit.likelihoods.candl_cobaya.CandlCobayaLikelihood chi2__sbt_spt_audit.likelihoods.desi_dr2_bao.DESIDR2BAOGaussian chi2__planck_2018_lowl.TT chi2__planck_2018_lowl.EE_sroll2 chi2__planck_2018_highl_plik.TT_lite_native chi2__planckpr4lensing.PlanckPR4Lensing
                       2       1516.1127876695659     0.022691748389808728      0.11692724858047827       68.765043107634426       3.0289474744918241       0.9860938712475884     0.051814996226019386     0.038896199155425519       0.9974985521777322        2.245899767078595       9.9380597468191745   2.0675459684419478e-09     0.038896199155425519       497.64247041464483       5.7934714303969193       5.7934714303969193        3020.638632478338                                                 2512.3695462011378                                              10.626615862555131        20.353392307696595                391.7362431196579                          76.497935670461544                      9.0548993168287684
                       1       1515.0598555748686     0.022766467454890638      0.11644110696561062       68.830480374813931       3.0373824347984857      0.98296063438887671     0.055617132501042228     0.064325249948473315       0.9985630802485832       2.3345845544023902       9.9282834080028124    2.085059395310393e-09     0.064325249948473315       493.42359725626244       5.7934714303969193       5.7934714303969193       3018.5327682889433                                                 2514.6475755265069                                              10.461595506173714        20.669020886352769               390.49778081225384                          72.715583118009818                      9.5412124396460083
                       2       1514.4897400929217     0.022596468455067475      0.11626643063147547       68.799728699724923       3.0473968466929389      0.98044766631051383     0.059176761927465141     0.047636979461321831        1.001103563996673       2.3448726900993426       9.9751253684362382   2.1060449424923866e-09     0.047636979461321831       491.82555971023822       5.7934714303969193       5.7934714303969193       3017.3925373250495                                                 2515.1481925491826                                               10.41878506562785        20.917583182235717               390.32923091904723                          71.812428282795139                      8.7663173261601788
                       2       1514.5652371339256     0.022596468455067475      0.11626643063147547       68.799728699724923       3.0473968466929389      0.98044766631051383     0.059176761927465141     0.047636979461321831       1.0005297844634389       2.3448726900993426       9.9751253684362382   2.1060449424923866e-09     0.047636979461321831       491.97655379224699       5.7934714303969193       5.7934714303969193       3017.5435314070573                                                 2515.1481925491826                                               10.41878506562785        20.968024795730514                390.3317311821163                          72.063259013876348                      8.6135388005238092
                       2       1514.9696698986854     0.022596468455067475      0.11626643063147547       68.799728699724923       3.0473968466929389      0.98044766631051383     0.059176761927465141     0.047636979461321831       1.0005623837600215        2.483687495026492       9.9599803930725077   2.1060449424923866e-09     0.047636979461321831       491.95553095292104       5.7934714303969193       5.7934714303969193        3018.352396936577                                                 2515.9780809180274                                               10.41878506562785        20.965127646608266                390.3317311821163                          72.037154994541368                      8.6215171296551087
                      14       1514.5372983148673     0.022596468455067475      0.11626643063147547       68.799728699724923       3.0473968466929389      0.98044766631051383     0.059176761927465141     0.047636979461321831       1.0005405330152648       2.3573043748763514       9.9974342517435471   2.1060449424923866e-09     0.047636979461321831       491.96945436395976       5.7934714303969193       5.7934714303969193       3017.4876537689406                                                 2515.0994143393532                                               10.41878506562785        20.967069142014225                390.3317311821163                          72.054494004747696                      8.6161600350814993
                      25       1514.5323275612031     0.022597122848753738      0.11626577331531004        68.79979147576033       3.0474137240973898      0.98044512467585021     0.059185766232100145     0.047619389470314633       1.0005388413261722       2.3568913326027658        9.997219425731755    2.106080487364625e-09     0.047619389470314633       491.96735408149942       5.7934714303969193       5.7934714303969193       3017.4777122616124                                                 2515.0910395390251                                              10.419318641087722        20.967761108538525               390.32830744876048                          72.057029016313052                       8.614256507887383
                       2       1513.9697671703625      0.02257809640613739       0.1170777662666547       68.677975105850564       3.0392418844169784      0.98010120018545199      0.05629329448747062    0.0074542581231751767      0.99820255504567468       2.2749129602941935       9.9668729231736961   2.0889400650443305e-09    0.0074542581231751767       493.38483377526421       5.7934714303969193       5.7934714303969193       3016.3525914799311                                                 2512.0623805604282                                              10.905377144239276        20.979615227096531               390.36412049433511                          73.772400144913036                      8.2686979089195152
                       9       1515.7329519696286     0.022479578954517951      0.11700538527070217       68.415713558968918       3.0366271807547323      0.98137284593401819     0.056239967544680435     0.018369398075079747      0.99707871007188897       2.3027680280373843       9.9689507316936741   2.0834852402889173e-09     0.018369398075079747       495.74217190205815       5.7934714303969193       5.7934714303969193       3019.8789610784634                                                 2512.2848668700949                                              11.851922306309758          20.7951506435071               390.41821952625548                          76.241399421558313                      8.2874023107372583
                       9       1516.0672077729078     0.022438854207576475       0.1169841506737687       68.464994739164894        3.032697091305669       0.9815147714791721     0.054289864127553232    0.0033959876456059988       0.9971335732148191       2.2708604495981537       9.9951897053920415   2.0753130262136639e-09    0.0033959876456059988         496.694157750405       5.7934714303969193       5.7934714303969193       3020.5474726850216                                                 2512.3456496517033                                              11.507665282913381        20.740757510946594               390.67249103583492                          76.971878577221531                      8.3090306264019738
                       2        1516.118567264057     0.022438854207576475       0.1169841506737687       68.464994739164894        3.032697091305669       0.9815147714791721     0.054289864127553232    0.0033959876456059988      0.99870451636598878       2.2708604495981537       9.9951897053920415   2.0753130262136639e-09    0.0033959876456059988        496.7968767327032       5.7934714303969193       5.7934714303969193       3020.6501916673201                                                 2512.3456496517033                                              11.507665282913381        20.619814795370019               390.70226596002607                          76.945841722372379                      8.5289542549347352
                      15       1516.0177342763643     0.022443479667176584      0.11698114574456171       68.467005729421544       3.0331287556544493       0.9812870078042204     0.054446684897549731    0.0041167941883230924      0.99877204353921112       2.2739451309269665       9.9945920096426271   2.0762090582382659e-09    0.0041167941883230924        496.5226421930696       5.7934714303969193       5.7934714303969193       3020.4485256919347                                                 2512.4174325618128                                               11.50845093705207        20.645562089699013                390.6684269653054                          76.691469097709728                      8.5171840403554473
                       3       1515.5908447335671     0.022472900442981975      0.11693698880194565       68.511463769526358       3.0334029620213832      0.98106577354477809     0.054164804790342296    0.0057921277347060401      0.99918645286060259       2.2630479472851222       9.9999980294000128    2.076778446042434e-09    0.0057921277347060401       496.02154961525423       5.7934714303969193       5.7934714303969193       3019.5947466063403                                                  2512.226695497322                                              11.346501493763975        20.673209991726139               390.70674197395488                          76.102163022050988                      8.5394346275222297
                      19       1515.8494942508687     0.022472900442981975      0.11693698880194565       68.511463769526358       3.0334029620213832      0.98106577354477809     0.054164804790342296    0.0057921277347060401       0.9971842174644614       2.2630479472851222       9.9999980294000128    2.076778446042434e-09    0.0057921277347060401       496.53884864985758       5.7934714303969193       5.7934714303969193       3020.1120456409435                                                  2512.226695497322                                              11.346501493763975        20.833655763463867               390.68492779114285                          76.743441390950508                      8.2768237043003676
                       9       1515.7519259429523     0.022472900442981975      0.11693698880194565       68.511463769526358       3.0334029620213832      0.98106577354477809     0.054164804790342296    0.0057921277347060401       0.9994252465605814       2.2630479472851222       9.9999980294000128    2.076778446042434e-09    0.0057921277347060401       496.34371203402503       5.7934714303969193       5.7934714303969193       3019.9169090251107                                                  2512.226695497322                                              11.346501493763975        20.654961953977306               390.71123656205788                          76.385275543050284                      8.5922379749395876
                       6       1515.3527125612138     0.022472900442981975      0.11693698880194565       68.511463769526358       3.0334029620213832      0.98106577354477809     0.054164804790342296    0.0057921277347060401      0.99856370565624542       2.2630479472851222       9.9999980294000128    2.076778446042434e-09    0.0057921277347060401       495.54528527054816       5.7934714303969193       5.7934714303969193       3019.1184822616337                                                  2512.226695497322                                              11.346501493763975        20.721670833598523               390.67757316520976                          75.722862650695077                      8.4231786210447641
                       2       1516.6228930275608     0.022472900442981975      0.11693698880194565       68.511463769526358       3.0334029620213832      0.98106577354477809     0.054164804790342296    0.0057921277347060401      0.99647773770220527       2.2630479472851222       9.9999980294000128    2.076778446042434e-09    0.0057921277347060401       498.08564620324194       5.7934714303969193       5.7934714303969193       3021.6588431943278                                                  2512.226695497322                                              11.346501493763975        20.893087457677609                390.6638399026092                          78.267046674049752                      8.2616721689053634
                       6       1516.7840788259703     0.022655531423939442      0.11629508533241832       68.829675435101123       3.0295939788369108      0.98323796030171096     0.053863980841850435     0.011997873482801909      0.99493594014014886       2.2415456635108009       9.9577716332288198    2.068883078071232e-09     0.011997873482801909       499.30319657350242       5.7934714303969193       5.7934714303969193       3021.9812147911466                                                 2512.0164410913339                                              10.661577126310204        20.721509415539856               390.90718978178268                          79.316337959557472                      8.3581594166224313
                       3       1516.6561925706139     0.022593529134989025      0.11620889726063055       68.900533927416106        3.032985507448259      0.98729852083875469     0.056063521155785508     0.012325674491819181       0.9947462108917029       2.2502256926003805       9.9369053255607671    2.075911666315936e-09     0.012325674491819181       500.44200234926166       5.7934714303969193       5.7934714303969193        3021.725442280434                                                 2510.7044621045316                                              10.578977826640727        20.353818654853569               390.59775235593361                          81.130984145985479                      8.3594471924890161
                       5        1516.698345480994     0.022535251339938184      0.11601752785793329       68.939653195663695       3.0343468235982187      0.98600433649089236     0.056481500104644075    0.0088165549697685822      0.99551526549274871       2.2796099859957555       9.9644456300566038   2.0787395627870324e-09    0.0088165549697685822       499.62552831217977       5.7934714303969193       5.7934714303969193       3021.8097481011941                                                 2511.4710635029423                                              10.713156286072095        20.440589854600375               390.47689040269665                          80.315081559207286                       8.392966495675477
                       8       1515.6092628707299     0.022535251339938184      0.11601752785793329       68.939653195663695       3.0343468235982187      0.98600433649089236     0.056481500104644075    0.0088165549697685822      0.99707423664468287       2.2796099859957555       9.9644456300566038   2.0787395627870324e-09    0.0088165549697685822       497.44736309165108       5.7934714303969193       5.7934714303969193        3019.631582880666                                                 2511.4710635029423                                              10.713156286072095        20.341423819327133               390.52878209132638                          77.840926684911636                      8.7362304960859785
                       4       1515.6131315588268     0.022535251339938184      0.11601752785793329       68.939653195663695       3.0343468235982187      0.98600433649089236     0.056481500104644075    0.0088165549697685822      0.99705021659886561       2.2796099859957555       9.9644456300566038   2.0787395627870324e-09    0.0088165549697685822       497.45510046784563       5.7934714303969193       5.7934714303969193       3019.6393202568597                                                 2511.4710635029423                                              10.713156286072095        20.342893883255954               390.52878209132638                          77.853979238582852                      8.7294452546804511
                       3       1515.6090511416028     0.022535251339938184      0.11601752785793329       68.939653195663695       3.0343468235982187      0.98600433649089236     0.056481500104644075    0.0088165549697685822      0.99747233406541058       2.2796099859957555       9.9644456300566038   2.0787395627870324e-09    0.0088165549697685822       497.44693963339711       5.7934714303969193       5.7934714303969193       3019.6311594224117                                                 2511.4710635029423                                              10.713156286072095        20.317384765883901               390.53590427852731                          77.738184775431336                      8.8554658135545115
                       3       1515.5658029087658     0.022538470101517449      0.11607568607707808       68.946366948242016       3.0327278086379805      0.98598750352850917     0.055798373337155045    0.0051859607799943953      0.99722997699176097       2.2727836567922859       9.9647757751964257    2.075376775272636e-09    0.0051859607799943953       497.57313116319813       5.7934714303969193       5.7934714303969193       3019.5446629567377                                                 2511.2614819886203                                              10.710049804919228        20.316492643734193               390.61603143816728                          77.756957886899372                      8.8836491943972682
                       3       1515.6847880519208     0.022538470101517449      0.11607568607707808       68.946366948242016       3.0327278086379805      0.98598750352850917     0.055798373337155045    0.0051859607799943953      0.99725318138017849       2.3492288326369257       9.9723107755118523    2.075376775272636e-09    0.0051859607799943953       497.57930244869249       5.7934714303969193       5.7934714303969193       3019.7826332430477                                                 2511.4932809894358                                              10.710049804919228        20.315118107263061               390.61603143816728                          77.757014513377186                      8.8911383898849827
                       2       1515.7163529702395     0.022538470101517449      0.11607568607707808       68.946366948242016       3.0327278086379805      0.98598750352850917     0.055798373337155045    0.0051859607799943953      0.99669760083375247       2.3492288326369257       9.9723107755118523    2.075376775272636e-09    0.0051859607799943953       497.64243228532979       5.7934714303969193       5.7934714303969193       3019.8457630796852                                                 2511.4932809894358                                              10.710049804919228        20.348605962760303               390.61455463879264                          77.955517764746929                      8.7237539190298801
                       2       1514.5380173324554      0.02267315242633532      0.11630415972580288        68.90520603181389       3.0323518818905431      0.98286081033607364     0.053545715891543097     0.030500249123090069      0.99817841113638084       2.3597202171544183        9.995234222475343   2.0745967322605026e-09     0.030500249123090069       494.74749605880038       5.7934714303969193       5.7934714303969193       3017.4890918041169                                                 2512.2350320708338                                               10.50656367448296        20.649668083097765               390.98777997296395                          74.099786905221748                      9.0102610975169455
                       3       1515.2669761820493     0.022677153240761638      0.11593300413295372       68.790940108520033       3.0316646468185908      0.98409288910970771     0.053972891384788314     0.052884122784052565      0.99766478190873131       2.3816770387323185       9.9921315561265587   2.0731714864214938e-09     0.052884122784052565       496.15764920078556       5.7934714303969193       5.7934714303969193       3018.9470095033048                                                 2512.2704466186751                                               10.51891368384331        20.531492213819831               390.89693172949069                          75.107661299698336                      9.6215639577766847
                       2       1515.5257153522482     0.022803664590107246      0.11559033004611853       68.974877806331975       3.0359667685544061      0.98513852199535101     0.056624469380148798      0.05603693779025614      0.99727675611232813       2.3564333577358632       9.9436332117147614   2.0821097354671074e-09      0.05603693779025614       495.93970152495501       5.7934714303969193       5.7934714303969193       3019.4644878437025                                                 2512.8862849286502                                              10.638501390097488        20.497903751739273               390.45437307674888                          75.388983194975594                      9.5984415014912443
                       2       1516.1563440044595     0.022803664590107246      0.11559033004611853       68.974877806331975       3.0359667685544061      0.98513852199535101     0.056624469380148798      0.05603693779025614      0.99707184605521382       1.6243535565114282       9.9237900175242295   2.0821097354671074e-09      0.05603693779025614       496.14694227494834       5.7934714303969193       5.7934714303969193        3020.725745148125                                                 2513.9403014830787                                              10.638501390097488        20.511958967538533               390.46588703395264                          75.664910014946003                      9.5041862585112113
                      15       1516.3020001325312       0.0228061220923352      0.11562196681665371       68.822975443048733       3.0470296325670501       0.9827776895688729     0.059596275875169802     0.078264406884169108      0.99991531322464777       1.6313466799113492       9.9453219421424048   2.1052717150184614e-09     0.078264406884169108       494.30630521595708       5.7934714303969193       5.7934714303969193       3021.0170574042686                                                 2516.1807841680261                                              10.529968020285295        20.757343389240248                390.3697376812263                          73.856805315352645                      9.3224188301379165
                       6       1516.3692605045949       0.0228061220923352      0.11562196681665371       68.822975443048733       3.0470296325670501       0.9827776895688729     0.059596275875169802     0.078264406884169108       1.0013387363113959       1.6313466799113492       9.9453219421424048   2.1052717150184614e-09     0.078264406884169108       494.44082596008468       5.7934714303969193       5.7934714303969193       3021.1515781483959                                                 2516.1807841680261                                              10.529968020285295        20.646249775670242               390.40003613146916                          73.402007068547491                      9.9925329843977941
                       2       1516.6416910736621     0.022794394630986484      0.11555137977316343       68.830465121153409       3.0471190527581307      0.98135531006147803     0.059175028324342939     0.072956741420011781       1.0019689106173835       1.6191573551014959       9.9665831056293186   2.1054599772345911e-09     0.072956741420011781       494.42219699166418       5.7934714303969193       5.7934714303969193       3021.6964392865302                                                 2516.7218560683464                                                10.5523862265193        20.785603194277996               390.33072492220015                          73.400555454574558                      9.9053134206115079
                       5       1518.4044691512554     0.022755990334519308      0.11559620033885579       68.748025706532232       3.0538135137939322      0.98461400827137624      0.06380103836526925     0.061946141853169864       1.0007559991853885       1.5749138577840935       9.8993480725062053   2.1196021814159006e-09     0.061946141853169864       496.32899697519952       5.7934714303969193       5.7934714303969193       3025.2219954417169                                                 2518.1969710437907                                               10.69602742272666        20.501540013575323                391.1486613476111                          75.906892137802913                      8.7719034762101593
                       3       1517.4993985201963     0.022836037844603127      0.11631977211059727       68.835067290955962       3.0452032485952705      0.98486679632795826      0.06104743028583498     0.027055762008693945      0.99792450632257546        1.520739147580402       9.8426811271987198   2.1014301896199594e-09     0.027055762008693945       496.74351108287595       5.7934714303969193       5.7934714303969193       3023.4118541795988                                                 2515.7538688745281                                              10.914474222194583        20.499506795495392                390.5993689702284                           77.31532391721646                        8.32931139993571
                       5        1519.170369543735     0.022836037844603127      0.11631977211059727       68.835067290955962       3.0452032485952705      0.98486679632795826      0.06104743028583498     0.027055762008693945      0.99950713287790638        1.520739147580402       9.8426811271987198   2.1014301896199594e-09     0.027055762008693945       500.08545312995329       5.7934714303969193       5.7934714303969193       3026.7537962266761                                                 2515.7538688745281                                              10.914474222194583         20.39314095534246               390.56829372017671                          80.478618389890798                       8.645400064543292
                       5       1518.4401938501342     0.022771332281322172      0.11589048150768289       68.872722583116257       3.0423456752439231      0.98526532164347247     0.060402981294870282     0.036954810176711927      0.99934202086557566       1.5887238077342674       9.8712335226004964   2.0954337703947009e-09     0.036954810176711927       499.64124007872419       5.7934714303969193       5.7934714303969193       3025.2934448394744                                                 2514.9930612020162                                              10.659143558734209        20.334168229007503               390.51243112358827                          79.419407198263272                       9.375233527865138
                       1       1518.4600397383037     0.022771332281322172      0.11589048150768289       68.872722583116257       3.0423456752439231      0.98526532164347247     0.060402981294870282     0.036954810176711927      0.99939509984063024       2.2066149900957157       9.5256487621025645   2.0954337703947009e-09     0.036954810176711927       499.81296527553457       5.7934714303969193       5.7934714303969193       3025.3331366158136                                                 2514.8610277815446                                              10.659143558734209          20.3308995036287               390.51243112358827                           79.57138913848145                      9.3982455098361637
                       4       1516.7682419497523     0.022771332281322172      0.11589048150768289       68.872722583116257       3.0423456752439231      0.98526532164347247     0.060402981294870282     0.036954810176711927      0.99784858982544089       2.2066149900957157       9.5256487621025645   2.0954337703947009e-09     0.036954810176711927       496.42936969843214       5.7934714303969193       5.7934714303969193       3021.9495410387108                                                 2514.8610277815446                                              10.659143558734209        20.429833468539186               390.50120850500252                          76.678542666118616                      8.8197850587717852
                       1       1515.6102291529435     0.022761090732224581      0.11634022270490248       68.861887286185024       3.0398352636717885      0.98385810409478547     0.058911560067399657     0.033092834717277135       0.9976260167420018       2.2480607920414939       9.5292396336058651   2.0901799665730114e-09     0.033092834717277135       494.98313660805587       5.7934714303969193       5.7934714303969193       3019.6335154450931                                                 2514.0339374515029                                              10.616441385534332        20.546601074621492               390.31622849408927                          75.319433165440302                      8.8008738739047541
                       1       1516.5658968650075     0.022625431449116752      0.11645650310012362       68.455938835254045       3.0505647487283105      0.98055728391525243     0.062017516953633861     0.075800916906111848       1.0004422974743155       2.3709835518602707       9.5778398313303903   2.1127272654360922e-09     0.075800916906111848         493.455761211398       5.7934714303969193       5.7934714303969193       3021.5448508692211                                                 2516.6852679799108                                              11.403821677912251        20.857312707942413               390.79233453871041                          72.747365910979426                       9.058748053765731
                       2       1516.3826473526772     0.022625431449116752      0.11645650310012362       68.455938835254045       3.0505647487283105      0.98055728391525243     0.062017516953633861     0.075800916906111848       1.0005357028670629       2.4967614944436454       9.7571717183185527   2.1127272654360922e-09     0.075800916906111848       493.60376109851643       5.7934714303969193       5.7934714303969193       3021.1783518445604                                                 2516.1707690681319                                              11.403821677912251        20.849394175350938               390.79518144864363                          72.866638171790484                      9.0925473027313473
                       6       1516.4081483676091     0.022625431449116752      0.11645650310012362       68.455938835254045       3.0505647487283105      0.98055728391525243     0.062017516953633861     0.075800916906111848       1.0006122267828255       2.5929444143077678       9.9097126489726275   2.1127272654360922e-09     0.075800916906111848       493.73186728218326       5.7934714303969193       5.7934714303969193       3021.2293538744243                                                 2516.0936649143291                                              11.403821677912251        20.842926158421108               390.79518144864363                          72.973008454996616                      9.1207512201219423
                       3       1516.1998957066887     0.022772899745064371      0.11613533624533781       68.878543144535456       3.0495985664323242      0.97961741597314866     0.059913342822061115     0.064643176341451586       1.0023508086636699       2.5259425000483207        9.938873081368186   2.1106869715626089e-09     0.064643176341451586       492.96035902411211       5.7934714303969193       5.7934714303969193       3020.8128485525835                                                 2517.4031533961943                                              10.449336132276937        20.982228540563597               390.39271640773632                          72.096498619718005                      9.4889154560942011
                       9        1515.720478434657     0.022467983758228199      0.11719374304476175        68.60151168179452       3.0377917359100008      0.98004162108014659     0.055807737668393781     0.013481324373374348      0.99991632737045322       2.5424923729952247       9.9634320238617189   2.0859129871145891e-09     0.013481324373374348       494.61367413748292       5.7934714303969193       5.7934714303969193       3019.8540140085202                                                  2514.418901646372                                              10.821438224665195        20.791185406778254               390.40770830946872                          74.788996175988558                      8.6257842452473596
                       1       1516.0778161142355      0.02248202589653801      0.11740289566902719       68.636083528292971       3.0404524639460861      0.98056565362445036     0.056764732582446797    0.0079445907219201466        1.000097227685786       2.5249550388271786       9.9461596513958135   2.0914704244162137e-09    0.0079445907219201466       495.08861987245547       5.7934714303969193       5.7934714303969193       3020.5686893676771                                                 2514.6909229794701                                              10.789146515751451        20.755003449625917               390.29779470765379                          75.544520280934435                      8.4913014342413149
                       8       1515.8439533892677        0.022729801264469      0.11693135351322635       68.995688063506691       3.0367521462877392       0.9853784028015754     0.055795273822844139    0.0096540289004139572       0.9988223678318755       2.4050337751429933       9.8892351110091745   2.0837456204014129e-09    0.0096540289004139572       496.67096549817506       5.7934714303969193       5.7934714303969193       3020.1009639177414                                                 2512.9345193167314                                              10.495479102834651        20.371889471469729               390.57236359254443                          77.038850211159584                       8.687862223001348
                       2       1516.6596778620124     0.022745447341599442      0.11724512818587038       68.885533246335569       3.0355124916161427      0.98487664489094062     0.054621333159858766     0.022285380559172455      0.99893118346926657       2.4276334659416414       9.8928473010979054   2.0811640958387508e-09     0.022285380559172455       496.89394252373114       5.7934714303969193       5.7934714303969193       3021.7324128632308                                                 2514.2965853395312                                              10.541884999968202        20.422337170279036               390.74245535171065                          76.954957574181847                      8.7741924275596244
                       1       1517.1392945470168     0.022859119893963657      0.11748891864471073       68.862595459263645        3.029083914030517      0.98399176342957007     0.051619609305929577      0.02031043195344007      0.99790124990232565       2.3800847152340938       9.8796554058476236   2.0678280827054406e-09      0.02031043195344007       497.77606836331216       5.7934714303969193       5.7934714303969193       3022.6916462332397                                                 2513.9805506681801                                              10.935027201746895        20.525472994945005               391.71137166255289                          76.744133062828965                      8.7950906429853291
                       3       1515.6146682514259     0.022848538499239977      0.11674784886838112       69.011479579411983       3.0340010481599751      0.97858487943303818     0.053181246806291722     0.023653133282588206       1.0000225311131323       2.4462386536476859       9.9353239723397788   2.0780209099571243e-09     0.023653133282588206       494.49764954474534       5.7934714303969193       5.7934714303969193       3019.6423936420579                                                  2514.599916916316                                              10.544827180996354        21.082748331789958               390.88968995986738                           73.37838624852661                      9.1468250045614035
                       6       1515.6125185076305     0.022848538499239977      0.11674784886838112       69.011479579411983       3.0340010481599751      0.97858487943303818     0.053181246806291722     0.023653133282588206       1.0000366866743959       2.4631445882459886       9.9642670829685951   2.0780209099571243e-09     0.023653133282588206         494.505633540644       5.7934714303969193       5.7934714303969193       3019.6380941544671                                                 2514.5876334328268                                              10.544827180996354        21.081438062239215               390.87741468732634                          73.394578077464132                      9.1522027136142921
                       3       1516.1013489570485     0.022848538499239977      0.11674784886838112       69.011479579411983       3.0340010481599751      0.97858487943303818     0.053181246806291722     0.023653133282588206      0.99746672119237767       2.4631445882459886       9.9642670829685951   2.0780209099571243e-09     0.023653133282588206       495.48329443947949       5.7934714303969193       5.7934714303969193        3020.615755053303                                                 2514.5876334328268                                              10.544827180996354        21.329091120730254               390.84738861962825                          74.869047784366032                      8.4377669147549419
                       4       1516.2374731501952     0.022855944278096892      0.11672273354780885       69.005031158842399       3.0329042148198813      0.97888646651788569     0.052838221864179191     0.026065809603161762      0.99721958361073959       2.4647363828991344       9.9625700374265751   2.0757429168594371e-09     0.026065809603161762       495.79416843526349       5.7934714303969193       5.7934714303969193       3020.8880034395966                                                 2514.5454900540785                                              10.548344950254494        21.286286755559956               390.93875838250563                          75.076377192972444                      8.4927461042255015
                      14       1516.0524577499962     0.022726508565034463      0.11644565185009326       68.971679308593735       3.0308910601260584      0.98134987884238223     0.054836580390306727     0.018976919630755207      0.99475387088578116       2.5390319950229836       9.9313332849661311   2.0715683287189416e-09     0.018976919630755207       495.56357191066951       5.7934714303969193       5.7934714303969193       3020.5179726391984                                                 2514.3998586696916                                              10.554542058837326        20.950802077777894               390.56483248385985                          75.504273716483681                      8.5436636325481157
                       6       1516.0255134777749     0.022727947615224162      0.11645281031867163       68.970206890369312       3.0312570280111784      0.98128681211694602     0.055004153548765033     0.018665439559104258      0.99476689131261775       2.5381949459654827       9.9295635281220669   2.0723265949411641e-09     0.018665439559104258       495.49758845928477       5.7934714303969193       5.7934714303969193       3020.4640840947559                                                 2514.4116190412528                                              10.554876594218747        20.961217296271741               390.52075281384373                           75.49414652661126                       8.521471822558059
                       4       1515.7234323242678     0.022801800818730001      0.11650296536496429       69.060793601908827       3.0349318254165278      0.98637149286353931     0.056806857264979277     0.016265028116802773      0.99448352229666437       2.4378191503977478       9.8779031531308341   2.0799559849809605e-09     0.016265028116802773       496.91864431941173       5.7934714303969193       5.7934714303969193       3019.8599217877418                                                 2512.3370601893921                                              10.604217278937575        20.482502419992102               390.43755591662125                          77.657939401533568                      8.3406465812648225
                       1       1516.0232452740595     0.022817160041717136       0.1165227066662642       69.079344867143462       3.0328037783886566      0.98718319585288994      0.05620893292378161     0.013018661842452008      0.99386303615892602        2.423150489788843       9.8682229397562242   2.0755344471178818e-09     0.013018661842452008       497.71783610466935       5.7934714303969193       5.7934714303969193       3020.4595476873251                                                 2512.1164971869202                                               10.62521439573537        20.415382218843035               390.50286089464146                          78.445969287478988                      8.3536237037058712
                       5       1516.1558600863077     0.022817160041717136       0.1165227066662642       69.079344867143462       3.0328037783886566      0.98718319585288994      0.05620893292378161     0.013018661842452008      0.99387885149112765        2.471765069006358       9.8762149815214588   2.0755344471178818e-09     0.013018661842452008        497.6864508859689       5.7934714303969193       5.7934714303969193       3020.7247773118215                                                 2512.4131120301172                                               10.62521439573537        20.414368794458028               390.50286089464146                          78.413793050586989                      8.3554281462823958
                       2       1516.2104143055017     0.022799874322535725      0.11648795027807268        69.07169661098979       3.0323788175843136      0.98734102966989223     0.056248124501063743     0.014410707637646521      0.99370197099902013       2.4877221370949463       9.8772035350169567   2.0746526137153796e-09     0.014410707637646521       497.79642914567944       5.7934714303969193       5.7934714303969193       3020.8338857502094                                                 2512.4141065119215                                              10.623350092608629        20.396699253283145               390.52773488374095                          78.487230986719155                      8.3847640219361974
                       4       1515.8245202058602     0.022799874322535725      0.11648795027807268        69.07169661098979       3.0323788175843136      0.98734102966989223     0.056248124501063743     0.014410707637646521      0.99590450703172517       2.4877221370949463       9.8772035350169567   2.0746526137153796e-09     0.014410707637646521       497.02464094639549       5.7934714303969193       5.7934714303969193       3020.0620975509264                                                 2512.4141065119215                                              10.623350092608629        20.265472420374692               390.56433650542505                           77.31874688484119                      8.8760851357545825
                       1       1515.1022021397901      0.02277810548708209       0.1165191354027838       69.066213377357087       3.0363620886805123      0.98469690496906004     0.056553044056018215     0.014998578191352127      0.99784328900156649       2.4939848181658899       9.9141888654246006   2.0829329980657147e-09     0.014998578191352127       495.03279957244496       5.7934714303969193       5.7934714303969193       3018.6174614187862                                                 2512.9750913688072                                              10.609570477533738        20.466543556810961                390.4720238848497                          75.317713263527054                      8.7765188672572663
                       3       1515.4656145323956     0.022801061334223181      0.11656643930119699       69.102152133387833       3.0331481053718985      0.98505875396584586     0.054939451076764602     0.016690969803000055      0.99765348398218867       2.4924669706649913       9.9203700251889479   2.0762492326855893e-09     0.016690969803000055       495.49200782401147       5.7934714303969193       5.7934714303969193       3019.3442862039974                                                 2513.2261863243857                                               10.62609205560006        20.431810576637133               390.73906217199283                          75.331478848495649                      8.9896562268858524
                       4       1515.8020501330866     0.022801061334223181      0.11656643930119699       69.102152133387833       3.0331481053718985      0.98505875396584586     0.054939451076764602     0.016690969803000055      0.99807768323388024       2.4924669706649913       9.9203700251889479   2.0762492326855893e-09     0.016690969803000055       496.16487902539342       5.7934714303969193       5.7934714303969193       3020.0171574053793                                                 2513.2261863243857                                               10.62609205560006        20.404386323492304               390.73906217199283                          75.879821909322459                        9.14160862058581
                       7       1517.1692313936801     0.022801061334223181      0.11656643930119699       69.102152133387833       3.0331481053718985      0.98505875396584586     0.054939451076764602     0.016690969803000055      0.99772435484781696        2.131370175391631       9.1480786818334501   2.0762492326855893e-09     0.016690969803000055       495.58662169050649       5.7934714303969193       5.7934714303969193       3022.7515199265663                                                 2516.5388061804597                                               10.62609205560006        20.427194618828366               390.73906217199283                          75.406324999983411                      9.0140398997018831
                       3       1518.0177687361399     0.022701686992533828      0.11680599581180823       68.952688227475576       3.0312361753375194      0.98621113957149065     0.054931420812015561     0.019199556825627385      0.99668123135776721       2.1855021634040881       9.1416481627123556   2.0722833818415211e-09     0.019199556825627385       497.05935212893303       5.7934714303969193       5.7934714303969193        3024.448594611486                                                 2516.9195160445825                                              10.469726437970269        20.313658283627376               390.76524467755127                          76.939153386217939                      9.0412957815364692
                       3       1518.2592471966168     0.022698692571007012      0.11695229061461944       68.899719322249169        3.026463898558124      0.98346185075751646     0.052394619854619726      0.01594931580165547      0.99661308337928478       2.2035497416343817       9.1687717649857188   2.0624174322236012e-09      0.01594931580165547       496.04268215667594       5.7934714303969193       5.7934714303969193       3024.9315515324397                                                 2518.3841176452706                                              10.504751730493103        20.525159392451599                391.3706028461088                           74.93851614247211                      9.2084037756434416
                       7       1518.1432367294583     0.022802031766305159      0.11737254759423676       68.824663936624958       3.0330275848132793      0.98155558129196807     0.054043340360099931     0.026477706652860714      0.99766229085006219       2.1848013358127751       9.1429533660527547   2.0759990170466005e-09     0.026477706652860714       494.59184448267825       5.7934714303969193       5.7934714303969193       3024.6995305981227                                                 2519.2670901634306                                              10.840595952013661        20.784294616751822               390.74058108829229                          74.313382998171136                      8.7535857794629877
                       3       1518.3921838371036     0.022785037181002055      0.11737897298884346          68.794670703799        3.031123231145529      0.98059782232231585     0.053007713071610597     0.028090119082739062      0.99776271053240084       2.2021945583516422       9.1603878805140937   2.0720493426863142e-09     0.028090119082739062       494.44542286723816       5.7934714303969193       5.7934714303969193       3025.1974248134134                                                 2519.8556979150289                                              10.896304031145933        20.870423976918687               390.99775266683105                          73.691495300129205                      8.8857509233592342
                       9       1518.2588903662183     0.022775553674791279       0.1173586491633708       68.774182961367345       3.0311686732683603      0.98063003939448368     0.053051692052088227     0.028870642755087106      0.99778260532880358       2.2024352125290845         9.16265446838975   2.0721435031464661e-09     0.028870642755087106       494.43751723063684       5.7934714303969193       5.7934714303969193       3024.9308378716428                                                 2519.5476517931006                                              10.945668847905132          20.8615741453292                391.0049511845416                          73.685671555189302                      8.8853203455767655
                       4        1518.724625497395     0.022836092616899055      0.11619506243843646       68.838947839763492        3.044235952192357      0.97659655321883398     0.059524529330266952     0.051174823374069908      0.99937886090624972       2.2562820432219475       9.1594209087522742   2.0993984665541898e-09     0.051174823374069908       494.36566234909537       5.7934714303969193       5.7934714303969193       3025.8623081339961                                                 2520.8153705658465                                               10.68127521905455        21.451986794962636               390.27068743597596                          73.493547888350733                       9.149440229806018
                       6       1518.6354739069038     0.022836092616899055      0.11619506243843646       68.838947839763492        3.044235952192357      0.97659655321883398     0.059524529330266952     0.051174823374069908      0.99883663661662758       2.2562820432219475       9.1594209087522742   2.0993984665541898e-09     0.051174823374069908       494.18735916811312       5.7934714303969193       5.7934714303969193       3025.6840049530138                                                 2520.8153705658465                                               10.68127521905455        21.509471430907695               390.27022550475516                          73.452005161599331                      8.9556570708509078
                       2       1518.8556540645411     0.022836092616899055      0.11619506243843646       68.838947839763492        3.044235952192357      0.97659655321883398     0.059524529330266952     0.051174823374069908      0.99812345073910025       2.2562820432219475       9.1594209087522742   2.0993984665541898e-09     0.051174823374069908       494.62771948338695       5.7934714303969193       5.7934714303969193       3026.1243652682883                                                 2520.8153705658465                                               10.68127521905455        21.586422438145974               390.30420388710769                          74.000672467436203                      8.7364206906970736
                       5       1516.8587497171609     0.022836092616899055      0.11619506243843646       68.838947839763492        3.044235952192357      0.97659655321883398     0.059524529330266952     0.051174823374069908      0.99831842345952959       2.3527176110927313       9.6697932698631259   2.0993984665541898e-09     0.051174823374069908        494.4341811150162       5.7934714303969193       5.7934714303969193       3022.1305565735279                                                 2517.0151002394578                                               10.68127521905455         21.56522022214557               390.29426307229278                          73.782377177390686                      8.7923206431871463
                       5       1516.4599561832219     0.022681937674754207      0.11659622607381258       68.570555212839366       3.0336983736464562      0.98035859055068841     0.056339270552284146     0.039792653040062298      0.99573703864714713       2.3396822719615957       9.6680556004385867   2.0773920411651997e-09     0.039792653040062298       494.34442883011059       5.7934714303969193       5.7934714303969193         3021.33296950565                                                 2515.5451696433452                                              11.443371032194786         20.95559926703271                390.3287523613277                          74.391449905102107                      8.6686272966480882
                       3       1516.8079392172842     0.022681937674754207      0.11659622607381258       68.570555212839366       3.0336983736464562      0.98035859055068841     0.056339270552284146     0.039792653040062298       0.9959476758454231       2.7480551470436199       9.9703133066169247   2.0773920411651997e-09     0.039792653040062298       494.21165994646634       5.7934714303969193       5.7934714303969193       3022.0289355737746                                                 2516.3739045951138                                              11.443371032194786        20.937145435032789               390.33013581072998                          74.218590861177432                      8.7257878395261734
                       2       1517.4730449321135     0.022680587337133261      0.11705324416795354       68.487435414277769       3.0358469119024782      0.97903748259425749     0.057380186909433965     0.029320396825640117      0.99553518816620135       2.7464995061422997       9.9435942096656866   2.0818601957200655e-09     0.029320396825640117       493.78545936023573       5.7934714303969193       5.7934714303969193        3023.359147003433                                                 2517.2970272495218                                               12.27666039367544        21.124384068162215               390.27056768657724                          74.042247734917282                      8.3482598705790085
                       3       1516.5718788949032     0.022664879002195378      0.11729405994799015       68.439417563567446       3.0317753095090176      0.98130649104895706     0.054485751103682943     0.031397426001724599      0.99600494065319534       2.6944243893217013       9.9687383411445367   2.0734009218506337e-09     0.031397426001724599       494.78109702155149       5.7934714303969193       5.7934714303969193       3021.5568149290125                                                 2514.1474759062771                                              12.628242001183413         20.81140998504253               390.59588714287975                          74.939767495149127                       8.434032398480074
                      11       1516.9601323914544     0.022584849545113608      0.11658963817348335       68.421210229027963       3.0322414587435755      0.98247771733061195      0.05559158665245658      0.04993331831060465      0.99612466793847843       2.7571887293287798       9.9942486423998087   2.0743676614082329e-09      0.04993331831060465       495.42741322764249       5.7934714303969193       5.7934714303969193       3022.3333219221149                                                 2515.0884300082384                                              11.817478686233498        20.657667098672448               390.45703503545366                          75.372059044483564                      8.9406520490328738
                       5       1516.9097842937024     0.022622621672890593       0.1161934147450763       68.692095537252058       3.0350581864809558      0.98665575278147422     0.058127076102510472     0.054169126329009575      0.99539953010788906       2.7806507428514804       9.9519601781002738   2.0802188270393374e-09     0.054169126329009575       496.81169923071684       5.7934714303969193       5.7934714303969193       3022.2326257266109                                                 2514.8523763914527                                              10.568550104441258        20.323810964769166               390.38382624463844                          76.815023617340799                      9.2890384039684477
                       2        1516.540369577895     0.022622621672890593       0.1161934147450763       68.692095537252058       3.0350581864809558      0.98665575278147422     0.058127076102510472     0.054169126329009575      0.99529044812385636       2.6120139461464476       9.7603419182276099   2.0802188270393374e-09     0.054169126329009575       496.81482896689118       5.7934714303969193       5.7934714303969193       3021.4937962949962                                                 2514.1104172236637                                              10.568550104441258        20.330311502031748               390.38264378803791                          76.856588019155453                      9.2452856576660913
                       3       1516.8292288740561     0.022670415824957321      0.11633248655491504       68.517543169331063       3.0336271104469881      0.98581395133716843     0.056202873652323362      0.05266996065854998      0.99606328369678909       2.4989437835496715       9.7794712241198791   2.0772440048366303e-09      0.05266996065854998       497.37557980104208       5.7934714303969193       5.7934714303969193       3022.0715148873182                                                 2513.1879575873772                                              11.507977498899072        20.391458515786724               390.52919730458296                          77.586385986634113                       8.868537994038256
                       4       1516.3695629941612     0.022670415824957321      0.11633248655491504       68.517543169331063       3.0336271104469881      0.98581395133716843     0.056202873652323362      0.05266996065854998      0.99608319823214664       2.4306131415231316       9.8956274604370336   2.0772440048366303e-09      0.05266996065854998       497.36670933054717       5.7934714303969193       5.7934714303969193       3021.1521831275286                                                  2512.277496298083                                              11.507977498899072        20.390213550147223               390.52919730458296                          77.572478775599379                      8.8748197002175662
                       5       1516.3962578665839     0.022671379824080917      0.11627423184221169       68.529648318370036       3.0342229183087386      0.98604813321799234     0.056504669417528304     0.053667888706674494      0.99615433111416674       2.4297567245608764       9.8947360874710011   2.0784820119160387e-09     0.053667888706674494        497.4383885175726       5.7934714303969193       5.7934714303969193        3021.205572872374                                                 2512.3504937426214                                              11.416690612180162        20.373034543216818               390.50119586414775                           77.67091428855278                      8.8932438216552772
                       8       1516.7787570733456     0.022691144970090865      0.11680930592569261       68.756331290016959       3.0280699622497433      0.98740379527136646     0.052103649909854041     0.012263265871662238      0.99676469533593282       2.2925858214011878       9.9194085185346861   2.0657324673446523e-09     0.012263265871662238        499.6936621530341       5.7934714303969193       5.7934714303969193       3021.9705712858972                                                 2511.3761207793768                                              10.900788353486778        20.254145001051711               391.68728518195132                          79.227072545483878                      8.5251594245471516
                       1       1516.8755816074781     0.022691144970090865      0.11680930592569261       68.756331290016959       3.0280699622497433      0.98740379527136646     0.052103649909854041     0.012263265871662238      0.99735520387368115       2.2925858214011878       9.9194085185346861   2.0657324673446523e-09     0.012263265871662238       499.88731122129911       5.7934714303969193       5.7934714303969193       3022.1642203541624                                                 2511.3761207793768                                              10.900788353486778        20.222974272122826               391.71388465096305                          79.298597702095464                      8.6518545961177846
                       6       1516.4970336064218     0.022542076704171781      0.11727938661898996       68.379190422223104       3.0347984461168518      0.98138817678673351     0.053792928773225224      0.01190233462487148      0.99919156578646251       2.3496340894048124       9.9623012894831895   2.0796785804087516e-09      0.01190233462487148       496.20453976801144       5.7934714303969193       5.7934714303969193       3021.4071243520498                                                 2512.4920827092606                                               12.71050187477784        20.691322034647101               390.85459803452767                          76.342655155044781                      8.3159645437918659
                       1        1516.815816758497     0.022544061890465452      0.11750755724422872       68.347744738582534       3.0324393812683295       0.9814288143336668     0.052603676208579572    0.0053961561047281264       0.9988629789277923       2.3279383535683471       9.9610867631732347   2.0747782661256677e-09    0.0053961561047281264       496.85383118780317       5.7934714303969193       5.7934714303969193       3022.0446906562001                                                 2511.9692887172409                                              13.221570751155811        20.679432466110484               391.15677799459422                          76.696798843738947                      8.3208218833594962
                       1       1516.8200014264014     0.022559084466804057      0.11742769028522516       68.365380534221615       3.0312541498022765       0.9814508239028209     0.052362783247360503    0.0065111020365975032      0.99851846028635793       2.3324731930869929       9.9576892736340756   2.0723206303608946e-09    0.0065111020365975032       496.92950475933588       5.7934714303969193       5.7934714303969193       3022.0530599920089                                                 2512.0178970171455                                               13.10565821552728        20.680088603864817               391.29766941555289                          76.621528140435231                      8.3302185994829987
                      22       1516.9174502533021     0.022559084466804057      0.11742769028522516       68.365380534221615       3.0312541498022765       0.9814508239028209     0.052362783247360503    0.0065111020365975032       0.9987945385909468       2.3324731930869929       9.9576892736340756   2.0723206303608946e-09    0.0065111020365975032        497.1244024131372       5.7934714303969193       5.7934714303969193       3022.2479576458104                                                 2512.0178970171455                                               13.10565821552728        20.659123345332659               391.30008986167923                          76.810114155010169                      8.3550750511151417
                       1        1517.527898589947     0.022559084466804057      0.11742769028522516       68.365380534221615       3.0312541498022765       0.9814508239028209     0.052362783247360503    0.0065111020365975032      0.99882140483803061       2.4986020107222844       9.9028457817537774   2.0723206303608946e-09    0.0065111020365975032       497.14892704934334       5.7934714303969193       5.7934714303969193          3023.4688543191                                                 2513.2142690542291                                               13.10565821552728        20.657096221112056               391.30008986167923                          76.833919126184838                      8.3578218403672437
                       1       1517.9210706001279     0.022378270045411326      0.11738138280969704       68.376129026921092       3.0508592130981267      0.97160558615968029     0.059966823238909471     0.015244712215194835       1.0025832923552926       2.7617279587089714       9.9503294413063461   2.1133494799444082e-09     0.015244712215194835        491.2650801482813       5.7934714303969193       5.7934714303969193       3024.2551983394619                                                  2521.254246821904                                              11.735871369276939        22.029210893334721               390.44716765981582                          70.557686584953572                      8.2310150101771811
                       2       1518.1333731768807     0.022381100008553461      0.11740369855913704       68.333257362940998       3.0510831610803089      0.97138382071228691     0.060066756963768272     0.018936020082674473       1.0025507425060389       2.7667391967754424       9.9486545817296239   2.1138228132951335e-09     0.018936020082674473       491.30168150077134       5.7934714303969193       5.7934714303969193       3024.6798034929675                                                 2521.3481194674905                                              12.030002524705138        22.070045445580718               390.47237213451626                          70.528950885354277                      8.2303130353200764
                       8       1517.9109313892081     0.022381100008553461      0.11740369855913704       68.333257362940998       3.0510831610803089      0.97138382071228691     0.060066756963768272     0.018936020082674473       1.0014741158349416       2.7667391967754424       9.9486545817296239   2.1138228132951335e-09     0.018936020082674473       490.85679792542669       5.7934714303969193       5.7934714303969193       3024.2349199176224                                                 2521.3481194674905                                              12.030002524705138        22.203365697977802               390.47386939863208                          69.929269675209312                      8.2502931536075046
                       1        1518.453546959493     0.022324854855365429      0.11695868911802511       68.256345935164703       3.0418115936827763      0.97390393554856958      0.05756835842356875     0.030261339018887553      0.99961026210674075       2.7980033916617653       9.9625405812365138   2.0943149366561584e-09     0.030261339018887553       491.98493663827719       5.7934714303969193       5.7934714303969193       3025.3201510581921                                                 2521.3101824638079                                              12.025031956107313        21.697304901476002               390.17792682372016                          71.759076598641556                      8.3506283144394509
                       2       1519.0289168494348     0.022215683257038005      0.11729042192232245       68.255519955437393       3.0384382918283821      0.97412512505395177     0.055639292278538838    0.0098314387371696808      0.99977247536167357        2.791568564475968       9.9924061562588467     2.08726208258747e-09    0.0098314387371696808       492.69607269451882       5.7934714303969193       5.7934714303969193       3026.4708908380758                                                 2521.9575196572432                                              11.817298486313634        21.579635581109187               390.26365465449368                          72.527877082076202                      8.3249053768397605
                       2       1519.2302771038287     0.022215683257038005      0.11729042192232245       68.255519955437393       3.0384382918283821      0.97412512505395177     0.055639292278538838    0.0098314387371696808      0.99925162203893869        2.791568564475968       9.9924061562588467     2.08726208258747e-09    0.0098314387371696808       493.09879320330657       5.7934714303969193       5.7934714303969193       3026.8736113468635                                                 2521.9575196572432                                              11.817298486313634        21.636742870313356               390.25057269526206                          72.926828081314056                      8.2846495564171168
                      10       1519.4517534892861     0.022238526103773637      0.11757036935661806       68.185775709377026       3.0369883379588063      0.97497527912894455     0.055435690717910366    0.0088469662341363834      0.99823718779595061       2.7797438036721402       9.9640972460746262   2.0842378418885937e-09    0.0088469662341363834       493.55606719324061       5.7934714303969193       5.7934714303969193       3027.3165641177784                                                 2521.1168092378502                                              12.643687686687283         21.52349018330716               390.30413372038379                          73.429496379612857                      8.2989469099367668
                       1       1519.5791631728664      0.02224554665441917      0.11762385474214541       68.184013216109719       3.0365997832751863      0.97532048572738428     0.055546788400806367    0.0078098687452033203      0.99782357788345399        2.780575424594057       9.9528183187174086   2.0834281588266097e-09    0.0078098687452033203       493.71354091616536       5.7934714303969193       5.7934714303969193       3027.5713834849389                                                 2521.1141885569959                                              12.743654011777634        21.481423116596659                390.2963417504331                          73.627625194115311                      8.3081508550202869
                       1       1520.1097943369896     0.022701359211565415      0.11626139136721321       68.374451555561208       3.0344474040197955      0.97757107195254789     0.056266597858935188     0.061856870476097746      0.99588771115192709       2.6906172474283192       9.8675672607348481   2.0789486538036611e-09     0.061856870476097746       497.12508166601714       5.7934714303969193       5.7934714303969193       3028.6326458131853                                                 2518.8919416826411                                              12.615622464527606         21.35473103229856               390.28341107344329                          76.619965002637031                      8.8669745576382137
                       1       1519.3771575820724     0.022701359211565415      0.11626139136721321       68.374451555561208       3.0344474040197955      0.97757107195254789     0.056266597858935188     0.061856870476097746      0.99772791372591507       2.6906172474283192       9.8675672607348481   2.0789486538036611e-09     0.061856870476097746       495.65980815618229       5.7934714303969193       5.7934714303969193       3027.1673723033509                                                 2518.8919416826411                                              12.615622464527606        21.173387811028533               390.30111861227022                          74.601988774607477                      9.5833129582760677
                       1       1518.8558903447051     0.022701359211565415      0.11626139136721321       68.374451555561208       3.0344474040197955      0.97757107195254789     0.056266597858935188     0.061856870476097746      0.99770899394313672       2.5812466116906796       9.8999480764847316   2.0789486538036611e-09     0.061856870476097746       495.65028781240051       5.7934714303969193       5.7934714303969193       3026.1248378286164                                                 2517.8589275516883                                              12.615622464527606        21.175199342294093               390.30111861227022                          74.599400466308111                       9.574569391528069
                       3       1517.5061868788091     0.022918901778354796      0.11633289118442872       68.655359940155336       3.0418343230099381      0.98163169566409758     0.056650796360636989     0.096207331881063979        1.000539987628736       2.5184806799521322       9.8875905724762436   2.0943625395665226e-09     0.096207331881063979        494.9019061334219       5.7934714303969193       5.7934714303969193       3023.4254308968243                                                 2517.2892289966881                                                11.2342957667147        20.764715655358714               390.30026407569949                          73.396062754021287                      10.440863648342424
                       5       1517.6963948689483     0.022918965090737268      0.11642990940507596       68.584191864585193       3.0419466427202471      0.98314811698871296     0.057318638101668963      0.10041814755633215      0.99973094817859165       2.5180320771421418       9.8623064509428104   2.0945977909716862e-09      0.10041814755633215        495.2359496204146       5.7934714303969193       5.7934714303969193       3023.8058468771028                                                 2516.9263621744558                                               11.64353508223272        20.619869264645729               390.33579373784835                          73.980566332600517                      10.299720285320019
                       2        1518.947677651199      0.02296251493737074      0.11635468331646144       68.641676950675432       3.0450759646133347      0.98376137905903938     0.057887093903716588      0.10731855595065015       1.0007782320394825       2.4910986303781373       9.8654588666526486   2.1011627282398004e-09      0.10731855595065015       495.40475866167327       5.7934714303969193       5.7934714303969193       3026.3084124416041                                                 2519.5300430767447                                              11.373610703185829        20.576089402951993               390.30146266749773                          74.127749081775406                      10.399457509448164
                       1       1518.9662392537607      0.02296251493737074      0.11635468331646144       68.641676950675432       3.0450759646133347      0.98376137905903938     0.057887093903716588      0.10731855595065015       1.0008011481488042       2.4910986303781373       9.8654588666526486   2.1011627282398004e-09      0.10731855595065015       495.44188186679656       5.7934714303969193       5.7934714303969193       3026.3455356467275                                                 2519.5300430767447                                              11.373610703185829        20.574449742570607               390.30146266749773                          74.153154319028829                      10.412815137699422
                       1       1520.6120566589454     0.023118054285364995      0.11636779489921718       68.649818964973733       3.0450849386283441      0.98527204529367607     0.058613856210853701       0.1138721217776958      0.99947177189462288       2.4307465979367393       9.8045029907511783    2.101181584190267e-09       0.1138721217776958       497.52842831344464       5.7934714303969193       5.7934714303969193        3029.637170457097                                                 2520.0952051416307                                              12.013537002021843        20.501520493425915               390.26209696590354                          76.566962831501016                      10.197848022614133
                       5       1522.4186660578132     0.023062690516020726      0.11518939619890611       68.480191771136518       3.0468526861714138      0.98752670557663957     0.062085407214232953      0.17926834788611201      0.99822505913947379       2.6231847437793738       9.7972062962531137   2.1048992277327671e-09      0.17926834788611201       499.82414264984709       5.7934714303969193       5.7934714303969193       3033.2503892548325                                                 2521.6461796413773                                              11.780066963608192        20.273595404719458               390.64694772259156                          74.177755890583668                      14.725843631952381
                       1        1522.519906517052     0.022878916039576026      0.11511531386688274       68.215102127218316       3.0321164184590197      0.99195263149013679     0.058781719093157069      0.14496748477993604      0.99406392121184162       2.5415967062688889       9.7878890257510438   2.0741082981013461e-09      0.14496748477993604       504.00237154495744       5.7934714303969193       5.7934714303969193       3033.4528701733102                                                 2515.9313976230633                                              13.519101005288828        20.014883740019513               390.45883029550379                          80.288417202313411                      13.240240307120766
                       1       1521.7716391196782     0.022692318963680687      0.11527727160499866       67.991537579869231        3.033485105714115      0.98842002307266341     0.058158682464772925      0.14967667807330717      0.99588040389488186       2.6264473147109269       9.8627689977976818   2.0769490472997901e-09      0.14967667807330717       502.22972595717903       5.7934714303969193       5.7934714303969193       3031.9563353785625                                                 2515.1689941631539                                              14.557615258229461        20.130439203750313               390.43181784776237                          78.087930783489696                      13.579538122176629
                       5       1521.7411726975142     0.022693457726041737      0.11535868566941979       67.964150082446025         3.03481337476323      0.98813959567520115     0.058160528751436388      0.14816449346271368      0.99648474070919879       2.6006826742187523       9.8699089123513701   2.0797096274266037e-09      0.14816449346271368       501.75238605313353       5.7934714303969193       5.7934714303969193       3031.8954025342346                                                 2515.1480232217509                                              14.994993259349908        20.146147369769551               390.41729056315307                          78.079191137049079                      13.109756983161866
                       4       1521.8191173816065      0.02269907360321163      0.11533836787017109       67.956876224641107       3.0350173572866121      0.98787997777749514     0.058233895916081753      0.14957079502209661      0.99652536840402606       2.6024696389994304       9.8701743549983565   2.0801338951144338e-09      0.14957079502209661       501.61929700682197       5.7934714303969193       5.7934714303969193       3032.0512919024191                                                 2515.3308534565149                                              15.101141439082447        20.161416062033993               390.39378008360177                          77.887683657191459                      13.176417203994712
                       5       1521.5765236694542     0.022664822887062234      0.11550949843848603       67.885010246678291       3.0347832692935417      0.98637720119858452     0.057799771234400471      0.15191237656837497      0.99678601449401993       2.6384924063067419       9.8843431535597812   2.0796470177339064e-09      0.15191237656837497       500.65388604836562       5.7934714303969193       5.7934714303969193       3031.5661044781145                                                 2515.1017657537791                                              15.810452675969961         20.24602298966056                390.4234410292284                          76.726465418988369                      13.257956610488316
                       8       1520.7949999665896     0.022577958277682181      0.11519587099511136        68.02430482349709       3.0358787744252171       0.9862501764062287     0.058258521511600526        0.145746378963135      0.99763050050901347       2.6819590884512086        9.918224458336498   2.0819265300946759e-09        0.145746378963135       501.06293478413215       5.7934714303969193       5.7934714303969193       3030.0030570723852                                                 2515.6473840549565                                              13.292738233296825        20.227957457624143               390.40601827018617                          76.514331775907706                       13.91462728041418
