#                 weight             minuslogpost                 omegabh2                 omegach2                       H0                     logA                       ns                      tau               mnu_sample                 A_planck               TT_tSZ_Amp               TT_kSZ_Amp                       As                      mnu                chi2__CMB            minuslogprior         minuslogprior__0                     chi2 chi2__sbt_spt_audit.likelihoods.candl_cobaya.CandlCobayaLikelihood chi2__sbt_spt_audit.likelihoods.desi_dr2_bao.DESIDR2BAOGaussian chi2__planck_2018_lowl.TT chi2__planck_2018_lowl.EE_sroll2 chi2__planck_2018_highl_plik.TT_lite_native chi2__planckpr4lensing.PlanckPR4Lensing
                       1       1516.7136338256846     0.022579360939197036      0.11657365403162476       68.353385956425754       3.0418905732703068      0.98365639045536268     0.059950371220117309     0.061307428332627818      0.99643012656061491       2.4650444906484372       9.6882746771504955   2.0944803513181194e-09     0.061307428332627818       495.59418899966113       5.7934714303969193       5.7934714303969193       3021.8403247905753                                                 2514.1155510728581                                              12.130584718056014        20.606828081437698               390.46995451719692                          75.968944651240903                      8.5484617497855737
                       1       1516.3284241634469     0.022579360939197036      0.11657365403162476       68.353385956425754       3.0418905732703068      0.98365639045536268     0.059950371220117309     0.061307428332627818      0.99643012656061491       2.5317352681982759       9.9165001335216463   2.0944803513181194e-09     0.061307428332627818       495.59418899966113       5.7934714303969193       5.7934714303969193          3021.0699054661                                                 2513.3451317483828                                              12.130584718056014        20.606828081437698               390.46995451719692                          75.968944651240903                      8.5484617497855737
                       5       1516.3769808190305     0.022579360939197036      0.11657365403162476       68.353385956425754       3.0418905732703068      0.98365639045536268     0.059950371220117309     0.061307428332627818      0.99743946119172133       2.5317352681982759       9.9165001335216463   2.0944803513181194e-09     0.061307428332627818       495.69130231082869       5.7934714303969193       5.7934714303969193        3021.167018777267                                                 2513.3451317483828                                              12.130584718056014        20.533547450883873               390.46748107489316                          75.886617554476445                      8.8036562305751787
                       3       1516.7208308104339     0.022594122493945309      0.11655263971746899       68.390447219567505       3.0417789649800318      0.98458220884894798     0.060171163880298771      0.05769036968015949      0.99710742543123909       2.5334521235804837       9.8364561600880176   2.0942466029914623e-09      0.05769036968015949       496.37953691431431       5.7934714303969193       5.7934714303969193       3021.8547187600739                                                 2513.5033054266537                                              11.971876419105829        20.458411254125792               390.53573811550172                          76.655703966970478                      8.7296835777163189
                       3       1516.1271190835339     0.022631800402973603      0.11576588192955667       69.087120477915803        3.041043579694394      0.98219875496567133     0.059614149349196011    0.0054894599560744231      0.99859761068048969       2.5278447098663777       9.8605295420695249   2.0927070909917407e-09    0.0054894599560744231       494.43480095723453       5.7934714303969193       5.7934714303969193       3020.6672953062739                                                 2515.1368062596166                                              11.095688089422779        20.681264662450872               390.42685771256981                          74.471956449385871                      8.8547221328279626
                      27       1516.0650992739013     0.022631800402973603      0.11576588192955667       69.087120477915803        3.041043579694394      0.98219875496567133     0.059614149349196011    0.0054894599560744231      0.99748547614513927       2.5278447098663777       9.8605295420695249   2.0927070909917407e-09    0.0054894599560744231       494.31076133796961       5.7934714303969193       5.7934714303969193       3020.5432556870087                                                 2515.1368062596166                                              11.095688089422779        20.770527967929013               390.39627378194677                          74.601178864964581                      8.5427807231292086
                      10        1516.068630916139     0.022632321130176596      0.11576464644172405       69.090728710003802       3.0411096500216344      0.98214818045746266     0.059618026276312075    0.0050732325539133254      0.99752055621749802       2.5277828512385256       9.8583511937465342   2.0928453614017964e-09    0.0050732325539133254       494.28112450846726       5.7934714303969193       5.7934714303969193       3020.5503189714841                                                 2515.1610353101814                                              11.108159152835425          20.7762961849931               390.39627378194677                          74.567832848743265                      8.5407216927841318
                       1       1517.6568738489502     0.022632321130176596      0.11576464644172405       69.090728710003802       3.0411096500216344      0.98214818045746266     0.059618026276312075    0.0050732325539133254       0.9958538931719495       2.5277828512385256       9.8583511937465342   2.0928453614017964e-09    0.0050732325539133254       497.45761037408943       5.7934714303969193       5.7934714303969193       3023.7268048371066                                                 2515.1610353101814                                              11.108159152835425         20.91730488533824               390.37456719319812                          77.904587033690461                      8.2611512618626204
                      12       1517.6480753718995      0.02264603233105187      0.11576637352753516       69.047264115052698       3.0409641414287667      0.98251789990757832     0.059493480712054896     0.013505152316147963      0.99581381585888762       2.5285825092711609       9.8320843099553983   2.0925408565727409e-09     0.013505152316147963       497.66857014722541       5.7934714303969193       5.7934714303969193       3023.7092078830051                                                 2515.1003228406776                                              10.940314895102533        20.878620385899865               390.34909513566947                           78.16320132024704                      8.2776533054090535
                      10        1517.438503457083     0.022666037333745878       0.1160200403678544       69.008918955730479       3.0467794918891609      0.98017075286609567     0.061801612080300113     0.011250979076399846      0.99624199282699955       2.5261445916175447       9.8968361377294922   2.1047451667828377e-09     0.011250979076399846       496.81192939693807       5.7934714303969193       5.7934714303969193       3023.2900640533721                                                 2515.7365674185621                                              10.741567237872044        21.224264916171251               390.67410160164633                          76.718953399365375                      8.1946094797550959
                      11       1516.5248472259491     0.022666037333745878       0.1160200403678544       69.008918955730479       3.0467794918891609      0.98017075286609567     0.061801612080300113     0.011250979076399846      0.99693566132622757       2.5261445916175447       9.8968361377294922   2.1047451667828377e-09     0.011250979076399846       494.98461693466999       5.7934714303969193       5.7934714303969193       3021.4627515911043                                                 2515.7365674185621                                              10.741567237872044        21.156777504396871               390.68442112130964                          74.934239329425566                      8.2091789795379135
                       6       1517.5062747000616      0.02262795638787013      0.11598696765851495       68.780495735280539        3.050544776568699      0.98121606467518641     0.063786068119770237     0.031568225265653102       0.9969169702921945       2.5270475239035206        9.852590265278959   2.1126850701312986e-09     0.031568225265653102       496.25757347032607       5.7934714303969193       5.7934714303969193       3023.4256065393292                                                 2516.5720910591617                                              10.595942009840886        21.033499611251727                391.2526006848567                          75.770468815761433                       8.201004358456208
                       5       1517.3540124557564     0.022625058703752296       0.1161105984491904       68.740976223175309       3.0498819840752911      0.98125869675041322     0.063381715297373464     0.030950194700721717      0.99681510405368923       2.5275584262974391       9.8408537781978644   2.1112852622681963e-09     0.030950194700721717       496.18453629421924       5.7934714303969193       5.7934714303969193        3023.121082050719                                                 2516.2890146044397                                              10.647531152060919        21.023025413159985               391.12983872608373                          75.830624223738354                       8.201047931237138
                       2       1516.5451176077327     0.022625058703752296       0.1161105984491904       68.740976223175309       3.0498819840752911      0.98125869675041322     0.063381715297373464     0.030950194700721717      0.99831224963158249       2.5275584262974391       9.8408537781978644   2.1112852622681963e-09     0.030950194700721717       494.56674659817111       5.7934714303969193       5.7934714303969193       3021.5032923546714                                                 2516.2890146044397                                              10.647531152060919        20.889270822092385               391.15164976327583                          74.223585192789955                      8.3022408200129174
                       8       1516.5145637598876     0.022606320408513642      0.11602729810761069       68.681835496646144       3.0495285620554298      0.98086943626784207     0.063110270361074194      0.03842964137041497      0.99857579524035123       2.5264344094276665       9.8953375002442403   2.1105392194080549e-09      0.03842964137041497       494.43031535983897       5.7934714303969193       5.7934714303969193       3021.4421846589812                                                 2516.3172479140976                                              10.694621385045021        20.914938385477114               391.01820159464398                          74.099512241818729                        8.39766313789913
                      11       1515.8990883760596     0.022631456316700459      0.11652455031584402       68.577204375549016       3.0508369163019879      0.98040738271658989     0.062704760471921153     0.044046151871618429      0.99887045103686778       2.5273489241744196       9.8321063112943605   2.1133023595472025e-09     0.044046151871618429       493.57229566953862       5.7934714303969193       5.7934714303969193       3020.2112338913253                                                 2515.5113059145924                                               11.12763230719384        20.991192430809349               391.00677444688091                          73.286430763487658                      8.2878980283607184
