#                 weight             minuslogpost                 omegabh2                 omegach2                       H0                     logA                       ns                      tau               mnu_sample                 A_planck               TT_tSZ_Amp               TT_kSZ_Amp                       As                      mnu                chi2__CMB            minuslogprior         minuslogprior__0                     chi2 chi2__sbt_spt_audit.likelihoods.candl_cobaya.CandlCobayaLikelihood chi2__sbt_spt_audit.likelihoods.desi_dr2_bao.DESIDR2BAOGaussian chi2__planck_2018_lowl.TT chi2__planck_2018_lowl.EE_sroll2 chi2__planck_2018_highl_plik.TT_lite_native chi2__planckpr4lensing.PlanckPR4Lensing
                       2       949.78939122975453     0.021889286526490442      0.11750917125639006       68.258054277059941       3.0483038258119355      0.96432630971505606     0.053566750804499151     0.011121665498333986       1.0081972791627087       1.3365778403359632       1.8588543075439934   2.1079559477688356e-09     0.011121665498333986       491.68230787856049       5.7934714303969193       5.7934714303969193       1887.9918395987152                                                 1385.7101633569137                                              10.599368363240684        23.154019326874391               390.23225605663481                          69.803644494199247                      8.4923880008520563
                       5       949.43184831680128     0.021889286526490442      0.11750917125639006       68.258054277059941       3.0483038258119355      0.96432630971505606     0.053566750804499151     0.011121665498333986       1.0081716677857644        1.383785654547578       1.8540024961707235   2.1079559477688356e-09     0.011121665498333986       491.68126417521853       5.7934714303969193       5.7934714303969193       1887.2767537728087                                                 1384.9961212343494                                              10.599368363240684        23.157761269900902               390.23225605663481                          69.803669154872281                      8.4875776938105396
                       1       949.99317080145511     0.021867229262740616       0.1176458412196308       68.194892693908571       3.0502432120388945      0.96379026680567015     0.053877726547213262     0.012572177096681465       1.0087177650012804       1.3913446043358351       1.8386895119434092   2.1120480553068651e-09     0.012572177096681465       491.67404602162082       5.7934714303969193       5.7934714303969193       1888.3993987421163                                                 1385.9185951897011                                              10.806757530794288        23.274580746494053               390.13769342189295                          69.866748464081738                      8.3950233891520778
                       3       949.37566297680507     0.021887620839578965      0.11769089466877926       68.186869573441399       3.0504110479251314      0.96280163932263696     0.053707615810907432     0.014503482348365414       1.0089530553574544       1.3787585159836018       1.8777824292341891   2.1124025625126857e-09     0.014503482348365414       491.31427749581127       5.7934714303969193       5.7934714303969193       1887.1643830928163                                                 1384.9458135468251                                               10.90429205017999        23.487082000278178                390.1248621728588                          69.307577786702822                      8.3947555359714485
                       2       949.31770274452913     0.021893416043717688       0.1174566643077346       68.311381977534722       3.0505550330124804      0.96362621001627957     0.054268971529703669    0.0084186236427589087       1.0087807343855331       1.3783085427688968       1.8631523116255919   2.1127067388780703e-09    0.0084186236427589087        491.4426609760535       5.7934714303969193       5.7934714303969193       1887.0484626282644                                                 1385.1515779602344                                              10.454223691976368        23.321973916662216               390.10336191161662                          69.573061108776301                      8.4442640389983445
                       2       949.13393158165695     0.021897818224182995      0.11749141701580816       68.322164393943808       3.0499023212125507      0.96385543226924941     0.054031757688027253    0.0064527218975169208        1.008621841681949       1.3810120609236409       1.8461258878745437   2.1113282002029854e-09    0.0064527218975169208       491.42654849935701       5.7934714303969193       5.7934714303969193         1886.68092030252                                                 1384.8074009091256                                              10.446970894037351        23.270883552541591                390.1153628972092                          69.589120241707377                      8.4511818078988785
                       3       949.27842016627721     0.021897818224182995      0.11749141701580816       68.322164393943808       3.0499023212125507      0.96385543226924941     0.054031757688027253    0.0064527218975169208       1.0091675606059873       1.3810120609236409       1.8461258878745437   2.1113282002029854e-09    0.0064527218975169208       491.71552566859771       5.7934714303969193       5.7934714303969193       1886.9698974717605                                                 1384.8074009091256                                              10.446970894037351        23.190316124713547               390.14043244341229                          69.827323755931786                      8.5574533445401055
                       4       948.50453667001864     0.021897818224182995      0.11749141701580816       68.322164393943808       3.0499023212125507      0.96385543226924941     0.054031757688027253    0.0064527218975169208       1.0092026527784683       1.3532755626038337       2.1569122843362392   2.1113282002029854e-09    0.0064527218975169208       491.75757777827914       5.7934714303969193       5.7934714303969193       1885.4221304792434                                                 1383.2175818069268                                              10.446970894037351        23.185168694989386               390.15131823162181                          69.856032869071214                      8.5650579825967021
                       2       948.55631479424255     0.021897818224182995      0.11749141701580816       68.322164393943808       3.0499023212125507      0.96385543226924941     0.054031757688027253    0.0064527218975169208       1.0092911151743402       1.2226563823636774       2.4406937817811132   2.1113282002029854e-09    0.0064527218975169208       491.84521956757351       5.7934714303969193       5.7934714303969193       1885.5256867276912                                                 1383.2334962660802                                              10.446970894037351        23.172210778989438               390.15279652352109                          69.935571491934496                      8.5846407731285037
                       6       947.52815615563543     0.021981989510675759       0.1174249124687094       68.323556832565956       3.0515071010519748      0.96223423828646404     0.054216681385493584     0.020965061918003024        1.009853781966936       1.1901918644547869       2.4332952937740933    2.114719137259062e-09     0.020965061918003024       490.81642134765696       5.7934714303969193       5.7934714303969193        1883.469369450477                                                 1382.1231929069695                                              10.529755195850097        23.571557775116503                390.0625047634561                          68.520288305028714                      8.6620705040556292
                       3        947.5934276345015     0.021984673732075317      0.11739574599797313       68.331302943393283       3.0514248503351018      0.96207720696679122     0.054113752731335202     0.021422882481108581       1.0099650478139992       1.1879997780010896       2.4401230857598128   2.1145452072470696e-09     0.021422882481108581        490.8556924427354       5.7934714303969193       5.7934714303969193       1883.5999124082091                                                 1382.2383558436147                                              10.505864121859167        23.601701818036418               390.06901759241595                          68.491410251252617                      8.6935627810304137
                       3       948.52686225457398     0.021984673732075317      0.11739574599797313       68.331302943393283       3.0514248503351018      0.96207720696679122     0.054113752731335202     0.021422882481108581       1.0100162345375541       1.1339014203387765       2.7811580179608093   2.1145452072470696e-09     0.021422882481108581       490.90703354645404       5.7934714303969193       5.7934714303969193       1885.4667816483541                                                 1384.0538839800408                                              10.505864121859167        23.593803296414762               390.06901759241595                          68.536990556119733                       8.707222101503616
                       2       950.20106742120743     0.021967865252396707      0.11715443517080056       68.216915047335789       3.0526349492842288      0.96498844371892623     0.055483964604973034     0.038040254084516299       1.0091517496643929        1.151105459926973       2.6160047679542924   2.1171055650109245e-09     0.038040254084516299       491.20985834936016       5.7934714303969193       5.7934714303969193        1888.815191981621                                                 1386.8770154622921                                              10.728318169968782        23.024917435997565               390.05692639709173                          69.342521905063975                      8.7854926112069034
                       1       951.06093921040747     0.021967865252396707      0.11715443517080056       68.216915047335789       3.0526349492842288      0.96498844371892623     0.055483964604973034     0.038040254084516299       1.0092298839028164       1.0301605125372195       2.8207551014120722   2.1171055650109245e-09     0.038040254084516299       491.26633854250628       5.7934714303969193       5.7934714303969193        1890.534935560021                                                  1388.540278847546                                              10.728318169968782        23.013756033441496               390.05692639709173                          69.387384643348739                      8.8082714686243104
                       4       951.21857693238383     0.022084271289201832      0.11699319214756791        68.51432668190354       3.0514597629275384      0.96794776891164613     0.056686170871798273     0.012477855881002788       1.0074129910126206       1.0191226124621366       2.5959261060754759   2.1146190327907919e-09     0.012477855881002788       490.94065574199732       5.7934714303969193       5.7934714303969193       1890.8502110039738                                                 1389.5987883873668                                              10.310766874609717        22.528620343321222               390.10355803085275                          69.715914842551157                      8.5925625252721876
                       2        950.4586057228048     0.022084271289201832      0.11699319214756791        68.51432668190354       3.0514597629275384      0.96794776891164613     0.056686170871798273     0.012477855881002788       1.0073861200210754       1.0407497790608204       2.3611478004770654   2.1146190327907919e-09     0.012477855881002788       490.90568081098934       5.7934714303969193       5.7934714303969193       1889.3302685848157                                                 1388.1138208992165                                              10.310766874609717        22.532185496167074               390.09700988376284                          69.690336746782393                      8.5861486842770489
                       3        950.2854640107646     0.022074733873955598      0.11698386511035998       68.520318500413453       3.0521975142232991      0.96796428492558917     0.057008586608391157     0.012110315209595376         1.00747013369872       1.0433785223046916       2.3662085086543172   2.1161796713330421e-09     0.012110315209595376       490.92312009180023       5.7934714303969193       5.7934714303969193       1888.9839851607353                                                 1387.7579553560233                                              10.302909712911687        22.535193266531394               390.16019074076905                          69.665459373252176                      8.5622767112475717
                       1       950.26099727012058     0.022074733873955598      0.11698386511035998       68.520318500413453       3.0521975142232991      0.96796428492558917     0.057008586608391157     0.012110315209595376        1.007420899327155       1.0433785223046916       2.3662085086543172   2.1161796713330421e-09     0.012110315209595376        490.8741866105126       5.7934714303969193       5.7934714303969193       1888.9350516794473                                                 1387.7579553560233                                              10.302909712911687        22.541735202496625               390.16019074076905                          69.621183447445304                      8.5510772198016074
                       2       947.78431661119157     0.022155881637918744      0.11699716575381612       68.558133556120083       3.0473381654659688      0.96883640789507153     0.056762559731851604     0.021390885608624555       1.0048391911151637       1.0155780754527037       2.4941978202113515   2.1059213608171051e-09     0.021390885608624555       490.41919678285154       5.7934714303969193       5.7934714303969193       1883.9816903615892                                                 1383.2592052542539                                              10.303288324484001        22.434231879973993               390.09526895640278                          68.996690977786159                      8.8930049686885884
                       6       947.79359342539533     0.022155881637918744      0.11699716575381612       68.558133556120083       3.0473381654659688      0.96883640789507153     0.056762559731851604     0.021390885608624555       1.0034318697364475       1.0155780754527037       2.4941978202113515   2.1059213608171051e-09     0.021390885608624555       490.43775041125906       5.7934714303969193       5.7934714303969193       1884.0002439899968                                                 1383.2592052542539                                              10.303288324484001        22.621320711942701               390.06937531412001                          69.227583110429066                      8.5194712747672678
                       4       947.65074129035736     0.022152773685876807       0.1168958850691257       68.613638978635436       3.0470311814770281      0.96828089115428018     0.056325248731231778     0.020562976602395096       1.0039337426922925       1.0135422493923576       2.5313533165355264   2.1052749758973529e-09     0.020562976602395096       490.44585230664279       5.7934714303969193       5.7934714303969193       1883.7145397199208                                                 1382.9602106480875                                              10.308476765190793        22.706749013969613               390.10735395282279                          69.005493800838593                      8.6262555390118116
                       3       946.44852272845787     0.022152773685876807       0.1168958850691257       68.613638978635436       3.0470311814770281      0.96828089115428018     0.056325248731231778     0.020562976602395096       1.0037163627087702       1.3364320573824995        1.849795802758897   2.1052749758973529e-09     0.020562976602395096        490.6819113015581       5.7934714303969193       5.7934714303969193       1881.3101025961219                                                  1380.319714529373                                              10.308476765190793        22.736619941235631               390.09779347112249                          69.273586209327291                      8.5739116798727171
                       2       945.38998268774208     0.022258548968787303      0.11795702170988659       68.545964269162795       3.0562846223567246      0.96256287705927723     0.058192477969567641    0.0095329431984095634       1.0054600887139351       1.2993740953203241       1.8560823294479514   2.1248464253956015e-09    0.0095329431984095634       489.96876974928171       5.7934714303969193       5.7934714303969193       1879.1930225146903                                                 1378.6524381420288                                              10.571814623379941         24.11486251608585               390.10627202612824                          67.495232921626595                      8.2524022854409793
                       6       945.41348162525219     0.022247764495058858      0.11801723222769568       68.519094607197928       3.0567746553863429      0.96272147314300549     0.058477344123241924    0.0085918003142473852       1.0053511416789023       1.3031427922705223       1.8503389165505855   2.1258879254907937e-09    0.0085918003142473852       489.97398989780601       5.7934714303969193       5.7934714303969193       1879.2400203897105                                                 1378.6127624839055                                              10.653268007999065        24.085743840333123               390.16976699972122                          67.442114203140136                      8.2763648546115096
                       6       945.29396441005429     0.022247764495058858      0.11801723222769568       68.519094607197928       3.0567746553863429      0.96272147314300549     0.058477344123241924    0.0085918003142473852       1.0053852008296655       1.2732033296258509       2.1271209474391801   2.1258879254907937e-09    0.0085918003142473852       489.94206072713752       5.7934714303969193       5.7934714303969193       1879.0009859593147                                                 1378.4056572241782                                              10.653268007999065        24.080150517028017               390.16976699972122                          67.418142321883167                      8.2740008885051175
                       2        945.1222228624132     0.022207113404518891      0.11789983080264065       68.430985813403524       3.0527171087145875      0.96379020716447639     0.056746613875119388     0.015775208958777601       1.0051281834712003       1.2884728222546762       2.1227896586276609   2.1172795123437642e-09     0.015775208958777601       489.72746264523187       5.7934714303969193       5.7934714303969193       1878.6575028640325                                                 1378.1034841718274                                              10.826556046973158        23.735502774705992                390.0513282768988                          67.690130507342275                      8.2505010862847801
                       1       945.01231391429917     0.022207113404518891      0.11789983080264065       68.430985813403524       3.0527171087145875      0.96379020716447639     0.056746613875119388     0.015775208958777601       1.0053791899882081       1.2884728222546762       2.1227896586276609   2.1172795123437642e-09     0.015775208958777601       489.50764474900387       5.7934714303969193       5.7934714303969193       1878.4376849678044                                                 1378.1034841718274                                              10.826556046973158        23.695993484231508               390.04958819046954                          67.508500349451694                      8.2535627248511378
                       3       945.10561267188393     0.022273471991807254      0.11781072198419978        68.59946417620759       3.0491962407334472      0.96125979810396056     0.053845185316817402    0.0054754790521266399       1.0068795523597531       1.2633261376313087       2.1601287990822144   2.1098379587529531e-09    0.0054754790521266399       490.23366149065959       5.7934714303969193       5.7934714303969193        1878.624282482974                                                 1377.9362980200767                                              10.454322972237749        24.173493779490286               390.05462450316594                           67.68008506767147                      8.3254581403318504
