#                 weight             minuslogpost                 omegabh2                 omegach2                       H0                     logA                       ns                      tau                      mnu                       As            minuslogprior         minuslogprior__0                     chi2 chi2__sbt_spt_audit.likelihoods.candl_cobaya.CandlCobayaLikelihood chi2__sbt_spt_audit.likelihoods.desi_dr2_bao.DESIDR2BAOGaussian
                       2       19516.678327572987      0.02208764137066736      0.11607231663267648        68.75663896818935       3.0445423985560258       0.9783778764084573     0.059176624163102882       6.0020629768453961   2.1000419181668255e-09       3.4908863374028734       3.4908863374028734       39026.374882471166                                                 38746.707755815238                                              279.66712665593036
                       1       19302.294231321495      0.02208764137066736      0.11607231663267648        68.75663896818935       3.0354216924165369      0.99097447092287871     0.059176624163102882       6.0020629768453961   2.0809751363834136e-09       3.4908863374028734       3.4908863374028734       38597.606689968183                                                 38317.939563312255                                              279.66712665593036
                       1        18999.45477296129     0.021873439044221579      0.11595873051954855       67.818816776455051       3.0251224674210171       1.0018094554046979     0.056788799856260459       6.1161307159103524   2.0596526960284942e-09       3.4908863374028734       3.4908863374028734       37991.927773247771                                                 37724.037420197172                                              267.89035305060236
                       2       18659.029101517615     0.022507482878336881      0.11659080088274773        68.11418926982121       3.0707678526958335      0.98009813287234604     0.072356200333072052       6.1414540143339957   2.1558450035199346e-09       3.4908863374028734       3.4908863374028734       37311.076430360423                                                 37054.847614356222                                              256.22881600420135
                       2       18586.135413707325     0.022507482878336881      0.11659080088274773        68.11418926982121       3.0634585282064628       0.9850762322528821     0.072356200333072052       6.1414540143339957   2.1401446821129731e-09       3.4908863374028734       3.4908863374028734       37165.289054739842                                                 36909.060238735641                                              256.22881600420135
                       2        18294.76641080893     0.023122901500491726      0.11692487800983674       68.495916834620445       3.1299600522120334      0.96408823598387494     0.099023301590078522       6.1649316928912867   2.2873065795807295e-09       3.4908863374028734       3.4908863374028734       36582.551048943053                                                 36336.046779752942                                              246.50426919011142
                       3        18237.92999225438     0.023122901500491726      0.11692487800983674       68.495916834620445       3.1267633738579628       0.9677752656677574     0.099023301590078522       6.1649316928912867   2.2800064704156356e-09       3.4908863374028734       3.4908863374028734       36468.878211833951                                                 36222.373942643841                                              246.50426919011142
                       2       18110.126053643191     0.023101051470747848      0.11637919031475907       68.288033540315183       3.1409921545471415      0.96627228718012237      0.10690365510412771       6.1751766433713389   2.3126800840428439e-09       3.4908863374028734       3.4908863374028734       36213.270334611574                                                 35970.131165286817                                              243.13916932476019
                       3       17916.945487279711     0.022846324753644121      0.11262240947954009       68.024022799757546        3.126817706418997      0.98708972999348887      0.10850540450159493       6.3413168174713643   2.2801303523717297e-09       3.4908863374028734       3.4908863374028734       35826.909201884613                                                  35582.81857118888                                              244.09063069573057
                       1       17422.938221767188     0.023161343300969105      0.11387178096360384       67.215310060722871       3.1245345289927489        0.972098604266455      0.10206927803066342       6.4005779107386482    2.274930348746662e-09       3.4908863374028734       3.4908863374028734       34838.894670859569                                                 34600.481539166401                                              238.41313169316629
                       1       17282.305964740714     0.023161343300969105      0.11387178096360384       67.215310060722871       3.1177633709527859      0.98165523288136336      0.10206927803066342       6.4005779107386482    2.259578469480862e-09       3.4908863374028734       3.4908863374028734       34557.630156806619                                                 34319.217025113452                                              238.41313169316629
                       1       17272.707531601525     0.023122937100045045      0.11391070638014604       67.139928622861817       3.1189871090621568       0.9821099449629711      0.10295275983216762       6.3970913171742705   2.2623452943543148e-09       3.4908863374028734       3.4908863374028734       34538.433290528243                                                 34299.281165546956                                              239.15212498128804
                       4       17166.058002902206     0.023122937100045045      0.11391070638014604       67.139928622861817       3.1102152783101245      0.99001169488709106      0.10295275983216762       6.3970913171742705   2.2425871684882309e-09       3.4908863374028734       3.4908863374028734       34325.134233129604                                                 34085.982108148317                                              239.15212498128804
                       1       17069.645509395283     0.022940836132480921      0.11324745359808391       66.769132632052077        3.105240246183802      0.99857722045856789      0.10346190434759328       6.4505427178257104   2.2314579323874109e-09       3.4908863374028734       3.4908863374028734       34132.309246115758                                                 33888.821567676488                                              243.48767843927084
                       1       16532.303357080869     0.023151812183481928      0.11711912345859617       65.429609633895723       3.1448718541479725       0.9816985822992913      0.11536183860460683       6.4801662010537626   2.3216700158828206e-09       3.4908863374028734       3.4908863374028734       33057.624941486931                                                 32770.393987577154                                              287.23095390977994
                       1       16391.541971734317     0.023277216139900324      0.11679553550126259       65.325956755835819       3.1572575415380855      0.97435751458806985      0.12039912697772573       6.4815195456334491   2.3506043105986936e-09       3.4908863374028734       3.4908863374028734       32776.102170793827                                                 32486.067883126576                                              290.03428766724915
                       1       16375.552517498138     0.022990663039037167      0.11733002079519367       64.811802296641929       3.1465710549800852      0.97992105294645659      0.11690729114332515       6.4628591500626209   2.3256183530646144e-09       3.4908863374028734       3.4908863374028734       32744.123262321471                                                 32435.052556858816                                              309.07070546265356
                       5        16351.33321859539     0.023005505884367075      0.11736997902427565        64.76955269875279       3.1457079102993872      0.97932760859424639      0.11625918108833991       6.4672462472325636   2.3236118740192626e-09       3.4908863374028734       3.4908863374028734       32695.684664515975                                                 32384.199947996363                                              311.48471651961137
                       1       16343.932330036498     0.022998370471890791      0.11760427723972397       64.716647530934253       3.1477032413789847      0.97896717457204785      0.11698033604066144       6.4639408130422948   2.3282528776380086e-09       3.4908863374028734       3.4908863374028734       32680.882887398191                                                 32366.092511987721                                              314.79037541046955
                       4       16342.476990914987     0.022699362363476399      0.11617336885526444       64.414344933124013       3.1125815028393364      0.98995744306256461      0.10431874370703718        6.489403304459513   2.2478999163535142e-09       3.4908863374028734       3.4908863374028734        32677.97220915517                                                 32360.333788809392                                              317.63842034577891
                       2       16311.828492200146       0.0227234127313224      0.11750248345003719       64.135764438491464       3.0891177095765801      0.98710600886404221     0.090335958235477964       6.4798933508261483   2.1957696361694174e-09       3.4908863374028734       3.4908863374028734       32616.675211725487                                                 32278.394125325151                                              338.28108640033622
                       1       16281.560690701759     0.022800055221613394      0.11582743295325487       64.387787338473302       3.0814697020621158      0.99094542623448234     0.088481389825564583       6.5405475547263885   2.1790404275921025e-09       3.4908863374028734       3.4908863374028734       32556.139608728714                                                  32235.02122334488                                              321.11838538383199
                       2       16274.620573489772     0.022800055221613394      0.11582743295325487       64.387787338473302       3.0808913161140552      0.99150187386447342     0.088481389825564583       6.5405475547263885   2.1777804656357969e-09       3.4908863374028734       3.4908863374028734        32542.25937430474                                                 32221.140988920906                                              321.11838538383199
                       1       16201.181692313976     0.022976334477873232        0.116091836273563       64.439221674098022       3.0890406644430457      0.98492714792367531     0.090350953374473519       6.5437965163619207   2.1956004693214133e-09       3.4908863374028734       3.4908863374028734       32395.381611953148                                                 32072.405543548906                                              322.97606840424146
                       4       15640.511214902968     0.022733493547199106      0.11715861345756287       62.733494356162439       3.1097888198900492      0.98866868216753057      0.10161336536991193       6.6541135755899319   2.2416310022045486e-09       3.4908863374028734       3.4908863374028734       31274.040657131132                                                 30839.474656942853                                              434.56600018827965
                       2       15589.157626716826      0.02282976670925534      0.11563508143111907       62.969184908110428       3.1170572232051783      0.98800775974014721      0.10648386241878424       6.6839857017709319    2.257983436464861e-09       3.4908863374028734       3.4908863374028734       31171.333480758847                                                 30759.666466425118                                              411.66701433372793
                       1       15522.937872787325     0.022752126802085871      0.11761165086318787       62.507318597154232       3.1501521380474706      0.98206833641222591      0.12058766143262525       6.6273441086932561   2.3339615154325513e-09       3.4908863374028734       3.4908863374028734       31038.893972899845                                                 30584.520163672878                                              454.37380922696792
                       1       15429.140497672084     0.022686949454055843      0.11744427034044513       62.238558440913422       3.1558834541641674      0.98579201889214085      0.12454630376097456       6.6678339527452737   2.3473765929852904e-09       3.4908863374028734       3.4908863374028734       30851.299222669364                                                 30376.031968182873                                              475.26725448649006
                       2       15382.610088036532     0.022651355946492136      0.11754142419648421       62.055312493117469       3.1505832247104064      0.98631898304538412      0.12205921851725991        6.675688510475986   2.3349678720115242e-09       3.4908863374028734       3.4908863374028734        30758.23840339826                                                 30267.475429071594                                              490.76297432666735
                       2       15284.493259993218     0.022651355946492136      0.11754142419648421       62.055312493117469       3.1536695830747137      0.99211733225873833      0.12205921851725991        6.675688510475986   2.3421855520779195e-09       3.4908863374028734       3.4908863374028734       30562.004747311632                                                 30071.241772984966                                              490.76297432666735
                       2       15273.828780722701     0.022651355946492136      0.11754142419648421       62.055312493117469       3.1441161373496258      0.99514182453948175      0.12205921851725991        6.675688510475986   2.3199161536466472e-09       3.4908863374028734       3.4908863374028734       30540.675788770597                                                 30049.912814443931                                              490.76297432666735
                       6       15217.543109653885     0.022826215440933422       0.1152186274192709       62.472087453090154       3.1441184103407096      0.99491491135249799      0.12378176958396404       6.7313083581098585   2.3199214268013723e-09       3.4908863374028734       3.4908863374028734       30428.104446632966                                                 29979.008503423691                                              449.09594320927596
                       1       15123.031594566861     0.022880646380150152      0.11643971295748794       62.085220544122436       3.1172611266474197      0.98846775123268116      0.10764680373105037       6.7134867733277916   2.2584438940029231e-09       3.4908863374028734       3.4908863374028734       30239.081416458917                                                 29747.291858388387                                               491.7895580705283
                       1       15051.374589440931     0.022880646380150152      0.11643971295748794       62.085220544122436       3.1120300549023767      0.99469686821763359      0.10764680373105037       6.7134867733277916   2.2466606583066999e-09       3.4908863374028734       3.4908863374028734       30095.767406207058                                                 29603.977848136528                                               491.7895580705283
                       2       14830.537399076567     0.022864321681632577      0.11603983247818843       61.596284031127546       3.1184141843073125      0.99547305017334264      0.11160099049572296       6.7737704938472136   2.2610495119595233e-09       3.4908863374028734       3.4908863374028734       29654.093025478331                                                 29116.719411888585                                              537.37361358974351
                       2        14570.80576767974     0.023477570147488584      0.11875314289807132       61.441842946540881       3.1559027910585016      0.96700148943138919      0.11985354526907208       6.7467126149282963   2.3474219843972949e-09       3.4908863374028734       3.4908863374028734       29134.629762684675                                                 28529.098321111596                                              605.53144157307815
                       1       14447.526350693559     0.023812409360407655      0.11725987208933129       61.790660196912754       3.1776299318483772      0.96265327161499559      0.12994606136782266       6.8294941738630293   2.3989828591984966e-09       3.4908863374028734       3.4908863374028734       28888.070928712314                                                 28308.977936806335                                              579.09299190597687
                       2       14439.047818813691     0.023673332822022736      0.11619569951161156       61.773551076568005       3.1905433182585017       0.9689191325443498      0.13943370895674709       6.8500848188083561   2.4301627374751908e-09       3.4908863374028734       3.4908863374028734       28871.113864952578                                                 28304.915726430387                                              566.19813852219272
                       1       14348.655163297008     0.023673332822022736      0.11619569951161156       61.773551076568005        3.182608700831739      0.97780619785697298      0.13943370895674709       6.8500848188083561   2.4109566232180125e-09       3.4908863374028734       3.4908863374028734       28690.328553919211                                                  28124.13041539702                                              566.19813852219272
                       2       14158.149822358662      0.02363879029974772      0.11766583534940657       61.072737893510165       3.1952263684149456      0.97475673603072766      0.14387708169177293       6.8661709579258536   2.4415700010090688e-09       3.4908863374028734       3.4908863374028734        28309.31787204252                                                 27653.550479515601                                              655.76739252691755
                       1       14147.116867969356      0.02363879029974772      0.11766583534940657       61.072737893510165       3.1939758534201319      0.97596650159330745      0.14387708169177293       6.8661709579258536   2.4385186893650356e-09       3.4908863374028734       3.4908863374028734       28287.251963263909                                                  27631.48457073699                                              655.76739252691755
                       1       14148.079555083235     0.023637335595103698      0.11767389184253695         61.0727688016309       3.1941142929364217      0.97601123751308883      0.14395128202755303       6.8659080679701407   2.4388563000816482e-09       3.4908863374028734       3.4908863374028734       28289.177337491667                                                 27633.451040043157                                              655.72629744850929
                       3       14037.957092483504     0.023560589778575818      0.11771092165268535       60.711299234517959       3.2059841075773861       0.9773983591506743      0.15058514785898425       6.8886604753208918   2.4679775623792071e-09       3.4908863374028734       3.4908863374028734       28068.932412292204                                                 27372.162441620145                                              696.76997067206048
                       2       13943.505134368181     0.023795045405832001      0.11792842873357026       60.732096958873406        3.215999425585788      0.96907083753991408      0.15287443339821338       6.9036582737406551   2.4928193339761399e-09       3.4908863374028734       3.4908863374028734       27880.028496061557                                                 27167.478785163596                                              712.54971089796084
                       2       13846.805389943251      0.02377297266349044      0.11864060917785092       60.348586082529167       3.2107971988478892      0.96736965912131179      0.14933570026568285       6.9096746689834321   2.4798847959547264e-09       3.4908863374028734       3.4908863374028734       27686.629007211697                                                 26918.238498729228                                              768.39050848247041
                       6       13768.640354805588     0.024063204336873346       0.1183460179305303       60.514213362244426        3.210849548315037      0.95859453369134151        0.146816019561404       6.9324757821483844   2.4800146200004627e-09       3.4908863374028734       3.4908863374028734       27530.298936936371                                                 26764.729655381787                                              765.56928155458354
                       1       13703.467165565793     0.024063204336873346       0.1183460179305303       60.514213362244426       3.2046685490820419      0.96567189190324754        0.146816019561404       6.9324757821483844   2.4647329282516513e-09       3.4908863374028734       3.4908863374028734       27399.952558456782                                                 26634.383276902197                                              765.56928155458354
                       1       13638.315403163968     0.024103162594151142      0.11891876813118105       60.310191641249268        3.206100327688393      0.96274999316132392       0.1462371277916493       6.9362118301016276   2.4682644076737422e-09       3.4908863374028734       3.4908863374028734       27269.649033653131                                                 26467.372477531051                                              802.27655612208093
                       1       13417.377539452413        0.024093253037853      0.11745350720000616         59.8862866573064         3.20323929186983      0.96400355844297259      0.14689305050061202       7.0092504135432163   2.4612127071876954e-09       3.4908863374028734       3.4908863374028734       26827.773306230021                                                  25973.76279691423                                              854.01050931579141
                       2       13319.557094205877     0.024074133389631401      0.11626137160101972       59.771170800483944        3.213014860758145      0.97079367660015403      0.15419790655486049       7.0949652502787695   2.4853904445857588e-09       3.4908863374028734       3.4908863374028734       26632.132415736949                                                 25768.138732630738                                              863.99368310621082
                       3       13301.031748892836     0.024624771540547735       0.1154804060770059       60.441096500971611       3.2283653545250619      0.95308886990878994      0.15726263322936446       7.0961769667418366   2.5238367450145531e-09       3.4908863374028734       3.4908863374028734       26595.081725110867                                                 25793.389445480341                                              801.69227963052754
                       4       13255.823284474689     0.024697666408881411      0.11559793938006165       60.376921827119794        3.229253825476019      0.95046481133308369      0.15678858383976632       7.1070203898046653   2.5260800970764551e-09       3.4908863374028734       3.4908863374028734       26504.664796274574                                                 25686.316728500846                                              818.34806777372671
                       3       13222.494412025424     0.024438374199275276      0.11643179449114341       59.901123051388119       3.2279667596552994      0.95902655608214826      0.15777898026800077       7.1206625901133362   2.5228309571001403e-09       3.4908863374028734       3.4908863374028734       26438.007051376044                                                 25560.724461231337                                               877.2825901447078
                       1       13105.912776902504     0.024438374199275276      0.11643179449114341       59.901123051388119       3.2184568917437866        0.972346443020629      0.15777898026800077       7.1206625901133362   2.4989528865395356e-09       3.4908863374028734       3.4908863374028734       26204.843781130203                                                 25327.561190985496                                               877.2825901447078
                       1       13008.943072352018     0.024438374199275276      0.11643179449114341       59.901123051388119       3.1898140342077368      0.99209817834287095      0.15777898026800077       7.1206625901133362   2.4283911046402935e-09       3.4908863374028734       3.4908863374028734       26010.904372029232                                                 25133.621781884525                                               877.2825901447078
                       2       12979.434196869699     0.024651748883125379       0.1229646171413062       59.057361659845519       3.1554630443331164       0.9625360730466419      0.12758409255488859       6.9289095809053549   2.3463899402022175e-09       3.4908863374028734       3.4908863374028734       25951.886621064594                                                  24864.22964893153                                               1087.656972133065
                       4       12758.677210080506     0.025057997329885475      0.12347854778333441       58.768065871696095       3.1806608410411439      0.94658499127278439      0.13519200747044635       6.9758060655456129   2.4062649885614271e-09       3.4908863374028734       3.4908863374028734       25510.372647486209                                                 24320.656480059955                                              1189.7161674262529
                       4       12691.661061592436     0.025048845486353184      0.12046696312344791        58.97781077981594       3.1835604414901284      0.95408104026578389      0.14134243812868169       7.0605792535447103   2.4132523209430857e-09       3.4908863374028734       3.4908863374028734       25376.340350510069                                                 24252.536026136517                                              1123.8043243735526
                       3       12627.488611247418     0.025048845486353184      0.12046696312344791        58.97781077981594       3.1805057577027669      0.96046990743185212      0.14134243812868169       7.0605792535447103    2.405891845888835e-09       3.4908863374028734       3.4908863374028734       25247.995449820031                                                 24124.191125446479                                              1123.8043243735526
                       1       12578.259774421989     0.024936880278613894      0.12066981518835254       58.668723732310838       3.1703930809763605      0.96386131576983025      0.13712487465939083       7.0750829596849778      2.3816844465144e-09       3.4908863374028734       3.4908863374028734       25149.537776169174                                                 23976.717429898887                                              1172.8203462702861
                       1       12504.377041345882     0.024936880278613894      0.12066981518835254       58.668723732310838       3.1500855029918595      0.98033782296902827      0.13712487465939083       7.0750829596849778   2.3338059969587247e-09       3.4908863374028734       3.4908863374028734       25001.772310016961                                                 23828.951963746673                                              1172.8203462702861
                       3       12318.791162649901     0.025429483361786728      0.11876292136772763         58.7529455545274       3.1505654008715624      0.96426683500842769      0.13473391473157684       7.1437286610226467   2.3349262542913625e-09       3.4908863374028734       3.4908863374028734       24630.600552624997                                                  23438.24697874975                                              1192.3535738752466
                       1       12184.078710943497     0.025491668439474844      0.11908296009359612       58.349505476768783       3.1643439632080406      0.95907689357676751      0.14032776180975162       7.1631642645982572   2.3673208441707113e-09       3.4908863374028734       3.4908863374028734       24361.175649212189                                                 23078.023407556517                                              1283.1522416556727
                       1       12150.078357355684     0.025749053042280305      0.12052954315439181       58.261059456806386       3.1742769903096706      0.94745268245106251      0.14050697910479473       7.1519324055192071   2.3909526798033567e-09       3.4908863374028734       3.4908863374028734       24293.174942036563                                                 22947.880176664257                                              1345.2947653723045
                       2       12112.602005080384     0.026295300074432836      0.11735886836328997       58.975555235289079       3.1736238669828638      0.93772661760267184      0.13941931777159558       7.2497256808436257   2.3893916026783209e-09       3.4908863374028734       3.4908863374028734       24218.222237485963                                                 22985.116232243723                                              1233.1060052422397
